5.469379394531250000e+03
5.464822265625000000e+03
5.460267089843750000e+03
5.455709960937500000e+03
5.451154296875000000e+03
5.446597656250000000e+03
5.442041992187500000e+03
5.437487304687500000e+03
5.432930175781250000e+03
5.428375976562500000e+03
5.423818847656250000e+03
5.419263671875000000e+03
5.414706542968750000e+03
5.410151367187500000e+03
5.405594726562500000e+03
5.401039062500000000e+03
5.396482910156250000e+03
5.391926757812500000e+03
5.387369628906250000e+03
5.382814941406250000e+03
5.378258300781250000e+03
5.373703125000000000e+03
5.369147460937500000e+03
5.364592285156250000e+03
5.360035156250000000e+03
5.355479003906250000e+03
5.350923828125000000e+03
5.346367187500000000e+03
5.323587402343750000e+03
5.319031250000000000e+03
5.314476074218750000e+03
5.309920410156250000e+03
5.305364257812500000e+03
5.300807128906250000e+03
5.296253417968750000e+03
5.291694335937500000e+03
5.287139160156250000e+03
5.282584472656250000e+03
5.278028808593750000e+03
5.273471191406250000e+03
5.268917480468750000e+03
5.264360839843750000e+03
5.259803222656250000e+03
5.255249511718750000e+03
5.250690429687500000e+03
5.246136230468750000e+03
5.241579589843750000e+03
5.237027832031250000e+03
5.232468261718750000e+03
5.227913574218750000e+03
5.223356933593750000e+03
5.218803710937500000e+03
5.214243652343750000e+03
5.209689941406250000e+03
5.205131347656250000e+03
5.200577636718750000e+03
5.177795410156250000e+03
5.173240722656250000e+03
5.168686035156250000e+03
5.164128906250000000e+03
5.159571777343750000e+03
5.155016113281250000e+03
5.150461914062500000e+03
5.145904785156250000e+03
5.141351074218750000e+03
5.136792968750000000e+03
5.132236816406250000e+03
5.127679199218750000e+03
5.123125976562500000e+03
5.118568847656250000e+03
5.114012207031250000e+03
5.109457031250000000e+03
5.104898925781250000e+03
5.100346191406250000e+03
5.095790039062500000e+03
5.091235351562500000e+03
5.086676269531250000e+03
5.082121093750000000e+03
5.077566406250000000e+03
5.073012695312500000e+03
5.068452148437500000e+03
5.063897460937500000e+03
5.059342285156250000e+03
5.054786132812500000e+03
5.032007812500000000e+03
5.027449707031250000e+03
5.022894531250000000e+03
5.018339843750000000e+03
5.013782714843750000e+03
5.009226562500000000e+03
5.004669433593750000e+03
5.000115722656250000e+03
4.995559570312500000e+03
4.991003906250000000e+03
4.986444824218750000e+03
4.981890625000000000e+03
4.977333496093750000e+03
4.972777832031250000e+03
4.968221679687500000e+03
4.963666015625000000e+03
4.959111816406250000e+03
4.954554687500000000e+03
4.949996582031250000e+03
4.945441894531250000e+03
4.940886718750000000e+03
4.936327636718750000e+03
4.931779296875000000e+03
4.927218750000000000e+03
4.922665039062500000e+03
4.918108398437500000e+03
4.913551757812500000e+03
4.908995117187500000e+03
4.886215820312500000e+03
4.881659179687500000e+03
4.877102050781250000e+03
4.872548828125000000e+03
4.867991210937500000e+03
4.863436523437500000e+03
4.858879882812500000e+03
4.854324218750000000e+03
4.849766601562500000e+03
4.845211914062500000e+03
4.840656250000000000e+03
4.836101562500000000e+03
4.831540039062500000e+03
4.826990234375000000e+03
4.822430664062500000e+03
4.817874023437500000e+03
4.813322265625000000e+03
4.808763671875000000e+03
4.804208496093750000e+03
4.799654785156250000e+03
4.795097656250000000e+03
4.790541503906250000e+03
4.785982421875000000e+03
4.781427734375000000e+03
4.776870117187500000e+03
4.772315429687500000e+03
4.767759765625000000e+03
4.763206054687500000e+03
4.740426757812500000e+03
4.735870117187500000e+03
4.731312988281250000e+03
4.726755859375000000e+03
4.722200195312500000e+03
4.717645019531250000e+03
4.713085937500000000e+03
4.708533203125000000e+03
4.703978027343750000e+03
4.699418945312500000e+03
4.694867187500000000e+03
4.690308105468750000e+03
4.685750976562500000e+03
4.681196289062500000e+03
4.676641113281250000e+03
4.672084960937500000e+03
4.667530273437500000e+03
4.662975097656250000e+03
4.658416015625000000e+03
4.653864746093750000e+03
4.649307128906250000e+03
4.644752441406250000e+03
4.640195312500000000e+03
4.635640136718750000e+03
4.631081542968750000e+03
4.626525390625000000e+03
4.621970214843750000e+03
4.617413574218750000e+03
4.594631347656250000e+03
4.590080566406250000e+03
4.585523925781250000e+03
4.580968261718750000e+03
4.576410644531250000e+03
4.571855957031250000e+03
4.567296386718750000e+03
4.562741699218750000e+03
4.558189941406250000e+03
4.553628417968750000e+03
4.549073730468750000e+03
4.544516601562500000e+03
4.539963378906250000e+03
4.535407714843750000e+03
4.530848632812500000e+03
4.526297851562500000e+03
4.521742675781250000e+03
4.517182128906250000e+03
4.512626464843750000e+03
4.508069824218750000e+03
4.503516113281250000e+03
4.498958496093750000e+03
4.494405761718750000e+03
4.489845214843750000e+03
4.485291992187500000e+03
4.480731933593750000e+03
4.476181152343750000e+03
4.471621582031250000e+03
4.448844238281250000e+03
4.444291503906250000e+03
4.439730957031250000e+03
4.435178222656250000e+03
4.430617187500000000e+03
4.426068359375000000e+03
4.421507324218750000e+03
4.416950683593750000e+03
4.412398437500000000e+03
4.407837402343750000e+03
4.403284667968750000e+03
4.398729492187500000e+03
4.394170410156250000e+03
4.389615722656250000e+03
4.385056152343750000e+03
4.380502441406250000e+03
4.375947753906250000e+03
4.371392578125000000e+03
4.366835449218750000e+03
4.362279785156250000e+03
4.357722167968750000e+03
4.353165527343750000e+03
4.348608886718750000e+03
4.344062500000000000e+03
4.339501953125000000e+03
4.334944824218750000e+03
4.330387695312500000e+03
4.325834960937500000e+03
4.303050781250000000e+03
4.298489746093750000e+03
4.293942871093750000e+03
4.289384765625000000e+03
4.284830078125000000e+03
4.280266601562500000e+03
4.275715820312500000e+03
4.271163085937500000e+03
4.266606933593750000e+03
4.262050292968750000e+03
4.257490722656250000e+03
4.252936035156250000e+03
4.248379882812500000e+03
4.243822753906250000e+03
4.239268066406250000e+03
4.234713378906250000e+03
4.230153808593750000e+03
4.225602539062500000e+03
4.221045410156250000e+03
4.216490234375000000e+03
4.211935546875000000e+03
4.207378417968750000e+03
4.202819335937500000e+03
4.198265625000000000e+03
4.193712402343750000e+03
4.189151367187500000e+03
4.184592285156250000e+03
4.180037109375000000e+03
4.157263671875000000e+03
4.152706542968750000e+03
4.148150390625000000e+03
4.143594726562500000e+03
4.139036621093750000e+03
4.134482421875000000e+03
4.129929687500000000e+03
4.125368652343750000e+03
4.120813476562500000e+03
4.116254394531250000e+03
4.111701660156250000e+03
4.107142578125000000e+03
4.102588867187500000e+03
4.098031738281250000e+03
4.093479003906250000e+03
4.088919677734375000e+03
4.084360595703125000e+03
4.079809814453125000e+03
4.075258056640625000e+03
4.070700927734375000e+03
4.066139892578125000e+03
4.061581787109375000e+03
4.057034912109375000e+03
4.052478271484375000e+03
4.047918945312500000e+03
4.043364013671875000e+03
4.038807128906250000e+03
4.034254150390625000e+03
4.011473388671875000e+03
4.006914062500000000e+03
4.002359130859375000e+03
3.997806396484375000e+03
3.993247314453125000e+03
3.988687988281250000e+03
3.984136474609375000e+03
3.979583496093750000e+03
3.975024169921875000e+03
3.970467285156250000e+03
3.965910400390625000e+03
3.961357666015625000e+03
3.956804687500000000e+03
3.952244384765625000e+03
3.947683349609375000e+03
3.943131591796875000e+03
3.938582763671875000e+03
3.934023681640625000e+03
3.929460449218750000e+03
3.924903320312500000e+03
3.920352783203125000e+03
3.915795654296875000e+03
3.911240478515625000e+03
3.906686767578125000e+03
3.902129638671875000e+03
3.897572509765625000e+03
3.893011718750000000e+03
3.888459716796875000e+03
3.865681884765625000e+03
3.861128906250000000e+03
3.856567626953125000e+03
3.852010986328125000e+03
3.847453857421875000e+03
3.842905029296875000e+03
3.838345947265625000e+03
3.833782714843750000e+03
3.829231933593750000e+03
3.824679199218750000e+03
3.820124023437500000e+03
3.815560791015625000e+03
3.811010253906250000e+03
3.806453125000000000e+03
3.801896240234375000e+03
3.797336914062500000e+03
3.792786132812500000e+03
3.788230224609375000e+03
3.783675292968750000e+03
3.779118164062500000e+03
3.774559326171875000e+03
3.770006347656250000e+03
3.765452392578125000e+03
3.760891357421875000e+03
3.756330078125000000e+03
3.751782226562500000e+03
3.747225341796875000e+03
3.742672607421875000e+03
3.719887451171875000e+03
3.715336669921875000e+03
3.710774414062500000e+03
3.706224609375000000e+03
3.701665527343750000e+03
3.697110595703125000e+03
3.692555664062500000e+03
3.687996582031250000e+03
3.683441406250000000e+03
3.678882568359375000e+03
3.674336914062500000e+03
3.669773925781250000e+03
3.665222900390625000e+03
3.660655517578125000e+03
3.656104736328125000e+03
3.651549804687500000e+03
3.646990722656250000e+03
3.642437011718750000e+03
3.637881835937500000e+03
3.633332031250000000e+03
3.628773193359375000e+03
3.624218017578125000e+03
3.619654785156250000e+03
3.615104003906250000e+03
3.610544921875000000e+03
3.605985839843750000e+03
3.601430908203125000e+03
3.596885253906250000e+03
3.574107421875000000e+03
3.569544189453125000e+03
3.564989257812500000e+03
3.560430175781250000e+03
3.555880371093750000e+03
3.551317138671875000e+03
3.546766357421875000e+03
3.542198974609375000e+03
3.537648193359375000e+03
3.533097412109375000e+03
3.528538330078125000e+03
3.523983154296875000e+03
3.519426513671875000e+03
3.514871337890625000e+03
3.510320800781250000e+03
3.505761474609375000e+03
3.501206542968750000e+03
3.496647705078125000e+03
3.492092529296875000e+03
3.487537597656250000e+03
3.482974609375000000e+03
3.478424560546875000e+03
3.473869628906250000e+03
3.469314941406250000e+03
3.464755615234375000e+03
3.460201660156250000e+03
3.455642822265625000e+03
3.451079345703125000e+03
3.428310058593750000e+03
3.423754882812500000e+03
3.419195800781250000e+03
3.414636718750000000e+03
3.410077636718750000e+03
3.405531005859375000e+03
3.400981201171875000e+03
3.396423095703125000e+03
3.391859863281250000e+03
3.387305175781250000e+03
3.382758300781250000e+03
3.378191162109375000e+03
3.373627685546875000e+03
3.369081054687500000e+03
3.364526367187500000e+03
3.359964111328125000e+03
3.355413085937500000e+03
3.350858398437500000e+03
3.346311523437500000e+03
3.341739990234375000e+03
3.337186279296875000e+03
3.332622802734375000e+03
3.328076171875000000e+03
3.323522460937500000e+03
3.318967529296875000e+03
3.314416503906250000e+03
3.309853515625000000e+03
3.305302490234375000e+03
3.282524902343750000e+03
3.277965576171875000e+03
3.273415771484375000e+03
3.268848632812500000e+03
3.264297607421875000e+03
3.259742675781250000e+03
3.255179687500000000e+03
3.250624511718750000e+03
3.246070556640625000e+03
3.241507568359375000e+03
3.236960693359375000e+03
3.232405761718750000e+03
3.227851074218750000e+03
3.223279296875000000e+03
3.218728759765625000e+03
3.214178955078125000e+03
3.209619628906250000e+03
3.205074218750000000e+03
3.200510986328125000e+03
3.195959960937500000e+03
3.191405273437500000e+03
3.186846191406250000e+03
3.182278564453125000e+03
3.177732177734375000e+03
3.173172851562500000e+03
3.168614746093750000e+03
3.164064208984375000e+03
3.159504882812500000e+03
3.136727294921875000e+03
3.132167968750000000e+03
3.127622314453125000e+03
3.123055175781250000e+03
3.118504150390625000e+03
3.113953369140625000e+03
3.109390380859375000e+03
3.104835205078125000e+03
3.100276123046875000e+03
3.095721435546875000e+03
3.091168457031250000e+03
3.086613525390625000e+03
3.082058593750000000e+03
3.077499511718750000e+03
3.072952880859375000e+03
3.068385498046875000e+03
3.063838623046875000e+03
3.059271484375000000e+03
3.054720703125000000e+03
3.050166503906250000e+03
3.045603515625000000e+03
3.041056884765625000e+03
3.036501708984375000e+03
3.031943847656250000e+03
3.027388916015625000e+03
3.022821289062500000e+03
3.018270751953125000e+03
3.013724121093750000e+03
2.990943115234375000e+03
2.986375732421875000e+03
2.981824707031250000e+03
2.977270019531250000e+03
2.972702636718750000e+03
2.968160888671875000e+03
2.963606201171875000e+03
2.959047119140625000e+03
2.954491943359375000e+03
2.949924804687500000e+03
2.945382324218750000e+03
2.940818847656250000e+03
2.936268310546875000e+03
2.931708984375000000e+03
2.927145996093750000e+03
2.922603515625000000e+03
2.918040039062500000e+03
2.913487304687500000e+03
2.908920898437500000e+03
2.904370117187500000e+03
2.899819335937500000e+03
2.895268554687500000e+03
2.890709472656250000e+03
2.886150390625000000e+03
2.881603759765625000e+03
2.877040283203125000e+03
2.872485595703125000e+03
2.867927490234375000e+03
2.845156005859375000e+03
2.840585449218750000e+03
2.836039550781250000e+03
2.831473388671875000e+03
2.826921630859375000e+03
2.822371826171875000e+03
2.817803466796875000e+03
2.813257812500000000e+03
2.808695556640625000e+03
2.804143798828125000e+03
2.799598144531250000e+03
2.795025634765625000e+03
2.790471679687500000e+03
2.785915527343750000e+03
2.781357666015625000e+03
2.776805908203125000e+03
2.772251953125000000e+03
2.767700195312500000e+03
2.763142089843750000e+03
2.758583984375000000e+03
2.754030273437500000e+03
2.749471923828125000e+03
2.744911865234375000e+03
2.740349853515625000e+03
2.735806152343750000e+03
2.731256347656250000e+03
2.726692138671875000e+03
2.722134033203125000e+03
2.699354248046875000e+03
2.694800292968750000e+03
2.690246337890625000e+03
2.685690429687500000e+03
2.681134277343750000e+03
2.676574218750000000e+03
2.672008056640625000e+03
2.667468505859375000e+03
2.662914550781250000e+03
2.658350341796875000e+03
2.653804687500000000e+03
2.649236083984375000e+03
2.644686523437500000e+03
2.640122314453125000e+03
2.635572509765625000e+03
2.631022705078125000e+03
2.626454345703125000e+03
2.621900634765625000e+03
2.617348632812500000e+03
2.612786376953125000e+03
2.608234619140625000e+03
2.603678710937500000e+03
2.599122558593750000e+03
2.594568847656250000e+03
2.590008544921875000e+03
2.585458740234375000e+03
2.580902832031250000e+03
2.576340576171875000e+03
2.553562988281250000e+03
2.549006835937500000e+03
2.544452880859375000e+03
2.539892822265625000e+03
2.535343017578125000e+03
2.530786865234375000e+03
2.526227050781250000e+03
2.521679199218750000e+03
2.517121093750000000e+03
2.512552734375000000e+03
2.508007080078125000e+03
2.503453369140625000e+03
2.498901367187500000e+03
2.494334960937500000e+03
2.489779296875000000e+03
2.485233398437500000e+03
2.480656738281250000e+03
2.476111328125000000e+03
2.471559326171875000e+03
2.467005371093750000e+03
2.462453613281250000e+03
2.457883056640625000e+03
2.453331054687500000e+03
2.448779541015625000e+03
2.444217285156250000e+03
2.439665283203125000e+03
2.435103271484375000e+03
2.430559570312500000e+03
2.407777832031250000e+03
2.403205078125000000e+03
2.398663574218750000e+03
2.394103515625000000e+03
2.389549560546875000e+03
2.384995605468750000e+03
2.380427246093750000e+03
2.375877441406250000e+03
2.371331787109375000e+03
2.366769775390625000e+03
2.362209472656250000e+03
2.357647216796875000e+03
2.353095458984375000e+03
2.348549804687500000e+03
2.343985839843750000e+03
2.339436035156250000e+03
2.334879882812500000e+03
2.330322021484375000e+03
2.325768066406250000e+03
2.321207763671875000e+03
2.316654052734375000e+03
2.312097900390625000e+03
2.307539794921875000e+03
2.302988037109375000e+03
2.298425781250000000e+03
2.293880126953125000e+03
2.289313964843750000e+03
2.284761962890625000e+03
2.261980224609375000e+03
2.257434570312500000e+03
2.252865966796875000e+03
2.248312255859375000e+03
2.243751953125000000e+03
2.239206298828125000e+03
2.234650390625000000e+03
2.230092285156250000e+03
2.225544677734375000e+03
2.220986572265625000e+03
2.216432617187500000e+03
2.211870605468750000e+03
2.207310546875000000e+03
2.202760498046875000e+03
2.198206787109375000e+03
2.193650878906250000e+03
2.189084472656250000e+03
2.184532714843750000e+03
2.179978759765625000e+03
2.175422607421875000e+03
2.170856445312500000e+03
2.166296142578125000e+03
2.161759033203125000e+03
2.157194580078125000e+03
2.152636474609375000e+03
2.148088867187500000e+03
2.143530761718750000e+03
2.138970703125000000e+03
2.116194824218750000e+03
2.111645263671875000e+03
2.107081054687500000e+03
2.102527099609375000e+03
2.097966796875000000e+03
2.093408935546875000e+03
2.088861083984375000e+03
2.084307128906250000e+03
2.079749267578125000e+03
2.075189208984375000e+03
2.070635009765625000e+03
2.066087402343750000e+03
2.061514892578125000e+03
2.056963134765625000e+03
2.052400878906250000e+03
2.047853271484375000e+03
2.043286743164062500e+03
2.038739135742187500e+03
2.034189453125000000e+03
2.029633300781250000e+03
2.025087768554687500e+03
2.020511108398437500e+03
2.015957275390625000e+03
2.011407348632812500e+03
2.006843139648437500e+03
2.002293457031250000e+03
1.997737304687500000e+03
1.993175170898437500e+03
1.970397338867187500e+03
1.965851806640625000e+03
1.961283325195312500e+03
1.956741943359375000e+03
1.952179687500000000e+03
1.947623657226562500e+03
1.943069824218750000e+03
1.938501342773437500e+03
1.933951660156250000e+03
1.929403930664062500e+03
1.924849975585937500e+03
1.920289916992187500e+03
1.915736083984375000e+03
1.911175781250000000e+03
1.906613647460937500e+03
1.902063964843750000e+03
1.897509887695312500e+03
1.892956054687500000e+03
1.888395996093750000e+03
1.883837890625000000e+03
1.879281860351562500e+03
1.874728027343750000e+03
1.870176269531250000e+03
1.865609863281250000e+03
1.861053833007812500e+03
1.856508300781250000e+03
1.851931518554687500e+03
1.847390014648437500e+03
1.824610107421875000e+03
1.820062500000000000e+03
1.815492065429687500e+03
1.810940185546875000e+03
1.806386230468750000e+03
1.801826171875000000e+03
1.797288818359375000e+03
1.792712036132812500e+03
1.788166503906250000e+03
1.783602294921875000e+03
1.779044067382812500e+03
1.774496459960937500e+03
1.769938476562500000e+03
1.765384399414062500e+03
1.760832641601562500e+03
1.756270507812500000e+03
1.751718627929687500e+03
1.747166748046875000e+03
1.742598388671875000e+03
1.738044433593750000e+03
1.733496826171875000e+03
1.728930419921875000e+03
1.724378662109375000e+03
1.719837158203125000e+03
1.715268798828125000e+03
1.710718994140625000e+03
1.706152587890625000e+03
1.701600830078125000e+03
1.678814575195312500e+03
1.674271118164062500e+03
1.669706909179687500e+03
1.665155151367187500e+03
1.660596923828125000e+03
1.656028564453125000e+03
1.651495483398437500e+03
1.646928955078125000e+03
1.642368896484375000e+03
1.637802612304687500e+03
1.633250732421875000e+03
1.628692626953125000e+03
1.624140869140625000e+03
1.619599365234375000e+03
1.615031005859375000e+03
1.610481201171875000e+03
1.605921020507812500e+03
1.601371337890625000e+03
1.596819458007812500e+03
1.592246826171875000e+03
1.587688842773437500e+03
1.583145385742187500e+03
1.578587280273437500e+03
1.574035400390625000e+03
1.569469116210937500e+03
1.564925537109375000e+03
1.560367431640625000e+03
1.555815673828125000e+03
1.533037719726562500e+03
1.528485961914062500e+03
1.523911376953125000e+03
1.519361694335937500e+03
1.514803466796875000e+03
1.510253784179687500e+03
1.505693725585937500e+03
1.501135620117187500e+03
1.496583740234375000e+03
1.492034057617187500e+03
1.487465576171875000e+03
1.482924072265625000e+03
1.478364013671875000e+03
1.473797607421875000e+03
1.469245849609375000e+03
1.464679565429687500e+03
1.460146240234375000e+03
1.455569580078125000e+03
1.451019897460937500e+03
1.446467895507812500e+03
1.441909912109375000e+03
1.437368530273437500e+03
1.432802124023437500e+03
1.428241943359375000e+03
1.423683959960937500e+03
1.419123901367187500e+03
1.414582275390625000e+03
1.410022216796875000e+03
