-3.557933203125000000e+04
-3.580072656250000000e+04
-3.602212109375000000e+04
-3.624351562500000000e+04
-3.646491015625000000e+04
-3.668630468750000000e+04
-3.690769921875000000e+04
-3.712909765625000000e+04
-3.735048828125000000e+04
-3.757188281250000000e+04
-3.779327734375000000e+04
-3.801467187500000000e+04
-3.823606640625000000e+04
-3.845746093750000000e+04
-3.867885546875000000e+04
-3.890025390625000000e+04
-3.912164843750000000e+04
-3.934304296875000000e+04
-3.956443750000000000e+04
-3.978583203125000000e+04
-4.000722656250000000e+04
-4.022862109375000000e+04
-4.045001562500000000e+04
-4.067141015625000000e+04
-4.089280468750000000e+04
-4.111419921875000000e+04
-4.133559375000000000e+04
-4.155698828125000000e+04
-4.266396484375000000e+04
-4.288535546875000000e+04
-4.310675000000000000e+04
-4.332814453125000000e+04
-4.354953906250000000e+04
-4.377093359375000000e+04
-4.399232812500000000e+04
-4.421372265625000000e+04
-4.443511718750000000e+04
-4.465651171875000000e+04
-4.487790625000000000e+04
-4.509930078125000000e+04
-4.532069531250000000e+04
-4.554208984375000000e+04
-4.576348437500000000e+04
-4.598488281250000000e+04
-4.620627343750000000e+04
-4.642766796875000000e+04
-4.664906250000000000e+04
-4.687046093750000000e+04
-4.709185546875000000e+04
-4.731324609375000000e+04
-4.753464453125000000e+04
-4.775603906250000000e+04
-4.797743359375000000e+04
-4.819882812500000000e+04
-4.842022265625000000e+04
-4.864161718750000000e+04
-4.974858984375000000e+04
-4.996998437500000000e+04
-5.019137890625000000e+04
-5.041277734375000000e+04
-5.063416796875000000e+04
-5.085556250000000000e+04
-5.107695703125000000e+04
-5.129835156250000000e+04
-5.151975000000000000e+04
-5.174114062500000000e+04
-5.196253906250000000e+04
-5.218392968750000000e+04
-5.240532812500000000e+04
-5.262672265625000000e+04
-5.284811328125000000e+04
-5.306951562500000000e+04
-5.329090625000000000e+04
-5.351230078125000000e+04
-5.373369921875000000e+04
-5.395509375000000000e+04
-5.417648437500000000e+04
-5.439787890625000000e+04
-5.461927343750000000e+04
-5.484067187500000000e+04
-5.506206250000000000e+04
-5.528346093750000000e+04
-5.550485546875000000e+04
-5.572624609375000000e+04
-5.683322265625000000e+04
-5.705461718750000000e+04
-5.727600781250000000e+04
-5.749740234375000000e+04
-5.771880078125000000e+04
-5.794019140625000000e+04
-5.816158593750000000e+04
-5.838298046875000000e+04
-5.860437500000000000e+04
-5.882576953125000000e+04
-5.904716796875000000e+04
-5.926855859375000000e+04
-5.948995703125000000e+04
-5.971134765625000000e+04
-5.993274609375000000e+04
-6.015413671875000000e+04
-6.037553515625000000e+04
-6.059692578125000000e+04
-6.081832421875000000e+04
-6.103971484375000000e+04
-6.126111328125000000e+04
-6.148251171875000000e+04
-6.170390234375000000e+04
-6.192530078125000000e+04
-6.214669140625000000e+04
-6.236808984375000000e+04
-6.258948046875000000e+04
-6.281087890625000000e+04
-6.391784765625000000e+04
-6.413924609375000000e+04
-6.436063671875000000e+04
-6.458203515625000000e+04
-6.480342578125000000e+04
-6.502482421875000000e+04
-6.524621484375000000e+04
-6.546760546875000000e+04
-6.568900781250000000e+04
-6.591039843750000000e+04
-6.613178906250000000e+04
-6.635318750000000000e+04
-6.657458593750000000e+04
-6.679597656250000000e+04
-6.701736718750000000e+04
-6.723877343750000000e+04
-6.746016406250000000e+04
-6.768155468750000000e+04
-6.790295312500000000e+04
-6.812435156250000000e+04
-6.834574218750000000e+04
-6.856713281250000000e+04
-6.878853125000000000e+04
-6.900992187500000000e+04
-6.923132031250000000e+04
-6.945271875000000000e+04
-6.967410937500000000e+04
-6.989550000000000000e+04
-7.100247656250000000e+04
-7.122386718750000000e+04
-7.144526562500000000e+04
-7.166666406250000000e+04
-7.188805468750000000e+04
-7.210945312500000000e+04
-7.233084375000000000e+04
-7.255224218750000000e+04
-7.277364062500000000e+04
-7.299502343750000000e+04
-7.321642187500000000e+04
-7.343782031250000000e+04
-7.365921093750000000e+04
-7.388061718750000000e+04
-7.410200000000000000e+04
-7.432339843750000000e+04
-7.454478906250000000e+04
-7.476618750000000000e+04
-7.498758593750000000e+04
-7.520897656250000000e+04
-7.543037500000000000e+04
-7.565176562500000000e+04
-7.587315625000000000e+04
-7.609456250000000000e+04
-7.631595312500000000e+04
-7.653734375000000000e+04
-7.675874218750000000e+04
-7.698013281250000000e+04
-7.808710156250000000e+04
-7.830850781250000000e+04
-7.852989843750000000e+04
-7.875128906250000000e+04
-7.897268750000000000e+04
-7.919408593750000000e+04
-7.941547656250000000e+04
-7.963686718750000000e+04
-7.985827343750000000e+04
-8.007966406250000000e+04
-8.030105468750000000e+04
-8.052244531250000000e+04
-8.074384375000000000e+04
-8.096524218750000000e+04
-8.118663281250000000e+04
-8.140803125000000000e+04
-8.162942187500000000e+04
-8.185082031250000000e+04
-8.207221875000000000e+04
-8.229360937500000000e+04
-8.251500000000000000e+04
-8.273639843750000000e+04
-8.295779687500000000e+04
-8.317918750000000000e+04
-8.340058593750000000e+04
-8.362197656250000000e+04
-8.384337500000000000e+04
-8.406476562500000000e+04
-8.517174218750000000e+04
-8.539314062500000000e+04
-8.561453125000000000e+04
-8.583592187500000000e+04
-8.605732031250000000e+04
-8.627871093750000000e+04
-8.650010937500000000e+04
-8.672150000000000000e+04
-8.694289843750000000e+04
-8.716428906250000000e+04
-8.738567968750000000e+04
-8.760708593750000000e+04
-8.782847656250000000e+04
-8.804987500000000000e+04
-8.827126562500000000e+04
-8.849266406250000000e+04
-8.871405468750000000e+04
-8.893544531250000000e+04
-8.915684375000000000e+04
-8.937823437500000000e+04
-8.959963281250000000e+04
-8.982103125000000000e+04
-9.004242187500000000e+04
-9.026381250000000000e+04
-9.048521093750000000e+04
-9.070660156250000000e+04
-9.092800000000000000e+04
-9.114939062500000000e+04
-9.225636718750000000e+04
-9.247776562500000000e+04
-9.269915625000000000e+04
-9.292055468750000000e+04
-9.314194531250000000e+04
-9.336333593750000000e+04
-9.358472656250000000e+04
-9.380612500000000000e+04
-9.402751562500000000e+04
-9.424891406250000000e+04
-9.447031250000000000e+04
-9.469171093750000000e+04
-9.491310156250000000e+04
-9.513450000000000000e+04
-9.535589062500000000e+04
-9.557728906250000000e+04
-9.579867187500000000e+04
-9.602007812500000000e+04
-9.624146093750000000e+04
-9.646285937500000000e+04
-9.668425781250000000e+04
-9.690565625000000000e+04
-9.712705468750000000e+04
-9.734844531250000000e+04
-9.756984375000000000e+04
-9.779123437500000000e+04
-9.801262500000000000e+04
-9.823401562500000000e+04
-9.934100000000000000e+04
-9.956239062500000000e+04
-9.978378906250000000e+04
-1.000051796875000000e+05
-1.002265703125000000e+05
-1.004479687500000000e+05
-1.006693593750000000e+05
-1.008907578125000000e+05
-1.011121562500000000e+05
-1.013335546875000000e+05
-1.015549453125000000e+05
-1.017763359375000000e+05
-1.019977343750000000e+05
-1.022191250000000000e+05
-1.024405156250000000e+05
-1.026619140625000000e+05
-1.028833046875000000e+05
-1.031047031250000000e+05
-1.033261015625000000e+05
-1.035475000000000000e+05
-1.037688906250000000e+05
-1.039902890625000000e+05
-1.042116796875000000e+05
-1.044330781250000000e+05
-1.046544687500000000e+05
-1.048758593750000000e+05
-1.050972578125000000e+05
-1.053186484375000000e+05
-1.064256328125000000e+05
-1.066470234375000000e+05
-1.068684140625000000e+05
-1.070898125000000000e+05
-1.073112031250000000e+05
-1.075326015625000000e+05
-1.077539921875000000e+05
-1.079753906250000000e+05
-1.081967890625000000e+05
-1.084181796875000000e+05
-1.086395781250000000e+05
-1.088609765625000000e+05
-1.090823593750000000e+05
-1.093037578125000000e+05
-1.095251562500000000e+05
-1.097465468750000000e+05
-1.099679375000000000e+05
-1.101893281250000000e+05
-1.104107343750000000e+05
-1.106321328125000000e+05
-1.108535312500000000e+05
-1.110749218750000000e+05
-1.112963125000000000e+05
-1.115177109375000000e+05
-1.117391015625000000e+05
-1.119604921875000000e+05
-1.121818906250000000e+05
-1.124032812500000000e+05
-1.135102656250000000e+05
-1.137316484375000000e+05
-1.139530546875000000e+05
-1.141744375000000000e+05
-1.143958281250000000e+05
-1.146172343750000000e+05
-1.148386250000000000e+05
-1.150600234375000000e+05
-1.152814140625000000e+05
-1.155028125000000000e+05
-1.157242031250000000e+05
-1.159455937500000000e+05
-1.161669921875000000e+05
-1.163883906250000000e+05
-1.166097812500000000e+05
-1.168311796875000000e+05
-1.170525703125000000e+05
-1.172739687500000000e+05
-1.174953671875000000e+05
-1.177167578125000000e+05
-1.179381484375000000e+05
-1.181595390625000000e+05
-1.183809453125000000e+05
-1.186023281250000000e+05
-1.188237265625000000e+05
-1.190451328125000000e+05
-1.192665156250000000e+05
-1.194879140625000000e+05
-1.205948828125000000e+05
-1.208162890625000000e+05
-1.210376796875000000e+05
-1.212590703125000000e+05
-1.214804609375000000e+05
-1.217018515625000000e+05
-1.219232421875000000e+05
-1.221446484375000000e+05
-1.223660390625000000e+05
-1.225874296875000000e+05
-1.228088203125000000e+05
-1.230302265625000000e+05
-1.232516171875000000e+05
-1.234730234375000000e+05
-1.236944140625000000e+05
-1.239158046875000000e+05
-1.241371953125000000e+05
-1.243585859375000000e+05
-1.245799765625000000e+05
-1.248013828125000000e+05
-1.250227734375000000e+05
-1.252441796875000000e+05
-1.254655703125000000e+05
-1.256869609375000000e+05
-1.259083515625000000e+05
-1.261297578125000000e+05
-1.263511484375000000e+05
-1.265725390625000000e+05
-1.276795078125000000e+05
-1.279008984375000000e+05
-1.281223046875000000e+05
-1.283436953125000000e+05
-1.285650859375000000e+05
-1.287864765625000000e+05
-1.290078671875000000e+05
-1.292292734375000000e+05
-1.294506796875000000e+05
-1.296720546875000000e+05
-1.298934609375000000e+05
-1.301148515625000000e+05
-1.303362578125000000e+05
-1.305576484375000000e+05
-1.307790390625000000e+05
-1.310004453125000000e+05
-1.312218281250000000e+05
-1.314432187500000000e+05
-1.316646093750000000e+05
-1.318860156250000000e+05
-1.321074062500000000e+05
-1.323287968750000000e+05
-1.325502031250000000e+05
-1.327715937500000000e+05
-1.329929843750000000e+05
-1.332143750000000000e+05
-1.334357656250000000e+05
-1.336571718750000000e+05
-1.347641406250000000e+05
-1.349855312500000000e+05
-1.352069218750000000e+05
-1.354283281250000000e+05
-1.356497187500000000e+05
-1.358711093750000000e+05
-1.360925000000000000e+05
-1.363138906250000000e+05
-1.365352968750000000e+05
-1.367566875000000000e+05
-1.369780937500000000e+05
-1.371994843750000000e+05
-1.374208750000000000e+05
-1.376422656250000000e+05
-1.378636562500000000e+05
-1.380850625000000000e+05
-1.383064531250000000e+05
-1.385278437500000000e+05
-1.387492343750000000e+05
-1.389706562500000000e+05
-1.391920312500000000e+05
-1.394134218750000000e+05
-1.396348281250000000e+05
-1.398562187500000000e+05
-1.400776093750000000e+05
-1.402990000000000000e+05
-1.405204062500000000e+05
-1.407417968750000000e+05
-1.418487656250000000e+05
-1.420701718750000000e+05
-1.422915625000000000e+05
-1.425129531250000000e+05
-1.427343437500000000e+05
-1.429557500000000000e+05
-1.431771406250000000e+05
-1.433985312500000000e+05
-1.436199375000000000e+05
-1.438413281250000000e+05
-1.440627187500000000e+05
-1.442841093750000000e+05
-1.445055156250000000e+05
-1.447269062500000000e+05
-1.449482968750000000e+05
-1.451696875000000000e+05
-1.453910937500000000e+05
-1.456124687500000000e+05
-1.458338906250000000e+05
-1.460552656250000000e+05
-1.462766718750000000e+05
-1.464980625000000000e+05
-1.467194531250000000e+05
-1.469408437500000000e+05
-1.471622343750000000e+05
-1.473836406250000000e+05
-1.476050312500000000e+05
-1.478264218750000000e+05
-1.489334062500000000e+05
-1.491547968750000000e+05
-1.493761875000000000e+05
-1.495975781250000000e+05
-1.498189843750000000e+05
-1.500403750000000000e+05
-1.502617656250000000e+05
-1.504831718750000000e+05
-1.507045468750000000e+05
-1.509259531250000000e+05
-1.511473437500000000e+05
-1.513687343750000000e+05
-1.515901406250000000e+05
-1.518115468750000000e+05
-1.520329375000000000e+05
-1.522543281250000000e+05
-1.524757187500000000e+05
-1.526971250000000000e+05
-1.529185156250000000e+05
-1.531398906250000000e+05
-1.533612968750000000e+05
-1.535827031250000000e+05
-1.538040937500000000e+05
-1.540254843750000000e+05
-1.542468750000000000e+05
-1.544682500000000000e+05
-1.546896562500000000e+05
-1.549110625000000000e+05
-1.560180156250000000e+05
-1.562394218750000000e+05
-1.564608281250000000e+05
-1.566822187500000000e+05
-1.569036093750000000e+05
-1.571250000000000000e+05
-1.573464062500000000e+05
-1.575677968750000000e+05
-1.577891875000000000e+05
-1.580105937500000000e+05
-1.582319843750000000e+05
-1.584533750000000000e+05
-1.586747656250000000e+05
-1.588961718750000000e+05
-1.591175468750000000e+05
-1.593389531250000000e+05
-1.595603437500000000e+05
-1.597817500000000000e+05
-1.600031406250000000e+05
-1.602245312500000000e+05
-1.604459218750000000e+05
-1.606673125000000000e+05
-1.608887187500000000e+05
-1.611101093750000000e+05
-1.613315156250000000e+05
-1.615529062500000000e+05
-1.617742968750000000e+05
-1.619957031250000000e+05
-1.631026718750000000e+05
-1.633240468750000000e+05
-1.635454531250000000e+05
-1.637668593750000000e+05
-1.639882500000000000e+05
-1.642096406250000000e+05
-1.644310312500000000e+05
-1.646524218750000000e+05
-1.648738281250000000e+05
-1.650952031250000000e+05
-1.653166093750000000e+05
-1.655380000000000000e+05
-1.657594062500000000e+05
-1.659807968750000000e+05
-1.662021875000000000e+05
-1.664235781250000000e+05
-1.666449843750000000e+05
-1.668663750000000000e+05
-1.670877656250000000e+05
-1.673091718750000000e+05
-1.675305468750000000e+05
-1.677519375000000000e+05
-1.679733437500000000e+05
-1.681947500000000000e+05
-1.684161406250000000e+05
-1.686375312500000000e+05
-1.688589375000000000e+05
-1.690803281250000000e+05
-1.701872968750000000e+05
-1.704086875000000000e+05
-1.706300781250000000e+05
-1.708514687500000000e+05
-1.710728750000000000e+05
-1.712942656250000000e+05
-1.715156562500000000e+05
-1.717370625000000000e+05
-1.719584531250000000e+05
-1.721798593750000000e+05
-1.724012500000000000e+05
-1.726226406250000000e+05
-1.728440312500000000e+05
-1.730654218750000000e+05
-1.732868125000000000e+05
-1.735082343750000000e+05
-1.737296093750000000e+05
-1.739510156250000000e+05
-1.741724062500000000e+05
-1.743937968750000000e+05
-1.746151875000000000e+05
-1.748365937500000000e+05
-1.750579843750000000e+05
-1.752793750000000000e+05
-1.755007812500000000e+05
-1.757221718750000000e+05
-1.759435468750000000e+05
-1.761649375000000000e+05
-1.772719218750000000e+05
-1.774933125000000000e+05
-1.777147031250000000e+05
-1.779361250000000000e+05
-1.781575156250000000e+05
-1.783789062500000000e+05
-1.786002968750000000e+05
-1.788216875000000000e+05
-1.790430937500000000e+05
-1.792644843750000000e+05
-1.794858750000000000e+05
-1.797072656250000000e+05
-1.799286718750000000e+05
-1.801500468750000000e+05
-1.803714531250000000e+05
-1.805928437500000000e+05
-1.808142343750000000e+05
-1.810356406250000000e+05
-1.812570312500000000e+05
-1.814784218750000000e+05
-1.816998125000000000e+05
-1.819212031250000000e+05
-1.821426093750000000e+05
-1.823640000000000000e+05
-1.825853906250000000e+05
-1.828067968750000000e+05
-1.830281875000000000e+05
-1.832495781250000000e+05
-1.843565468750000000e+05
-1.845779375000000000e+05
-1.847993437500000000e+05
-1.850207343750000000e+05
-1.852421250000000000e+05
-1.854635312500000000e+05
-1.856849218750000000e+05
-1.859063125000000000e+05
-1.861277031250000000e+05
-1.863490937500000000e+05
-1.865704843750000000e+05
-1.867918906250000000e+05
-1.870132812500000000e+05
-1.872346718750000000e+05
-1.874560781250000000e+05
-1.876774843750000000e+05
-1.878988750000000000e+05
-1.881202656250000000e+05
-1.883416562500000000e+05
-1.885630468750000000e+05
-1.887844375000000000e+05
-1.890058281250000000e+05
-1.892272187500000000e+05
-1.894486093750000000e+05
-1.896700156250000000e+05
-1.898914218750000000e+05
-1.901128125000000000e+05
-1.903342031250000000e+05
-1.914411718750000000e+05
-1.916625781250000000e+05
-1.918839687500000000e+05
-1.921053750000000000e+05
-1.923267656250000000e+05
-1.925481562500000000e+05
-1.927695312500000000e+05
-1.929909375000000000e+05
-1.932123437500000000e+05
-1.934337187500000000e+05
-1.936551093750000000e+05
-1.938765156250000000e+05
-1.940979218750000000e+05
-1.943193125000000000e+05
-1.945407031250000000e+05
-1.947620937500000000e+05
-1.949834843750000000e+05
-1.952048906250000000e+05
-1.954262656250000000e+05
-1.956476718750000000e+05
-1.958690625000000000e+05
-1.960904531250000000e+05
-1.963118750000000000e+05
-1.965332656250000000e+05
-1.967546562500000000e+05
-1.969760468750000000e+05
-1.971974531250000000e+05
-1.974188437500000000e+05
-1.985257968750000000e+05
-1.987472031250000000e+05
-1.989685937500000000e+05
-1.991899843750000000e+05
-1.994113750000000000e+05
-1.996327812500000000e+05
-1.998541562500000000e+05
-2.000755625000000000e+05
-2.002969687500000000e+05
-2.005183593750000000e+05
-2.007397500000000000e+05
-2.009611562500000000e+05
-2.011825468750000000e+05
-2.014039375000000000e+05
-2.016253281250000000e+05
-2.018467343750000000e+05
-2.020681250000000000e+05
-2.022895312500000000e+05
-2.025109062500000000e+05
-2.027323125000000000e+05
-2.029537031250000000e+05
-2.031750937500000000e+05
-2.033965000000000000e+05
-2.036178906250000000e+05
-2.038392812500000000e+05
-2.040606718750000000e+05
-2.042820625000000000e+05
-2.045034531250000000e+05
-2.056104531250000000e+05
-2.058318281250000000e+05
-2.060532343750000000e+05
-2.062746250000000000e+05
-2.064960000000000000e+05
-2.067174062500000000e+05
-2.069387968750000000e+05
-2.071602031250000000e+05
-2.073815937500000000e+05
-2.076029843750000000e+05
-2.078243906250000000e+05
-2.080457812500000000e+05
-2.082671718750000000e+05
-2.084885625000000000e+05
-2.087099687500000000e+05
-2.089313593750000000e+05
-2.091527500000000000e+05
-2.093741562500000000e+05
-2.095955312500000000e+05
-2.098169375000000000e+05
-2.100383281250000000e+05
-2.102597343750000000e+05
-2.104811250000000000e+05
-2.107025312500000000e+05
-2.109239218750000000e+05
-2.111452968750000000e+05
-2.113667031250000000e+05
-2.115881093750000000e+05
-2.126950625000000000e+05
-2.129164687500000000e+05
-2.131378593750000000e+05
-2.133592500000000000e+05
-2.135806406250000000e+05
-2.138020468750000000e+05
-2.140234375000000000e+05
-2.142448125000000000e+05
-2.144662187500000000e+05
-2.146876406250000000e+05
-2.149090156250000000e+05
-2.151304062500000000e+05
-2.153518125000000000e+05
-2.155732187500000000e+05
-2.157946093750000000e+05
-2.160160000000000000e+05
-2.162373906250000000e+05
-2.164587812500000000e+05
-2.166801718750000000e+05
-2.169015781250000000e+05
-2.171229531250000000e+05
-2.173443437500000000e+05
-2.175657500000000000e+05
-2.177871250000000000e+05
-2.180085468750000000e+05
-2.182299375000000000e+05
-2.184513281250000000e+05
-2.186727187500000000e+05
-2.197797031250000000e+05
-2.200010937500000000e+05
-2.202225000000000000e+05
-2.204438906250000000e+05
-2.206652812500000000e+05
-2.208866718750000000e+05
-2.211080781250000000e+05
-2.213294531250000000e+05
-2.215508593750000000e+05
-2.217722500000000000e+05
-2.219936406250000000e+05
-2.222150312500000000e+05
-2.224364375000000000e+05
-2.226578281250000000e+05
-2.228792343750000000e+05
-2.231006093750000000e+05
-2.233220000000000000e+05
-2.235434062500000000e+05
-2.237648125000000000e+05
-2.239862031250000000e+05
-2.242075937500000000e+05
-2.244290000000000000e+05
-2.246503906250000000e+05
-2.248717968750000000e+05
-2.250931718750000000e+05
-2.253145781250000000e+05
-2.255359687500000000e+05
-2.257573593750000000e+05
-2.268643281250000000e+05
-2.270857343750000000e+05
-2.273071250000000000e+05
-2.275285156250000000e+05
-2.277499062500000000e+05
-2.279712968750000000e+05
-2.281926875000000000e+05
-2.284140937500000000e+05
-2.286355000000000000e+05
-2.288568906250000000e+05
-2.290782968750000000e+05
-2.292996875000000000e+05
-2.295210625000000000e+05
-2.297424687500000000e+05
-2.299638593750000000e+05
-2.301852656250000000e+05
-2.304066406250000000e+05
-2.306280468750000000e+05
-2.308494218750000000e+05
-2.310708281250000000e+05
-2.312922343750000000e+05
-2.315136250000000000e+05
-2.317350312500000000e+05
-2.319564218750000000e+05
-2.321778125000000000e+05
-2.323992031250000000e+05
-2.326205937500000000e+05
-2.328419843750000000e+05
