1.375575000000000000e+04
1.376812207031250000e+04
1.378049316406250000e+04
1.379286621093750000e+04
1.380523828125000000e+04
1.381761230468750000e+04
1.382998242187500000e+04
1.384235449218750000e+04
1.385472949218750000e+04
1.386710058593750000e+04
1.387947265625000000e+04
1.389184667968750000e+04
1.390421582031250000e+04
1.391658886718750000e+04
1.392896386718750000e+04
1.394133398437500000e+04
1.395370507812500000e+04
1.396607812500000000e+04
1.397845019531250000e+04
1.399082324218750000e+04
1.400319531250000000e+04
1.401556640625000000e+04
1.402793945312500000e+04
1.404031250000000000e+04
1.405268359375000000e+04
1.406505761718750000e+04
1.407742968750000000e+04
1.408979980468750000e+04
1.415166210937500000e+04
1.416403417968750000e+04
1.417640820312500000e+04
1.418877734375000000e+04
1.420115429687500000e+04
1.421352539062500000e+04
1.422589257812500000e+04
1.423826953125000000e+04
1.425064257812500000e+04
1.426301074218750000e+04
1.427538476562500000e+04
1.428775781250000000e+04
1.430012988281250000e+04
1.431250292968750000e+04
1.432487597656250000e+04
1.433724609375000000e+04
1.434962011718750000e+04
1.436199316406250000e+04
1.437436230468750000e+04
1.438673730468750000e+04
1.439910644531250000e+04
1.441147851562500000e+04
1.442385351562500000e+04
1.443622363281250000e+04
1.444859960937500000e+04
1.446097070312500000e+04
1.447334179687500000e+04
1.448571679687500000e+04
1.454757617187500000e+04
1.455994824218750000e+04
1.457232324218750000e+04
1.458469140625000000e+04
1.459706347656250000e+04
1.460943847656250000e+04
1.462180957031250000e+04
1.463418261718750000e+04
1.464655273437500000e+04
1.465892773437500000e+04
1.467129687500000000e+04
1.468367285156250000e+04
1.469604589843750000e+04
1.470841894531250000e+04
1.472078906250000000e+04
1.473316015625000000e+04
1.474553417968750000e+04
1.475790527343750000e+04
1.477028027343750000e+04
1.478265039062500000e+04
1.479502246093750000e+04
1.480739160156250000e+04
1.481976757812500000e+04
1.483214062500000000e+04
1.484451269531250000e+04
1.485688378906250000e+04
1.486925292968750000e+04
1.488162402343750000e+04
1.494348730468750000e+04
1.495586132812500000e+04
1.496823242187500000e+04
1.498060644531250000e+04
1.499297460937500000e+04
1.500534960937500000e+04
1.501772558593750000e+04
1.503009570312500000e+04
1.504246875000000000e+04
1.505484277343750000e+04
1.506721093750000000e+04
1.507958886718750000e+04
1.509195898437500000e+04
1.510432812500000000e+04
1.511670117187500000e+04
1.512907226562500000e+04
1.514144628906250000e+04
1.515382128906250000e+04
1.516619335937500000e+04
1.517855957031250000e+04
1.519093750000000000e+04
1.520330761718750000e+04
1.521567675781250000e+04
1.522805468750000000e+04
1.524042578125000000e+04
1.525279785156250000e+04
1.526517382812500000e+04
1.527754101562500000e+04
1.533940039062500000e+04
1.535177734375000000e+04
1.536414746093750000e+04
1.537652050781250000e+04
1.538889160156250000e+04
1.540126660156250000e+04
1.541363867187500000e+04
1.542601367187500000e+04
1.543837792968750000e+04
1.545075292968750000e+04
1.546312500000000000e+04
1.547550000000000000e+04
1.548786816406250000e+04
1.550024218750000000e+04
1.551261230468750000e+04
1.552498925781250000e+04
1.553735937500000000e+04
1.554972949218750000e+04
1.556210449218750000e+04
1.557447265625000000e+04
1.558685058593750000e+04
1.559921679687500000e+04
1.561158984375000000e+04
1.562395996093750000e+04
1.563633496093750000e+04
1.564870507812500000e+04
1.566108300781250000e+04
1.567345703125000000e+04
1.573531738281250000e+04
1.574768945312500000e+04
1.576005664062500000e+04
1.577243164062500000e+04
1.578480078125000000e+04
1.579717968750000000e+04
1.580954882812500000e+04
1.582192480468750000e+04
1.583429003906250000e+04
1.584667187500000000e+04
1.585903808593750000e+04
1.587140722656250000e+04
1.588378222656250000e+04
1.589615917968750000e+04
1.590852832031250000e+04
1.592090234375000000e+04
1.593327246093750000e+04
1.594564257812500000e+04
1.595801953125000000e+04
1.597038964843750000e+04
1.598276074218750000e+04
1.599513281250000000e+04
1.600751074218750000e+04
1.601988085937500000e+04
1.603224707031250000e+04
1.604462500000000000e+04
1.605699121093750000e+04
1.606936132812500000e+04
1.613123242187500000e+04
1.614360253906250000e+04
1.615596875000000000e+04
1.616835058593750000e+04
1.618071679687500000e+04
1.619309667968750000e+04
1.620545996093750000e+04
1.621783398437500000e+04
1.623021191406250000e+04
1.624258203125000000e+04
1.625494433593750000e+04
1.626732421875000000e+04
1.627969824218750000e+04
1.629206640625000000e+04
1.630444042968750000e+04
1.631681542968750000e+04
1.632918945312500000e+04
1.634155957031250000e+04
1.635392968750000000e+04
1.636629589843750000e+04
1.637868164062500000e+04
1.639104882812500000e+04
1.640341406250000000e+04
1.641579882812500000e+04
1.642816015625000000e+04
1.644053515625000000e+04
1.645290625000000000e+04
1.646528710937500000e+04
1.652714257812500000e+04
1.653951562500000000e+04
1.655188085937500000e+04
1.656425976562500000e+04
1.657663085937500000e+04
1.658900195312500000e+04
1.660137890625000000e+04
1.661375000000000000e+04
1.662611914062500000e+04
1.663849804687500000e+04
1.665087304687500000e+04
1.666323437500000000e+04
1.667561132812500000e+04
1.668799023437500000e+04
1.670034960937500000e+04
1.671272851562500000e+04
1.672510546875000000e+04
1.673747265625000000e+04
1.674984570312500000e+04
1.676221093750000000e+04
1.677458398437500000e+04
1.678696289062500000e+04
1.679933398437500000e+04
1.681169921875000000e+04
1.682407226562500000e+04
1.683644726562500000e+04
1.684882031250000000e+04
1.686119531250000000e+04
1.692305468750000000e+04
1.693542773437500000e+04
1.694780468750000000e+04
1.696016992187500000e+04
1.697254687500000000e+04
1.698491210937500000e+04
1.699728710937500000e+04
1.700966406250000000e+04
1.702203906250000000e+04
1.703440820312500000e+04
1.704678515625000000e+04
1.705915820312500000e+04
1.707152148437500000e+04
1.708390039062500000e+04
1.709626757812500000e+04
1.710863867187500000e+04
1.712101562500000000e+04
1.713339062500000000e+04
1.714575585937500000e+04
1.715812890625000000e+04
1.717050000000000000e+04
1.718287500000000000e+04
1.719524804687500000e+04
1.720761718750000000e+04
1.721998632812500000e+04
1.723236914062500000e+04
1.724473242187500000e+04
1.725710546875000000e+04
1.731896679687500000e+04
1.733134570312500000e+04
1.734371289062500000e+04
1.735608593750000000e+04
1.736846093750000000e+04
1.738083007812500000e+04
1.739319726562500000e+04
1.740557031250000000e+04
1.741794335937500000e+04
1.743032421875000000e+04
1.744269140625000000e+04
1.745507226562500000e+04
1.746743359375000000e+04
1.747981250000000000e+04
1.749218359375000000e+04
1.750455273437500000e+04
1.751691796875000000e+04
1.752930273437500000e+04
1.754167187500000000e+04
1.755404296875000000e+04
1.756641796875000000e+04
1.757879101562500000e+04
1.759116015625000000e+04
1.760353710937500000e+04
1.761590234375000000e+04
1.762827539062500000e+04
1.764066210937500000e+04
1.765301367187500000e+04
1.771487890625000000e+04
1.772725390625000000e+04
1.773962500000000000e+04
1.775200390625000000e+04
1.776436523437500000e+04
1.777673828125000000e+04
1.778911132812500000e+04
1.780149609375000000e+04
1.781386132812500000e+04
1.782623828125000000e+04
1.783859960937500000e+04
1.785098242187500000e+04
1.786335156250000000e+04
1.787572265625000000e+04
1.788808789062500000e+04
1.790047265625000000e+04
1.791284375000000000e+04
1.792521484375000000e+04
1.793758398437500000e+04
1.794994921875000000e+04
1.796232617187500000e+04
1.797470703125000000e+04
1.798707226562500000e+04
1.799943750000000000e+04
1.801182421875000000e+04
1.802418945312500000e+04
1.803656835937500000e+04
1.804893359375000000e+04
1.811078515625000000e+04
1.812316992187500000e+04
1.813554492187500000e+04
1.814791210937500000e+04
1.816028320312500000e+04
1.817265039062500000e+04
1.818502929687500000e+04
1.819741015625000000e+04
1.820977343750000000e+04
1.822214648437500000e+04
1.823452929687500000e+04
1.824689843750000000e+04
1.825925976562500000e+04
1.827162890625000000e+04
1.828400585937500000e+04
1.829637500000000000e+04
1.830875585937500000e+04
1.832112304687500000e+04
1.833349023437500000e+04
1.834587500000000000e+04
1.835824804687500000e+04
1.837061914062500000e+04
1.838298242187500000e+04
1.839535546875000000e+04
1.840773632812500000e+04
1.842010351562500000e+04
1.843247656250000000e+04
1.844484960937500000e+04
1.850671289062500000e+04
1.851908789062500000e+04
1.853146093750000000e+04
1.854383593750000000e+04
1.855620117187500000e+04
1.856856054687500000e+04
1.858093359375000000e+04
1.859330859375000000e+04
1.860568554687500000e+04
1.861805859375000000e+04
1.863042773437500000e+04
1.864280078125000000e+04
1.865517382812500000e+04
1.866754687500000000e+04
1.867992968750000000e+04
1.869229492187500000e+04
1.870466210937500000e+04
1.871703710937500000e+04
1.872940234375000000e+04
1.874178320312500000e+04
1.875415820312500000e+04
1.876652539062500000e+04
1.877889843750000000e+04
1.879127929687500000e+04
1.880364843750000000e+04
1.881602539062500000e+04
1.882839648437500000e+04
1.884077148437500000e+04
1.890261914062500000e+04
1.891499804687500000e+04
1.892736718750000000e+04
1.893973437500000000e+04
1.895210742187500000e+04
1.896449023437500000e+04
1.897685351562500000e+04
1.898923046875000000e+04
1.900160351562500000e+04
1.901397265625000000e+04
1.902633984375000000e+04
1.903872070312500000e+04
1.905108789062500000e+04
1.906346875000000000e+04
1.907583593750000000e+04
1.908821484375000000e+04
1.910058203125000000e+04
1.911295703125000000e+04
1.912533203125000000e+04
1.913769140625000000e+04
1.915007031250000000e+04
1.916244531250000000e+04
1.917480468750000000e+04
1.918718554687500000e+04
1.919955078125000000e+04
1.921194531250000000e+04
1.922430078125000000e+04
1.923666210937500000e+04
1.929853320312500000e+04
1.931090625000000000e+04
1.932327148437500000e+04
1.933566015625000000e+04
1.934802929687500000e+04
1.936039648437500000e+04
1.937275976562500000e+04
1.938515039062500000e+04
1.939750781250000000e+04
1.940989843750000000e+04
1.942226757812500000e+04
1.943463476562500000e+04
1.944699804687500000e+04
1.945938085937500000e+04
1.947174218750000000e+04
1.948412304687500000e+04
1.949648828125000000e+04
1.950884570312500000e+04
1.952123632812500000e+04
1.953361132812500000e+04
1.954597656250000000e+04
1.955834960937500000e+04
1.957072460937500000e+04
1.958310351562500000e+04
1.959546484375000000e+04
1.960783203125000000e+04
1.962021484375000000e+04
1.963258984375000000e+04
1.969444531250000000e+04
1.970681835937500000e+04
1.971920312500000000e+04
1.973156640625000000e+04
1.974394140625000000e+04
1.975632226562500000e+04
1.976868164062500000e+04
1.978104882812500000e+04
1.979342968750000000e+04
1.980580273437500000e+04
1.981816015625000000e+04
1.983054882812500000e+04
1.984290625000000000e+04
1.985528710937500000e+04
1.986766796875000000e+04
1.988003515625000000e+04
1.989241015625000000e+04
1.990477539062500000e+04
1.991715039062500000e+04
1.992952343750000000e+04
1.994188867187500000e+04
1.995426367187500000e+04
1.996665429687500000e+04
1.997900976562500000e+04
1.999138476562500000e+04
2.000375781250000000e+04
2.001613476562500000e+04
2.002851171875000000e+04
2.009035742187500000e+04
2.010273242187500000e+04
2.011510742187500000e+04
2.012748632812500000e+04
2.013983984375000000e+04
2.015220507812500000e+04
2.016459375000000000e+04
2.017695898437500000e+04
2.018933593750000000e+04
2.020170898437500000e+04
2.021408203125000000e+04
2.022645703125000000e+04
2.023884179687500000e+04
2.025121093750000000e+04
2.026357421875000000e+04
2.027594140625000000e+04
2.028831445312500000e+04
2.030069531250000000e+04
2.031306250000000000e+04
2.032544531250000000e+04
2.033781640625000000e+04
2.035018359375000000e+04
2.036254296875000000e+04
2.037492578125000000e+04
2.038728320312500000e+04
2.039966406250000000e+04
2.041203906250000000e+04
2.042440625000000000e+04
2.048626953125000000e+04
2.049863867187500000e+04
2.051101953125000000e+04
2.052338476562500000e+04
2.053577343750000000e+04
2.054814062500000000e+04
2.056050976562500000e+04
2.057288867187500000e+04
2.058525585937500000e+04
2.059762109375000000e+04
2.061000390625000000e+04
2.062236718750000000e+04
2.063474414062500000e+04
2.064712109375000000e+04
2.065949414062500000e+04
2.067186914062500000e+04
2.068424218750000000e+04
2.069660351562500000e+04
2.070897460937500000e+04
2.072134960937500000e+04
2.073371484375000000e+04
2.074609765625000000e+04
2.075847070312500000e+04
2.077083007812500000e+04
2.078322070312500000e+04
2.079557812500000000e+04
2.080795312500000000e+04
2.082031640625000000e+04
2.088219921875000000e+04
2.089456640625000000e+04
2.090694726562500000e+04
2.091931445312500000e+04
2.093168750000000000e+04
2.094406250000000000e+04
2.095642773437500000e+04
2.096880078125000000e+04
2.098117578125000000e+04
2.099352734375000000e+04
2.100590039062500000e+04
2.101827343750000000e+04
2.103064257812500000e+04
2.104301757812500000e+04
2.105539257812500000e+04
2.106775976562500000e+04
2.108015429687500000e+04
2.109251757812500000e+04
2.110488085937500000e+04
2.111727148437500000e+04
2.112964453125000000e+04
2.114200195312500000e+04
2.115439062500000000e+04
2.116675195312500000e+04
2.117911914062500000e+04
2.119149023437500000e+04
2.120386328125000000e+04
2.121623828125000000e+04
2.127811328125000000e+04
2.129048632812500000e+04
2.130284570312500000e+04
2.131521093750000000e+04
2.132759179687500000e+04
2.133995898437500000e+04
2.135233398437500000e+04
2.136471679687500000e+04
2.137708789062500000e+04
2.138945507812500000e+04
2.140182226562500000e+04
2.141419531250000000e+04
2.142657031250000000e+04
2.143893554687500000e+04
2.145131054687500000e+04
2.146368750000000000e+04
2.147605468750000000e+04
2.148844335937500000e+04
2.150081640625000000e+04
2.151318359375000000e+04
2.152555859375000000e+04
2.153792382812500000e+04
2.155028710937500000e+04
2.156267187500000000e+04
2.157504687500000000e+04
2.158741210937500000e+04
2.159979296875000000e+04
2.161215820312500000e+04
2.167402539062500000e+04
2.168638281250000000e+04
2.169876757812500000e+04
2.171115625000000000e+04
2.172350585937500000e+04
2.173588671875000000e+04
2.174826171875000000e+04
2.176062304687500000e+04
2.177298632812500000e+04
2.178536718750000000e+04
2.179775585937500000e+04
2.181012304687500000e+04
2.182249023437500000e+04
2.183485742187500000e+04
2.184722265625000000e+04
2.185958789062500000e+04
2.187196679687500000e+04
2.188433398437500000e+04
2.189671679687500000e+04
2.190909570312500000e+04
2.192146289062500000e+04
2.193382226562500000e+04
2.194621093750000000e+04
2.195857031250000000e+04
2.197094335937500000e+04
2.198332421875000000e+04
2.199569140625000000e+04
2.200805664062500000e+04
2.206991992187500000e+04
2.208228906250000000e+04
2.209466406250000000e+04
2.210703710937500000e+04
2.211941210937500000e+04
2.213178320312500000e+04
2.214416015625000000e+04
2.215653125000000000e+04
2.216889062500000000e+04
2.218128710937500000e+04
2.219364062500000000e+04
2.220602539062500000e+04
2.221838085937500000e+04
2.223077539062500000e+04
2.224315234375000000e+04
2.225552929687500000e+04
2.226787500000000000e+04
2.228026171875000000e+04
2.229262695312500000e+04
2.230500195312500000e+04
2.231736328125000000e+04
2.232976367187500000e+04
2.234211914062500000e+04
2.235450585937500000e+04
2.236685351562500000e+04
2.237923046875000000e+04
2.239159960937500000e+04
2.240396093750000000e+04
2.246584375000000000e+04
2.247822460937500000e+04
2.249060156250000000e+04
2.250294726562500000e+04
2.251532421875000000e+04
2.252769335937500000e+04
2.254008203125000000e+04
2.255245898437500000e+04
2.256482031250000000e+04
2.257719726562500000e+04
2.258956835937500000e+04
2.260192382812500000e+04
2.261431640625000000e+04
2.262667968750000000e+04
2.263905664062500000e+04
2.265144335937500000e+04
2.266380273437500000e+04
2.267617578125000000e+04
2.268854687500000000e+04
2.270092187500000000e+04
2.271329492187500000e+04
2.272566210937500000e+04
2.273801757812500000e+04
2.275041796875000000e+04
2.276276562500000000e+04
2.277515234375000000e+04
2.278751367187500000e+04
2.279989843750000000e+04
2.286174804687500000e+04
2.287413671875000000e+04
2.288649804687500000e+04
2.289888281250000000e+04
2.291124609375000000e+04
2.292362304687500000e+04
2.293598632812500000e+04
2.294837109375000000e+04
2.296072656250000000e+04
2.297309765625000000e+04
2.298548828125000000e+04
2.299785156250000000e+04
2.301021484375000000e+04
2.302259375000000000e+04
2.303497070312500000e+04
2.304732421875000000e+04
2.305970898437500000e+04
2.307208984375000000e+04
2.308445117187500000e+04
2.309682031250000000e+04
2.310920507812500000e+04
2.312156640625000000e+04
2.313395507812500000e+04
2.314632421875000000e+04
2.315869531250000000e+04
2.317107226562500000e+04
2.318343359375000000e+04
2.319580273437500000e+04
2.325766992187500000e+04
2.327002734375000000e+04
2.328240234375000000e+04
2.329479687500000000e+04
2.330715234375000000e+04
2.331952929687500000e+04
2.333190820312500000e+04
2.334426953125000000e+04
2.335664062500000000e+04
2.336901562500000000e+04
2.338138671875000000e+04
2.339377929687500000e+04
2.340614453125000000e+04
2.341851171875000000e+04
2.343087304687500000e+04
2.344326171875000000e+04
2.345560742187500000e+04
2.346800976562500000e+04
2.348036328125000000e+04
2.349275000000000000e+04
2.350511132812500000e+04
2.351750390625000000e+04
2.352986523437500000e+04
2.354223828125000000e+04
2.355460156250000000e+04
2.356700000000000000e+04
2.357934765625000000e+04
2.359170117187500000e+04
2.365358203125000000e+04
2.366594726562500000e+04
2.367831640625000000e+04
2.369067968750000000e+04
2.370308007812500000e+04
2.371544140625000000e+04
2.372784179687500000e+04
2.374017578125000000e+04
2.375257617187500000e+04
2.376492187500000000e+04
2.377732226562500000e+04
2.378968359375000000e+04
2.380205859375000000e+04
2.381441015625000000e+04
2.382678906250000000e+04
2.383915820312500000e+04
2.385153515625000000e+04
2.386390820312500000e+04
2.387626953125000000e+04
2.388862500000000000e+04
2.390101562500000000e+04
2.391338671875000000e+04
2.392577929687500000e+04
2.393816796875000000e+04
2.395051367187500000e+04
2.396288085937500000e+04
2.397527539062500000e+04
2.398764648437500000e+04
2.404948046875000000e+04
2.406186132812500000e+04
2.407424414062500000e+04
2.408662304687500000e+04
2.409897656250000000e+04
2.411137109375000000e+04
2.412374218750000000e+04
2.413610351562500000e+04
2.414848828125000000e+04
2.416085156250000000e+04
2.417322070312500000e+04
2.418559765625000000e+04
2.419795507812500000e+04
2.421033007812500000e+04
2.422273242187500000e+04
2.423508593750000000e+04
2.424744921875000000e+04
2.425983398437500000e+04
2.427218164062500000e+04
2.428457031250000000e+04
2.429692968750000000e+04
2.430931445312500000e+04
2.432169140625000000e+04
2.433405078125000000e+04
2.434644140625000000e+04
2.435881250000000000e+04
2.437118750000000000e+04
2.438355859375000000e+04
2.444540820312500000e+04
2.445780468750000000e+04
2.447016015625000000e+04
2.448250585937500000e+04
2.449487304687500000e+04
2.450726757812500000e+04
2.451962500000000000e+04
2.453201757812500000e+04
2.454436914062500000e+04
2.455676367187500000e+04
2.456913281250000000e+04
2.458151171875000000e+04
2.459386914062500000e+04
2.460625976562500000e+04
2.461861523437500000e+04
2.463098242187500000e+04
2.464336328125000000e+04
2.465573437500000000e+04
2.466809570312500000e+04
2.468049414062500000e+04
2.469284179687500000e+04
2.470522851562500000e+04
2.471758984375000000e+04
2.472996289062500000e+04
2.474232226562500000e+04
2.475472656250000000e+04
2.476707031250000000e+04
2.477948828125000000e+04
