-4.007864761352539062e+01
-3.971946334838867188e+01
-3.936027526855468750e+01
-3.900108337402343750e+01
-3.864189147949218750e+01
-3.828270339965820312e+01
-3.792351150512695312e+01
-3.756432342529296875e+01
-3.720513153076171875e+01
-3.684594726562500000e+01
-3.648675918579101562e+01
-3.612756347656250000e+01
-3.576837921142578125e+01
-3.540918731689453125e+01
-3.504999923706054688e+01
-3.469080734252929688e+01
-3.433162307739257812e+01
-3.397243499755859375e+01
-3.361324310302734375e+01
-3.325404739379882812e+01
-3.289485931396484375e+01
-3.253566741943359375e+01
-3.217648696899414062e+01
-3.181729698181152344e+01
-3.145810127258300781e+01
-3.109891891479492188e+01
-3.073972511291503906e+01
-3.038053512573242188e+01
-2.858459663391113281e+01
-2.822540283203125000e+01
-2.786621284484863281e+01
-2.750702095031738281e+01
-2.714782524108886719e+01
-2.678863334655761719e+01
-2.642944717407226562e+01
-2.607025527954101562e+01
-2.571106910705566406e+01
-2.535188484191894531e+01
-2.499268531799316406e+01
-2.463349723815917969e+01
-2.427431106567382812e+01
-2.391512298583984375e+01
-2.355594062805175781e+01
-2.319673919677734375e+01
-2.283755874633789062e+01
-2.247836875915527344e+01
-2.211918067932128906e+01
-2.175999641418457031e+01
-2.140080642700195312e+01
-2.104161071777343750e+01
-2.068239974975585938e+01
-2.032322692871093750e+01
-1.996404075622558594e+01
-1.960485267639160156e+01
-1.924567222595214844e+01
-1.888646888732910156e+01
-1.709052085876464844e+01
-1.673132514953613281e+01
-1.637215042114257812e+01
-1.601295661926269531e+01
-1.565376186370849609e+01
-1.529459285736083984e+01
-1.493538856506347656e+01
-1.457619476318359375e+01
-1.421700763702392578e+01
-1.385781192779541016e+01
-1.349864006042480469e+01
-1.313944244384765625e+01
-1.278025817871093750e+01
-1.242106533050537109e+01
-1.206186199188232422e+01
-1.170268821716308594e+01
-1.134348869323730469e+01
-1.098430728912353516e+01
-1.062511825561523438e+01
-1.026590728759765625e+01
-9.906729698181152344e+00
-9.547533988952636719e+00
-9.188344955444335938e+00
-8.829171180725097656e+00
-8.469985961914062500e+00
-8.110796928405761719e+00
-7.751609325408935547e+00
-7.392396926879882812e+00
-5.596446037292480469e+00
-5.237284660339355469e+00
-4.878091812133789062e+00
-4.518898487091064453e+00
-4.159702777862548828e+00
-3.800521373748779297e+00
-3.441302776336669922e+00
-3.082125186920166016e+00
-2.722929239273071289e+00
-2.363759279251098633e+00
-2.004566431045532227e+00
-1.645373463630676270e+00
-1.286201477050781250e+00
-9.269895553588867188e-01
-5.677928328514099121e-01
-2.085998952388763428e-01
1.505720317363739014e-01
5.097497105598449707e-01
8.689655065536499023e-01
1.228135585784912109e+00
1.587313175201416016e+00
1.946527123451232910e+00
2.305735349655151367e+00
2.664893865585327148e+00
3.024086713790893555e+00
3.383283376693725586e+00
3.742463111877441406e+00
4.101644515991210938e+00
5.897595882415771484e+00
6.256796360015869141e+00
6.615993022918701172e+00
6.975189685821533203e+00
7.334361553192138672e+00
7.693550586700439453e+00
8.052755355834960938e+00
8.411929130554199219e+00
8.771116256713867188e+00
9.130297660827636719e+00
9.489471435546875000e+00
9.848683357238769531e+00
1.020785713195800781e+01
1.056705951690673828e+01
1.092625045776367188e+01
1.128542232513427734e+01
1.164461708068847656e+01
1.200383949279785156e+01
1.236301136016845703e+01
1.272221374511718750e+01
1.308141994476318359e+01
1.344057655334472656e+01
1.379978275299072266e+01
1.415895462036132812e+01
1.451816463470458984e+01
1.487734031677246094e+01
1.523654651641845703e+01
1.559573364257812500e+01
1.739164733886718750e+01
1.775086402893066406e+01
1.811002159118652344e+01
1.846920394897460938e+01
1.882841491699218750e+01
1.918762016296386719e+01
1.954682350158691406e+01
1.990601921081542969e+01
2.026517868041992188e+01
2.062438201904296875e+01
2.098355293273925781e+01
2.134274482727050781e+01
2.170192718505859375e+01
2.206110763549804688e+01
2.242033195495605469e+01
2.277949333190917969e+01
2.313870239257812500e+01
2.349789810180664062e+01
2.385708045959472656e+01
2.421625328063964844e+01
2.457547569274902344e+01
2.493466949462890625e+01
2.529382705688476562e+01
2.565302467346191406e+01
2.601223564147949219e+01
2.637138366699218750e+01
2.673059082031250000e+01
2.708977699279785156e+01
2.888575172424316406e+01
2.924491882324218750e+01
2.960412216186523438e+01
2.996332168579101562e+01
3.032248878479003906e+01
3.068168830871582031e+01
3.104087448120117188e+01
3.140002822875976562e+01
3.175924110412597656e+01
3.211840438842773438e+01
3.247756576538085938e+01
3.283683013916015625e+01
3.319601058959960938e+01
3.355519485473632812e+01
3.391439437866210938e+01
3.427359008789062500e+01
3.463277435302734375e+01
3.499194717407226562e+01
3.535111236572265625e+01
3.571031951904296875e+01
3.606954193115234375e+01
3.642868423461914062e+01
3.678786849975585938e+01
3.714709091186523438e+01
3.750627517700195312e+01
3.786545181274414062e+01
3.822465515136718750e+01
3.858386230468750000e+01
4.037975692749023438e+01
4.073897933959960938e+01
4.109820938110351562e+01
4.145737457275390625e+01
4.181658172607421875e+01
4.217576599121093750e+01
4.253495788574218750e+01
4.289410781860351562e+01
4.325331497192382812e+01
4.361249923706054688e+01
4.397169113159179688e+01
4.433089447021484375e+01
4.469005584716796875e+01
4.504923248291015625e+01
4.540841674804687500e+01
4.576762390136718750e+01
4.612683486938476562e+01
4.648604202270507812e+01
4.684521102905273438e+01
4.720441055297851562e+01
4.756360626220703125e+01
4.792275238037109375e+01
4.828196716308593750e+01
4.864115905761718750e+01
4.900033950805664062e+01
4.935950851440429688e+01
4.971869277954101562e+01
5.007789993286132812e+01
5.187385559082031250e+01
5.223306655883789062e+01
5.259227371215820312e+01
5.295141220092773438e+01
5.331063461303710938e+01
5.366983032226562500e+01
5.402898406982421875e+01
5.438819885253906250e+01
5.474736022949218750e+01
5.510655593872070312e+01
5.546570968627929688e+01
5.582493972778320312e+01
5.618410110473632812e+01
5.654334640502929688e+01
5.690247344970703125e+01
5.726173400878906250e+01
5.762090301513671875e+01
5.798011779785156250e+01
5.833929824829101562e+01
5.869845962524414062e+01
5.905765914916992188e+01
5.941682052612304688e+01
5.977603149414062500e+01
6.013523101806640625e+01
6.049436950683593750e+01
6.085358428955078125e+01
6.121277618408203125e+01
6.157201004028320312e+01
6.336793518066406250e+01
6.372713470458984375e+01
6.408631896972656250e+01
6.444544982910156250e+01
6.480469512939453125e+01
6.516387176513671875e+01
6.552307128906250000e+01
6.588224792480468750e+01
6.624138641357421875e+01
6.660058593750000000e+01
6.695982360839843750e+01
6.731900024414062500e+01
6.767816925048828125e+01
6.803741455078125000e+01
6.839651489257812500e+01
6.875572204589843750e+01
6.911495208740234375e+01
6.947413635253906250e+01
6.983330535888671875e+01
7.019252777099609375e+01
7.055168151855468750e+01
7.091091156005859375e+01
7.127012634277343750e+01
7.162936401367187500e+01
7.198844909667968750e+01
7.234765625000000000e+01
7.270685577392578125e+01
7.306605529785156250e+01
7.486195373535156250e+01
7.522112274169921875e+01
7.558036804199218750e+01
7.593955230712890625e+01
7.629877471923828125e+01
7.665789794921875000e+01
7.701711273193359375e+01
7.737632751464843750e+01
7.773548126220703125e+01
7.809468841552734375e+01
7.845381164550781250e+01
7.881305694580078125e+01
7.917225646972656250e+01
7.953149414062500000e+01
7.989061737060546875e+01
8.024984741210937500e+01
8.060900878906250000e+01
8.096818542480468750e+01
8.132738494873046875e+01
8.168658447265625000e+01
8.204579925537109375e+01
8.240496063232421875e+01
8.276412963867187500e+01
8.312333679199218750e+01
8.348256683349609375e+01
8.384166717529296875e+01
8.420090484619140625e+01
8.456007385253906250e+01
8.635607910156250000e+01
8.671529388427734375e+01
8.707441711425781250e+01
8.743357086181640625e+01
8.779281616210937500e+01
8.815203094482421875e+01
8.851118469238281250e+01
8.887041473388671875e+01
8.922961425781250000e+01
8.958881378173828125e+01
8.994797515869140625e+01
9.030717468261718750e+01
9.066629791259765625e+01
9.102546691894531250e+01
9.138471221923828125e+01
9.174392700195312500e+01
9.210312652587890625e+01
9.246224975585937500e+01
9.282149505615234375e+01
9.318062591552734375e+01
9.353985595703125000e+01
9.389902496337890625e+01
9.425825500488281250e+01
9.461743927001953125e+01
9.497656250000000000e+01
9.533576202392578125e+01
9.569496154785156250e+01
9.605416870117187500e+01
9.785012054443359375e+01
9.820924377441406250e+01
9.856845855712890625e+01
9.892767333984375000e+01
9.928683471679687500e+01
9.964603424072265625e+01
1.000052337646484375e+02
1.003644485473632812e+02
1.007236175537109375e+02
1.010827865600585938e+02
1.014419860839843750e+02
1.018011550903320312e+02
1.021604461669921875e+02
1.025195922851562500e+02
1.028787155151367188e+02
1.032379150390625000e+02
1.035970993041992188e+02
1.039563140869140625e+02
1.043155593872070312e+02
1.046746826171875000e+02
1.050339126586914062e+02
1.053931503295898438e+02
1.057522583007812500e+02
1.061114578247070312e+02
1.064706878662109375e+02
1.068298568725585938e+02
1.071890106201171875e+02
1.075482406616210938e+02
1.093441390991210938e+02
1.097033386230468750e+02
1.100625381469726562e+02
1.104217071533203125e+02
1.107808761596679688e+02
1.111401367187500000e+02
1.114993057250976562e+02
1.118585128784179688e+02
1.122176971435546875e+02
1.125768966674804688e+02
1.129360351562500000e+02
1.132952499389648438e+02
1.136544036865234375e+02
1.140136337280273438e+02
1.143728790283203125e+02
1.147320404052734375e+02
1.150912551879882812e+02
1.154503784179687500e+02
1.158096084594726562e+02
1.161688079833984375e+02
1.165280075073242188e+02
1.168871307373046875e+02
1.172463455200195312e+02
1.176055908203125000e+02
1.179647521972656250e+02
1.183239212036132812e+02
1.186831054687500000e+02
1.190422744750976562e+02
1.208382644653320312e+02
1.211974487304687500e+02
1.215565567016601562e+02
1.219158325195312500e+02
1.222750015258789062e+02
1.226341552734375000e+02
1.229934005737304688e+02
1.233525543212890625e+02
1.237117080688476562e+02
1.240710220336914062e+02
1.244301300048828125e+02
1.247893295288085938e+02
1.251485290527343750e+02
1.255077285766601562e+02
1.258668823242187500e+02
1.262260665893554688e+02
1.265852813720703125e+02
1.269444351196289062e+02
1.273036422729492188e+02
1.276628112792968750e+02
1.280220489501953125e+02
1.283812103271484375e+02
1.287403564453125000e+02
1.290995025634765625e+02
1.294587860107421875e+02
1.298179626464843750e+02
1.301771545410156250e+02
1.305363464355468750e+02
1.323323364257812500e+02
1.326914672851562500e+02
1.330507049560546875e+02
1.334097900390625000e+02
1.337691040039062500e+02
1.341282501220703125e+02
1.344874572753906250e+02
1.348465881347656250e+02
1.352057647705078125e+02
1.355650177001953125e+02
1.359241638183593750e+02
1.362833862304687500e+02
1.366425628662109375e+02
1.370018005371093750e+02
1.373609313964843750e+02
1.377201385498046875e+02
1.380792846679687500e+02
1.384384918212890625e+02
1.387976531982421875e+02
1.391568603515625000e+02
1.395160522460937500e+02
1.398752593994140625e+02
1.402344512939453125e+02
1.405936889648437500e+02
1.409528808593750000e+02
1.413120880126953125e+02
1.416712188720703125e+02
1.420304260253906250e+02
1.438263854980468750e+02
1.441855926513671875e+02
1.445447082519531250e+02
1.449039306640625000e+02
1.452631225585937500e+02
1.456222534179687500e+02
1.459815521240234375e+02
1.463407745361328125e+02
1.466998596191406250e+02
1.470590515136718750e+02
1.474182281494140625e+02
1.477774810791015625e+02
1.481366271972656250e+02
1.484957733154296875e+02
1.488549652099609375e+02
1.492141418457031250e+02
1.495733947753906250e+02
1.499326019287109375e+02
1.502918090820312500e+02
1.506509399414062500e+02
1.510102081298828125e+02
1.513693389892578125e+02
1.517285766601562500e+02
1.520877227783203125e+02
1.524470367431640625e+02
1.528060607910156250e+02
1.531653289794921875e+02
1.535244903564453125e+02
1.553203887939453125e+02
1.556797027587890625e+02
1.560388336181640625e+02
1.563980255126953125e+02
1.567571563720703125e+02
1.571163330078125000e+02
1.574755249023437500e+02
1.578347167968750000e+02
1.581939544677734375e+02
1.585531158447265625e+02
1.589122619628906250e+02
1.592714538574218750e+02
1.596306304931640625e+02
1.599899444580078125e+02
1.603490295410156250e+02
1.607082366943359375e+02
1.610673370361328125e+02
1.614265594482421875e+02
1.617858581542968750e+02
1.621450195312500000e+02
1.625041809082031250e+02
1.628633728027343750e+02
1.632226409912109375e+02
1.635817718505859375e+02
1.639409790039062500e+02
1.643000946044921875e+02
1.646593475341796875e+02
1.650185241699218750e+02
1.668144989013671875e+02
1.671736755371093750e+02
1.675328369140625000e+02
1.678920135498046875e+02
1.682512512207031250e+02
1.686103515625000000e+02
1.689695892333984375e+02
1.693289489746093750e+02
1.696880187988281250e+02
1.700472106933593750e+02
1.704063568115234375e+02
1.707655487060546875e+02
1.711247863769531250e+02
1.714840393066406250e+02
1.718430938720703125e+02
1.722023925781250000e+02
1.725614929199218750e+02
1.729207153320312500e+02
1.732799224853515625e+02
1.736391754150390625e+02
1.739982604980468750e+02
1.743574523925781250e+02
1.747166442871093750e+02
1.750758666992187500e+02
1.754350433349609375e+02
1.757942047119140625e+02
1.761534118652343750e+02
1.765125274658203125e+02
1.783085632324218750e+02
1.786678466796875000e+02
1.790269622802734375e+02
1.793861083984375000e+02
1.797452392578125000e+02
1.801044769287109375e+02
1.804636840820312500e+02
1.808229370117187500e+02
1.811820526123046875e+02
1.815413513183593750e+02
1.819004821777343750e+02
1.822595825195312500e+02
1.826188201904296875e+02
1.829780273437500000e+02
1.833372497558593750e+02
1.836963653564453125e+02
1.840556640625000000e+02
1.844147033691406250e+02
1.847739868164062500e+02
1.851331787109375000e+02
1.854924163818359375e+02
1.858514862060546875e+02
1.862107849121093750e+02
1.865698242187500000e+02
1.869290771484375000e+02
1.872882385253906250e+02
1.876474151611328125e+02
1.880065917968750000e+02
1.898026733398437500e+02
1.901617584228515625e+02
1.905209655761718750e+02
1.908803100585937500e+02
1.912394256591796875e+02
1.915986938476562500e+02
1.919577941894531250e+02
1.923169403076171875e+02
1.926760559082031250e+02
1.930353393554687500e+02
1.933944549560546875e+02
1.937538452148437500e+02
1.941129150390625000e+02
1.944721221923828125e+02
1.948313446044921875e+02
1.951904602050781250e+02
1.955497436523437500e+02
1.959088592529296875e+02
1.962680816650390625e+02
1.966272277832031250e+02
1.969862823486328125e+02
1.973456268310546875e+02
1.977047424316406250e+02
1.980640258789062500e+02
1.984232635498046875e+02
1.987823944091796875e+02
1.991415710449218750e+02
1.995008239746093750e+02
2.012965850830078125e+02
2.016558837890625000e+02
2.020150451660156250e+02
2.023742218017578125e+02
2.027333984375000000e+02
2.030925292968750000e+02
2.034516754150390625e+02
2.038108673095703125e+02
2.041702270507812500e+02
2.045293273925781250e+02
2.048885650634765625e+02
2.052476959228515625e+02
2.056068115234375000e+02
2.059662628173828125e+02
2.063253326416015625e+02
2.066845092773437500e+02
2.070437622070312500e+02
2.074028778076171875e+02
2.077620697021484375e+02
2.081212463378906250e+02
2.084804687500000000e+02
2.088396759033203125e+02
2.091988220214843750e+02
2.095580139160156250e+02
2.099171905517578125e+02
2.102764129638671875e+02
2.106356506347656250e+02
2.109948425292968750e+02
2.127906036376953125e+02
2.131498413085937500e+02
2.135090026855468750e+02
2.138682708740234375e+02
2.142274932861328125e+02
2.145866088867187500e+02
2.149459228515625000e+02
2.153050689697265625e+02
2.156642761230468750e+02
2.160234375000000000e+02
2.163826751708984375e+02
2.167417755126953125e+02
2.171009216308593750e+02
2.174601745605468750e+02
2.178194122314453125e+02
2.181786193847656250e+02
2.185377807617187500e+02
2.188969268798828125e+02
2.192561187744140625e+02
2.196153564453125000e+02
2.199744873046875000e+02
2.203337860107421875e+02
2.206929473876953125e+02
2.210520019531250000e+02
2.214112091064453125e+02
2.217704315185546875e+02
2.221296691894531250e+02
2.224888916015625000e+02
2.242847442626953125e+02
2.246440734863281250e+02
2.250031127929687500e+02
2.253624420166015625e+02
2.257214813232421875e+02
2.260808715820312500e+02
2.264398803710937500e+02
2.267992401123046875e+02
2.271584625244140625e+02
2.275175781250000000e+02
2.278766326904296875e+02
2.282358856201171875e+02
2.285950012207031250e+02
2.289543457031250000e+02
2.293134002685546875e+02
2.296725921630859375e+02
2.300318298339843750e+02
2.303909606933593750e+02
2.307502899169921875e+02
2.311095275878906250e+02
2.314685668945312500e+02
2.318277740478515625e+02
2.321869049072265625e+02
2.325461120605468750e+02
2.329054260253906250e+02
2.332645111083984375e+02
2.336236877441406250e+02
2.339829101562500000e+02
2.357789764404296875e+02
2.361379852294921875e+02
2.364973449707031250e+02
2.368563690185546875e+02
2.372156524658203125e+02
2.375748596191406250e+02
2.379340209960937500e+02
2.382931671142578125e+02
2.386523895263671875e+02
2.390115966796875000e+02
2.393709411621093750e+02
2.397299041748046875e+02
2.400891723632812500e+02
2.404482421875000000e+02
2.408074493408203125e+02
2.411667022705078125e+02
2.415258483886718750e+02
2.418851013183593750e+02
2.422443695068359375e+02
2.426034698486328125e+02
2.429627075195312500e+02
2.433219757080078125e+02
2.436810455322265625e+02
2.440402526855468750e+02
2.443992919921875000e+02
2.447585601806640625e+02
2.451176910400390625e+02
2.454769287109375000e+02
2.472729949951171875e+02
2.476322784423828125e+02
2.479913635253906250e+02
2.483504028320312500e+02
2.487097015380859375e+02
2.490688781738281250e+02
2.494280700683593750e+02
2.497872467041015625e+02
2.501464080810546875e+02
2.505056762695312500e+02
2.508649597167968750e+02
2.512241058349609375e+02
2.515833892822265625e+02
2.519423522949218750e+02
2.523015899658203125e+02
2.526609344482421875e+02
2.530199584960937500e+02
2.533791503906250000e+02
2.537382049560546875e+02
2.540975189208984375e+02
2.544566650390625000e+02
2.548159484863281250e+02
2.551750946044921875e+02
2.555343627929687500e+02
2.558934936523437500e+02
2.562527160644531250e+02
2.566117553710937500e+02
2.569710998535156250e+02
2.587670593261718750e+02
2.591262207031250000e+02
2.594853515625000000e+02
2.598445739746093750e+02
2.602038269042968750e+02
2.605628967285156250e+02
2.609221191406250000e+02
2.612812500000000000e+02
2.616404724121093750e+02
2.619997863769531250e+02
2.623588867187500000e+02
2.627181091308593750e+02
2.630772705078125000e+02
2.634364318847656250e+02
2.637956542968750000e+02
2.641547546386718750e+02
2.645139160156250000e+02
2.648732604980468750e+02
2.652322692871093750e+02
2.655915222167968750e+02
2.659505004882812500e+02
2.663099975585937500e+02
2.666692504882812500e+02
2.670282592773437500e+02
2.673876342773437500e+02
2.677466430664062500e+02
2.681059570312500000e+02
2.684651184082031250e+02
2.702611083984375000e+02
2.706202392578125000e+02
2.709795532226562500e+02
2.713386230468750000e+02
2.716978149414062500e+02
2.720569458007812500e+02
2.724162292480468750e+02
2.727753906250000000e+02
2.731346130371093750e+02
2.734935913085937500e+02
2.738527526855468750e+02
2.742121276855468750e+02
2.745713195800781250e+02
2.749305419921875000e+02
2.752896728515625000e+02
2.756488952636718750e+02
2.760081176757812500e+02
2.763671569824218750e+02
2.767264099121093750e+02
2.770856018066406250e+02
2.774447326660156250e+02
2.778041687011718750e+02
2.781631469726562500e+02
2.785225524902343750e+02
2.788816833496093750e+02
2.792408447265625000e+02
2.796000671386718750e+02
2.799592285156250000e+02
