-4.144607910156250000e+03
-4.164611816406250000e+03
-4.184616699218750000e+03
-4.204623535156250000e+03
-4.224628906250000000e+03
-4.244634277343750000e+03
-4.264641113281250000e+03
-4.284646484375000000e+03
-4.304649902343750000e+03
-4.324655273437500000e+03
-4.344660644531250000e+03
-4.364667480468750000e+03
-4.384672851562500000e+03
-4.404677734375000000e+03
-4.424683593750000000e+03
-4.444688476562500000e+03
-4.464694824218750000e+03
-4.484699707031250000e+03
-4.504705078125000000e+03
-4.524710449218750000e+03
-4.544716308593750000e+03
-4.564721191406250000e+03
-4.584726562500000000e+03
-4.604732910156250000e+03
-4.624738769531250000e+03
-4.644743652343750000e+03
-4.664749023437500000e+03
-4.684753906250000000e+03
-4.784780761718750000e+03
-4.804788085937500000e+03
-4.824791503906250000e+03
-4.844798339843750000e+03
-4.864801757812500000e+03
-4.884809082031250000e+03
-4.904813964843750000e+03
-4.924819335937500000e+03
-4.944824218750000000e+03
-4.964830078125000000e+03
-4.984834472656250000e+03
-5.004840820312500000e+03
-5.024846679687500000e+03
-5.044852539062500000e+03
-5.064855957031250000e+03
-5.084862304687500000e+03
-5.104869140625000000e+03
-5.124873535156250000e+03
-5.144879394531250000e+03
-5.164885253906250000e+03
-5.184890136718750000e+03
-5.204895996093750000e+03
-5.224900878906250000e+03
-5.244906250000000000e+03
-5.264912597656250000e+03
-5.284919433593750000e+03
-5.304921386718750000e+03
-5.324929199218750000e+03
-5.424955566406250000e+03
-5.444958984375000000e+03
-5.464965820312500000e+03
-5.484972167968750000e+03
-5.504976562500000000e+03
-5.524983398437500000e+03
-5.544987304687500000e+03
-5.564993164062500000e+03
-5.584998535156250000e+03
-5.605003906250000000e+03
-5.625008789062500000e+03
-5.645017578125000000e+03
-5.665021484375000000e+03
-5.685025878906250000e+03
-5.705032714843750000e+03
-5.725038574218750000e+03
-5.745043457031250000e+03
-5.765046875000000000e+03
-5.785053222656250000e+03
-5.805059570312500000e+03
-5.825063964843750000e+03
-5.845070312500000000e+03
-5.865074707031250000e+03
-5.885081054687500000e+03
-5.905085937500000000e+03
-5.925091308593750000e+03
-5.945096191406250000e+03
-5.965102050781250000e+03
-6.065129394531250000e+03
-6.085132812500000000e+03
-6.105140625000000000e+03
-6.125145996093750000e+03
-6.145147949218750000e+03
-6.165156738281250000e+03
-6.185163574218750000e+03
-6.205166992187500000e+03
-6.225172363281250000e+03
-6.245180175781250000e+03
-6.265182128906250000e+03
-6.285187988281250000e+03
-6.305191406250000000e+03
-6.325199707031250000e+03
-6.345206542968750000e+03
-6.365212402343750000e+03
-6.385217285156250000e+03
-6.405220214843750000e+03
-6.425228027343750000e+03
-6.445233398437500000e+03
-6.465238281250000000e+03
-6.485244628906250000e+03
-6.505249023437500000e+03
-6.525256347656250000e+03
-6.545261718750000000e+03
-6.565265136718750000e+03
-6.585270019531250000e+03
-6.605275878906250000e+03
-6.705301269531250000e+03
-6.725307617187500000e+03
-6.745313964843750000e+03
-6.765317871093750000e+03
-6.785322265625000000e+03
-6.805330566406250000e+03
-6.825337402343750000e+03
-6.845341308593750000e+03
-6.865346191406250000e+03
-6.885351074218750000e+03
-6.905356933593750000e+03
-6.925361816406250000e+03
-6.945367187500000000e+03
-6.965374023437500000e+03
-6.985381347656250000e+03
-7.005384277343750000e+03
-7.025391601562500000e+03
-7.045392578125000000e+03
-7.065402343750000000e+03
-7.085407714843750000e+03
-7.105410156250000000e+03
-7.125417968750000000e+03
-7.145424804687500000e+03
-7.165431640625000000e+03
-7.185433105468750000e+03
-7.205439453125000000e+03
-7.225443359375000000e+03
-7.245452148437500000e+03
-7.345479003906250000e+03
-7.365481445312500000e+03
-7.385486816406250000e+03
-7.405493164062500000e+03
-7.425500976562500000e+03
-7.445499511718750000e+03
-7.465510253906250000e+03
-7.485512695312500000e+03
-7.505523437500000000e+03
-7.525524414062500000e+03
-7.545529785156250000e+03
-7.565538574218750000e+03
-7.585540527343750000e+03
-7.605548339843750000e+03
-7.625552246093750000e+03
-7.645561035156250000e+03
-7.665566406250000000e+03
-7.685571777343750000e+03
-7.705573730468750000e+03
-7.725582519531250000e+03
-7.745586914062500000e+03
-7.765593261718750000e+03
-7.785595214843750000e+03
-7.805604980468750000e+03
-7.825608398437500000e+03
-7.845613281250000000e+03
-7.865618164062500000e+03
-7.885626464843750000e+03
-7.985653320312500000e+03
-8.005656738281250000e+03
-8.025660644531250000e+03
-8.045666015625000000e+03
-8.065668945312500000e+03
-8.085676757812500000e+03
-8.105683105468750000e+03
-8.125686523437500000e+03
-8.145692871093750000e+03
-8.165703125000000000e+03
-8.185704101562500000e+03
-8.205709960937500000e+03
-8.225717773437500000e+03
-8.245725585937500000e+03
-8.265726562500000000e+03
-8.285732421875000000e+03
-8.305740234375000000e+03
-8.325747070312500000e+03
-8.345749023437500000e+03
-8.365752929687500000e+03
-8.385761718750000000e+03
-8.405768554687500000e+03
-8.425770507812500000e+03
-8.445776367187500000e+03
-8.465784179687500000e+03
-8.485791015625000000e+03
-8.505791015625000000e+03
-8.525797851562500000e+03
-8.625825195312500000e+03
-8.645829101562500000e+03
-8.665831054687500000e+03
-8.685842773437500000e+03
-8.705847656250000000e+03
-8.725853515625000000e+03
-8.745858398437500000e+03
-8.765863281250000000e+03
-8.785869140625000000e+03
-8.805875976562500000e+03
-8.825878906250000000e+03
-8.845884765625000000e+03
-8.865889648437500000e+03
-8.885894531250000000e+03
-8.905903320312500000e+03
-8.925909179687500000e+03
-8.945912109375000000e+03
-8.965920898437500000e+03
-8.985920898437500000e+03
-9.005930664062500000e+03
-9.025932617187500000e+03
-9.045942382812500000e+03
-9.065946289062500000e+03
-9.085946289062500000e+03
-9.105955078125000000e+03
-9.125962890625000000e+03
-9.145968750000000000e+03
-9.165970703125000000e+03
-9.266000976562500000e+03
-9.286004882812500000e+03
-9.306005859375000000e+03
-9.326012695312500000e+03
-9.346022460937500000e+03
-9.366024414062500000e+03
-9.386031250000000000e+03
-9.406034179687500000e+03
-9.426043945312500000e+03
-9.446046875000000000e+03
-9.466057617187500000e+03
-9.486056640625000000e+03
-9.506064453125000000e+03
-9.526073242187500000e+03
-9.546075195312500000e+03
-9.566083007812500000e+03
-9.586090820312500000e+03
-9.606092773437500000e+03
-9.626100585937500000e+03
-9.646099609375000000e+03
-9.666112304687500000e+03
-9.686115234375000000e+03
-9.706120117187500000e+03
-9.726125000000000000e+03
-9.746132812500000000e+03
-9.766136718750000000e+03
-9.786138671875000000e+03
-9.806146484375000000e+03
-9.906172851562500000e+03
-9.926178710937500000e+03
-9.946191406250000000e+03
-9.966189453125000000e+03
-9.986196289062500000e+03
-1.000620605468750000e+04
-1.002620703125000000e+04
-1.004620996093750000e+04
-1.006621777343750000e+04
-1.008622167968750000e+04
-1.010622851562500000e+04
-1.012623046875000000e+04
-1.014623828125000000e+04
-1.016624804687500000e+04
-1.018624902343750000e+04
-1.020625585937500000e+04
-1.022625878906250000e+04
-1.024626367187500000e+04
-1.026627539062500000e+04
-1.028627832031250000e+04
-1.030627636718750000e+04
-1.032628906250000000e+04
-1.034629589843750000e+04
-1.036629882812500000e+04
-1.038630273437500000e+04
-1.040630566406250000e+04
-1.042631738281250000e+04
-1.044632421875000000e+04
-1.054634960937500000e+04
-1.056635156250000000e+04
-1.058636230468750000e+04
-1.060636230468750000e+04
-1.062637011718750000e+04
-1.064637695312500000e+04
-1.066637890625000000e+04
-1.068638378906250000e+04
-1.070639160156250000e+04
-1.072639843750000000e+04
-1.074640332031250000e+04
-1.076640917968750000e+04
-1.078641210937500000e+04
-1.080641894531250000e+04
-1.082642578125000000e+04
-1.084642480468750000e+04
-1.086643261718750000e+04
-1.088644042968750000e+04
-1.090645214843750000e+04
-1.092645117187500000e+04
-1.094645410156250000e+04
-1.096646679687500000e+04
-1.098647167968750000e+04
-1.100646679687500000e+04
-1.102648046875000000e+04
-1.104648339843750000e+04
-1.106648339843750000e+04
-1.108649218750000000e+04
-1.118652246093750000e+04
-1.120652832031250000e+04
-1.122653515625000000e+04
-1.124653125000000000e+04
-1.126654492187500000e+04
-1.128654980468750000e+04
-1.130655566406250000e+04
-1.132655761718750000e+04
-1.134656640625000000e+04
-1.136657421875000000e+04
-1.138657128906250000e+04
-1.140658203125000000e+04
-1.142658691406250000e+04
-1.144659179687500000e+04
-1.146659667968750000e+04
-1.148659960937500000e+04
-1.150660742187500000e+04
-1.152661230468750000e+04
-1.154662304687500000e+04
-1.156662695312500000e+04
-1.158663378906250000e+04
-1.160663183593750000e+04
-1.162663769531250000e+04
-1.164664355468750000e+04
-1.166664941406250000e+04
-1.168665820312500000e+04
-1.170666406250000000e+04
-1.172667187500000000e+04
-1.182669335937500000e+04
-1.184670019531250000e+04
-1.186670996093750000e+04
-1.188671093750000000e+04
-1.190671484375000000e+04
-1.192672070312500000e+04
-1.194672656250000000e+04
-1.196673242187500000e+04
-1.198674414062500000e+04
-1.200674511718750000e+04
-1.202675195312500000e+04
-1.204675097656250000e+04
-1.206676171875000000e+04
-1.208676953125000000e+04
-1.210677246093750000e+04
-1.212677246093750000e+04
-1.214678027343750000e+04
-1.216679101562500000e+04
-1.218679394531250000e+04
-1.220679882812500000e+04
-1.222680273437500000e+04
-1.224681445312500000e+04
-1.226681445312500000e+04
-1.228682421875000000e+04
-1.230682519531250000e+04
-1.232682714843750000e+04
-1.234683496093750000e+04
-1.236683984375000000e+04
-1.246687109375000000e+04
-1.248687597656250000e+04
-1.250688281250000000e+04
-1.252688574218750000e+04
-1.254688867187500000e+04
-1.256689648437500000e+04
-1.258689843750000000e+04
-1.260691015625000000e+04
-1.262691308593750000e+04
-1.264691796875000000e+04
-1.266691894531250000e+04
-1.268693066406250000e+04
-1.270693066406250000e+04
-1.272694238281250000e+04
-1.274694531250000000e+04
-1.276695117187500000e+04
-1.278695507812500000e+04
-1.280696386718750000e+04
-1.282696777343750000e+04
-1.284697265625000000e+04
-1.286697558593750000e+04
-1.288698437500000000e+04
-1.290698925781250000e+04
-1.292699804687500000e+04
-1.294700195312500000e+04
-1.296700097656250000e+04
-1.298700488281250000e+04
-1.300701269531250000e+04
-1.310704492187500000e+04
-1.312704882812500000e+04
-1.314705859375000000e+04
-1.316706054687500000e+04
-1.318706640625000000e+04
-1.320706933593750000e+04
-1.322707519531250000e+04
-1.324707617187500000e+04
-1.326709277343750000e+04
-1.328709570312500000e+04
-1.330709570312500000e+04
-1.332710546875000000e+04
-1.334710937500000000e+04
-1.336711718750000000e+04
-1.338712500000000000e+04
-1.340711914062500000e+04
-1.342712792968750000e+04
-1.344713476562500000e+04
-1.346713574218750000e+04
-1.348714355468750000e+04
-1.350715234375000000e+04
-1.352716015625000000e+04
-1.354716406250000000e+04
-1.356716699218750000e+04
-1.358717968750000000e+04
-1.360718457031250000e+04
-1.362717675781250000e+04
-1.364719140625000000e+04
-1.374722167968750000e+04
-1.376722851562500000e+04
-1.378722753906250000e+04
-1.380723632812500000e+04
-1.382723925781250000e+04
-1.384724609375000000e+04
-1.386724804687500000e+04
-1.388725488281250000e+04
-1.390726367187500000e+04
-1.392727050781250000e+04
-1.394726171875000000e+04
-1.396727832031250000e+04
-1.398728710937500000e+04
-1.400729296875000000e+04
-1.402729296875000000e+04
-1.404730078125000000e+04
-1.406730566406250000e+04
-1.408730761718750000e+04
-1.410731347656250000e+04
-1.412731542968750000e+04
-1.414732324218750000e+04
-1.416732910156250000e+04
-1.418734082031250000e+04
-1.420733984375000000e+04
-1.422734765625000000e+04
-1.424735546875000000e+04
-1.426735937500000000e+04
-1.428736132812500000e+04
-1.438738769531250000e+04
-1.440739746093750000e+04
-1.442740332031250000e+04
-1.444740820312500000e+04
-1.446741406250000000e+04
-1.448741894531250000e+04
-1.450742187500000000e+04
-1.452742773437500000e+04
-1.454743750000000000e+04
-1.456744042968750000e+04
-1.458744628906250000e+04
-1.460744921875000000e+04
-1.462745507812500000e+04
-1.464746191406250000e+04
-1.466746972656250000e+04
-1.468747265625000000e+04
-1.470748242187500000e+04
-1.472748535156250000e+04
-1.474748632812500000e+04
-1.476749707031250000e+04
-1.478749902343750000e+04
-1.480750976562500000e+04
-1.482750585937500000e+04
-1.484751660156250000e+04
-1.486752343750000000e+04
-1.488753125000000000e+04
-1.490752539062500000e+04
-1.492753808593750000e+04
-1.502756347656250000e+04
-1.504756250000000000e+04
-1.506758398437500000e+04
-1.508758007812500000e+04
-1.510758984375000000e+04
-1.512759960937500000e+04
-1.514759863281250000e+04
-1.516759667968750000e+04
-1.518760644531250000e+04
-1.520761718750000000e+04
-1.522761816406250000e+04
-1.524762304687500000e+04
-1.526763085937500000e+04
-1.528764257812500000e+04
-1.530764746093750000e+04
-1.532764843750000000e+04
-1.534764746093750000e+04
-1.536765332031250000e+04
-1.538767578125000000e+04
-1.540766796875000000e+04
-1.542766699218750000e+04
-1.544767968750000000e+04
-1.546768359375000000e+04
-1.548768945312500000e+04
-1.550770019531250000e+04
-1.552770996093750000e+04
-1.554771191406250000e+04
-1.556771972656250000e+04
-1.566773339843750000e+04
-1.568773632812500000e+04
-1.570775781250000000e+04
-1.572775683593750000e+04
-1.574776171875000000e+04
-1.576776855468750000e+04
-1.578777929687500000e+04
-1.580777343750000000e+04
-1.582779101562500000e+04
-1.584778808593750000e+04
-1.586778906250000000e+04
-1.588779687500000000e+04
-1.590779687500000000e+04
-1.592781445312500000e+04
-1.594781738281250000e+04
-1.596782519531250000e+04
-1.598782519531250000e+04
-1.600783789062500000e+04
-1.602783886718750000e+04
-1.604784472656250000e+04
-1.606784277343750000e+04
-1.608784375000000000e+04
-1.610784960937500000e+04
-1.612785351562500000e+04
-1.614787792968750000e+04
-1.616787207031250000e+04
-1.618788183593750000e+04
-1.620788671875000000e+04
-1.630790917968750000e+04
-1.632791503906250000e+04
-1.634792480468750000e+04
-1.636793164062500000e+04
-1.638792578125000000e+04
-1.640794531250000000e+04
-1.642794335937500000e+04
-1.644795117187500000e+04
-1.646796093750000000e+04
-1.648796679687500000e+04
-1.650797656250000000e+04
-1.652797265625000000e+04
-1.654796679687500000e+04
-1.656798046875000000e+04
-1.658799609375000000e+04
-1.660800195312500000e+04
-1.662800195312500000e+04
-1.664799804687500000e+04
-1.666801757812500000e+04
-1.668801562500000000e+04
-1.670801953125000000e+04
-1.672802343750000000e+04
-1.674802734375000000e+04
-1.676802539062500000e+04
-1.678804296875000000e+04
-1.680805078125000000e+04
-1.682806054687500000e+04
-1.684805664062500000e+04
-1.694808593750000000e+04
-1.696809375000000000e+04
-1.698809375000000000e+04
-1.700809960937500000e+04
-1.702810937500000000e+04
-1.704812500000000000e+04
-1.706812304687500000e+04
-1.708811914062500000e+04
-1.710813085937500000e+04
-1.712813476562500000e+04
-1.714814648437500000e+04
-1.716815039062500000e+04
-1.718815039062500000e+04
-1.720816015625000000e+04
-1.722815625000000000e+04
-1.724816796875000000e+04
-1.726817968750000000e+04
-1.728817382812500000e+04
-1.730817773437500000e+04
-1.732818554687500000e+04
-1.734819335937500000e+04
-1.736820898437500000e+04
-1.738820703125000000e+04
-1.740820507812500000e+04
-1.742822265625000000e+04
-1.744822656250000000e+04
-1.746823828125000000e+04
-1.748823437500000000e+04
-1.758825585937500000e+04
-1.760826953125000000e+04
-1.762827343750000000e+04
-1.764826171875000000e+04
-1.766828320312500000e+04
-1.768829492187500000e+04
-1.770830078125000000e+04
-1.772830078125000000e+04
-1.774830664062500000e+04
-1.776830664062500000e+04
-1.778832421875000000e+04
-1.780832226562500000e+04
-1.782832617187500000e+04
-1.784833593750000000e+04
-1.786833398437500000e+04
-1.788834375000000000e+04
-1.790834765625000000e+04
-1.792835742187500000e+04
-1.794835742187500000e+04
-1.796836328125000000e+04
-1.798835742187500000e+04
-1.800838085937500000e+04
-1.802838281250000000e+04
-1.804838476562500000e+04
-1.806839257812500000e+04
-1.808840039062500000e+04
-1.810839843750000000e+04
-1.812841406250000000e+04
-1.822843554687500000e+04
-1.824843164062500000e+04
-1.826846289062500000e+04
-1.828844726562500000e+04
-1.830845703125000000e+04
-1.832846289062500000e+04
-1.834847851562500000e+04
-1.836847460937500000e+04
-1.838847851562500000e+04
-1.840849609375000000e+04
-1.842848437500000000e+04
-1.844848828125000000e+04
-1.846849609375000000e+04
-1.848851757812500000e+04
-1.850851367187500000e+04
-1.852851367187500000e+04
-1.854851953125000000e+04
-1.856852734375000000e+04
-1.858852539062500000e+04
-1.860853320312500000e+04
-1.862854492187500000e+04
-1.864854882812500000e+04
-1.866855468750000000e+04
-1.868856640625000000e+04
-1.870856835937500000e+04
-1.872857617187500000e+04
-1.874857812500000000e+04
-1.876858007812500000e+04
-1.886860546875000000e+04
-1.888861914062500000e+04
-1.890862304687500000e+04
-1.892862304687500000e+04
-1.894863281250000000e+04
-1.896863671875000000e+04
-1.898863867187500000e+04
-1.900864843750000000e+04
-1.902865820312500000e+04
-1.904865429687500000e+04
-1.906866992187500000e+04
-1.908866796875000000e+04
-1.910868750000000000e+04
-1.912868750000000000e+04
-1.914868945312500000e+04
-1.916868945312500000e+04
-1.918869335937500000e+04
-1.920869531250000000e+04
-1.922871289062500000e+04
-1.924872265625000000e+04
-1.926870898437500000e+04
-1.928871875000000000e+04
-1.930872265625000000e+04
-1.932873242187500000e+04
-1.934874218750000000e+04
-1.936874414062500000e+04
-1.938875585937500000e+04
-1.940875195312500000e+04
-1.950878320312500000e+04
-1.952877734375000000e+04
-1.954880078125000000e+04
-1.956879882812500000e+04
-1.958880273437500000e+04
-1.960881250000000000e+04
-1.962881640625000000e+04
-1.964882226562500000e+04
-1.966883593750000000e+04
-1.968883007812500000e+04
-1.970883007812500000e+04
-1.972885156250000000e+04
-1.974884375000000000e+04
-1.976885351562500000e+04
-1.978885156250000000e+04
-1.980886328125000000e+04
-1.982886718750000000e+04
-1.984888476562500000e+04
-1.986887304687500000e+04
-1.988889257812500000e+04
-1.990889453125000000e+04
-1.992889648437500000e+04
-1.994890039062500000e+04
-1.996890234375000000e+04
-1.998891015625000000e+04
-2.000891406250000000e+04
-2.002891406250000000e+04
-2.004893359375000000e+04
-2.014895312500000000e+04
-2.016895703125000000e+04
-2.018897070312500000e+04
-2.020897656250000000e+04
-2.022897656250000000e+04
-2.024898632812500000e+04
-2.026899023437500000e+04
-2.028900000000000000e+04
-2.030900390625000000e+04
-2.032901953125000000e+04
-2.034901171875000000e+04
-2.036900781250000000e+04
-2.038902734375000000e+04
-2.040902148437500000e+04
-2.042902929687500000e+04
-2.044903320312500000e+04
-2.046903710937500000e+04
-2.048905078125000000e+04
-2.050905468750000000e+04
-2.052906054687500000e+04
-2.054906640625000000e+04
-2.056907226562500000e+04
-2.058907617187500000e+04
-2.060909375000000000e+04
-2.062908007812500000e+04
-2.064908203125000000e+04
-2.066910742187500000e+04
-2.068909375000000000e+04
-2.078912695312500000e+04
-2.080913867187500000e+04
-2.082915039062500000e+04
-2.084913476562500000e+04
-2.086915234375000000e+04
-2.088916406250000000e+04
-2.090916015625000000e+04
-2.092916796875000000e+04
-2.094917968750000000e+04
-2.096918164062500000e+04
-2.098918945312500000e+04
-2.100919335937500000e+04
-2.102919726562500000e+04
-2.104919531250000000e+04
-2.106920117187500000e+04
-2.108920898437500000e+04
-2.110921679687500000e+04
-2.112922265625000000e+04
-2.114923242187500000e+04
-2.116923632812500000e+04
-2.118924609375000000e+04
-2.120925585937500000e+04
-2.122925195312500000e+04
-2.124925000000000000e+04
-2.126925781250000000e+04
-2.128927343750000000e+04
-2.130927343750000000e+04
-2.132928125000000000e+04
-2.142931250000000000e+04
-2.144930664062500000e+04
-2.146932421875000000e+04
-2.148932226562500000e+04
-2.150932617187500000e+04
-2.152933789062500000e+04
-2.154934375000000000e+04
-2.156933593750000000e+04
-2.158935351562500000e+04
-2.160935742187500000e+04
-2.162935937500000000e+04
-2.164936523437500000e+04
-2.166938671875000000e+04
-2.168937304687500000e+04
-2.170938867187500000e+04
-2.172939257812500000e+04
-2.174939453125000000e+04
-2.176940039062500000e+04
-2.178940820312500000e+04
-2.180940625000000000e+04
-2.182942578125000000e+04
-2.184941601562500000e+04
-2.186942187500000000e+04
-2.188943554687500000e+04
-2.190942968750000000e+04
-2.192944335937500000e+04
-2.194944335937500000e+04
-2.196945898437500000e+04
