-1.418379020690917969e+01
-1.425175952911376953e+01
-1.431973075866699219e+01
-1.438770771026611328e+01
-1.445568084716796875e+01
-1.452365398406982422e+01
-1.459163188934326172e+01
-1.465960502624511719e+01
-1.472757244110107422e+01
-1.479554557800292969e+01
-1.486351871490478516e+01
-1.493149566650390625e+01
-1.499946880340576172e+01
-1.506744003295898438e+01
-1.513541507720947266e+01
-1.520338630676269531e+01
-1.527136325836181641e+01
-1.533933448791503906e+01
-1.540730762481689453e+01
-1.547528076171875000e+01
-1.554325580596923828e+01
-1.561122798919677734e+01
-1.567920112609863281e+01
-1.574717617034912109e+01
-1.581515121459960938e+01
-1.588312244415283203e+01
-1.595109558105468750e+01
-1.601906776428222656e+01
-1.635893249511718750e+01
-1.642691230773925781e+01
-1.649487876892089844e+01
-1.656285667419433594e+01
-1.663082313537597656e+01
-1.669880294799804688e+01
-1.676677513122558594e+01
-1.683474731445312500e+01
-1.690271949768066406e+01
-1.697069358825683594e+01
-1.703866386413574219e+01
-1.710663986206054688e+01
-1.717461585998535156e+01
-1.724258995056152344e+01
-1.731055641174316406e+01
-1.737853240966796875e+01
-1.744651031494140625e+01
-1.751448059082031250e+01
-1.758245468139648438e+01
-1.765043067932128906e+01
-1.771840095520019531e+01
-1.778637695312500000e+01
-1.785434722900390625e+01
-1.792232131958007812e+01
-1.799029731750488281e+01
-1.805827522277832031e+01
-1.812623596191406250e+01
-1.819421768188476562e+01
-1.853408241271972656e+01
-1.860204887390136719e+01
-1.867002677917480469e+01
-1.873800277709960938e+01
-1.880597305297851562e+01
-1.887395095825195312e+01
-1.894191932678222656e+01
-1.900989341735839844e+01
-1.907786750793457031e+01
-1.914583969116210938e+01
-1.921381187438964844e+01
-1.928179550170898438e+01
-1.934976387023925781e+01
-1.941773414611816406e+01
-1.948571205139160156e+01
-1.955368614196777344e+01
-1.962165832519531250e+01
-1.968962478637695312e+01
-1.975760078430175781e+01
-1.982557678222656250e+01
-1.989354705810546875e+01
-1.996152305603027344e+01
-2.002949333190917969e+01
-2.009746932983398438e+01
-2.016544151306152344e+01
-2.023341369628906250e+01
-2.030138587951660156e+01
-2.036935997009277344e+01
-2.070922851562500000e+01
-2.077719497680664062e+01
-2.084517478942871094e+01
-2.091314888000488281e+01
-2.098110961914062500e+01
-2.104909515380859375e+01
-2.111707305908203125e+01
-2.118503952026367188e+01
-2.125301170349121094e+01
-2.132099342346191406e+01
-2.138895606994628906e+01
-2.145693016052246094e+01
-2.152489662170410156e+01
-2.159288024902343750e+01
-2.166085815429687500e+01
-2.172883224487304688e+01
-2.179680442810058594e+01
-2.186476898193359375e+01
-2.193275070190429688e+01
-2.200072288513183594e+01
-2.206869506835937500e+01
-2.213667106628417969e+01
-2.220464134216308594e+01
-2.227262115478515625e+01
-2.234059333801269531e+01
-2.240855979919433594e+01
-2.247653198242187500e+01
-2.254450607299804688e+01
-2.288436698913574219e+01
-2.295234298706054688e+01
-2.302031898498535156e+01
-2.308828735351562500e+01
-2.315625762939453125e+01
-2.322424125671386719e+01
-2.329221916198730469e+01
-2.336018753051757812e+01
-2.342815780639648438e+01
-2.349612998962402344e+01
-2.356410408020019531e+01
-2.363207626342773438e+01
-2.370004844665527344e+01
-2.376802635192871094e+01
-2.383600616455078125e+01
-2.390397071838378906e+01
-2.397195053100585938e+01
-2.403990936279296875e+01
-2.410789680480957031e+01
-2.417587089538574219e+01
-2.424383354187011719e+01
-2.431181526184082031e+01
-2.437979316711425781e+01
-2.444777107238769531e+01
-2.451573181152343750e+01
-2.458370780944824219e+01
-2.465167617797851562e+01
-2.471965980529785156e+01
-2.505952644348144531e+01
-2.512748908996582031e+01
-2.519546127319335938e+01
-2.526343917846679688e+01
-2.533141899108886719e+01
-2.539937019348144531e+01
-2.546736145019531250e+01
-2.553532409667968750e+01
-2.560331535339355469e+01
-2.567127418518066406e+01
-2.573924636840820312e+01
-2.580723190307617188e+01
-2.587519264221191406e+01
-2.594317436218261719e+01
-2.601114273071289062e+01
-2.607912635803222656e+01
-2.614710044860839844e+01
-2.621507263183593750e+01
-2.628303527832031250e+01
-2.635101890563964844e+01
-2.641898918151855469e+01
-2.648696517944335938e+01
-2.655492782592773438e+01
-2.662291526794433594e+01
-2.669088172912597656e+01
-2.675885391235351562e+01
-2.682682418823242188e+01
-2.689480781555175781e+01
-2.723467254638671875e+01
-2.730263900756835938e+01
-2.737060737609863281e+01
-2.743858146667480469e+01
-2.750654602050781250e+01
-2.757452774047851562e+01
-2.764250373840332031e+01
-2.771047019958496094e+01
-2.777844619750976562e+01
-2.784643554687500000e+01
-2.791439247131347656e+01
-2.798237037658691406e+01
-2.805035018920898438e+01
-2.811833000183105469e+01
-2.818628883361816406e+01
-2.825426483154296875e+01
-2.832224655151367188e+01
-2.839022254943847656e+01
-2.845818519592285156e+01
-2.852615356445312500e+01
-2.859413909912109375e+01
-2.866211509704589844e+01
-2.873007774353027344e+01
-2.879805374145507812e+01
-2.886603546142578125e+01
-2.893401145935058594e+01
-2.900196647644042969e+01
-2.906994628906250000e+01
-2.940981101989746094e+01
-2.947778129577636719e+01
-2.954574203491210938e+01
-2.961373519897460938e+01
-2.968170738220214844e+01
-2.974968147277832031e+01
-2.981765365600585938e+01
-2.988562393188476562e+01
-2.995359992980957031e+01
-3.002157974243164062e+01
-3.008954238891601562e+01
-3.015751838684082031e+01
-3.022548866271972656e+01
-3.029346084594726562e+01
-3.036144638061523438e+01
-3.042941856384277344e+01
-3.049738502502441406e+01
-3.056536865234375000e+01
-3.063332366943359375e+01
-3.070131111145019531e+01
-3.076927375793457031e+01
-3.083726119995117188e+01
-3.090523147583007812e+01
-3.097318458557128906e+01
-3.104116821289062500e+01
-3.110914993286132812e+01
-3.117712593078613281e+01
-3.124508857727050781e+01
-3.158496475219726562e+01
-3.165293121337890625e+01
-3.172089195251464844e+01
-3.178886985778808594e+01
-3.185685729980468750e+01
-3.192481994628906250e+01
-3.199279594421386719e+01
-3.206076049804687500e+01
-3.212874984741210938e+01
-3.219671249389648438e+01
-3.226470565795898438e+01
-3.233265686035156250e+01
-3.240063858032226562e+01
-3.246862411499023438e+01
-3.253658294677734375e+01
-3.260456466674804688e+01
-3.267254638671875000e+01
-3.274050903320312500e+01
-3.280849075317382812e+01
-3.287644195556640625e+01
-3.294443893432617188e+01
-3.301240539550781250e+01
-3.308037567138671875e+01
-3.314834594726562500e+01
-3.321632766723632812e+01
-3.328429794311523438e+01
-3.335225677490234375e+01
-3.342023849487304688e+01
-3.376010513305664062e+01
-3.382807922363281250e+01
-3.389607620239257812e+01
-3.396402359008789062e+01
-3.403200149536132812e+01
-3.409999084472656250e+01
-3.416794967651367188e+01
-3.423591232299804688e+01
-3.430389404296875000e+01
-3.437186431884765625e+01
-3.443984222412109375e+01
-3.450780105590820312e+01
-3.457578277587890625e+01
-3.464377212524414062e+01
-3.471173095703125000e+01
-3.477970886230468750e+01
-3.484767150878906250e+01
-3.491564559936523438e+01
-3.498363876342773438e+01
-3.505160522460937500e+01
-3.511955261230468750e+01
-3.518754959106445312e+01
-3.525552749633789062e+01
-3.532349395751953125e+01
-3.539146041870117188e+01
-3.545942687988281250e+01
-3.552742004394531250e+01
-3.559539794921875000e+01
-3.593526077270507812e+01
-3.600321960449218750e+01
-3.607121276855468750e+01
-3.613916778564453125e+01
-3.620714950561523438e+01
-3.627512741088867188e+01
-3.634308624267578125e+01
-3.641106033325195312e+01
-3.647904205322265625e+01
-3.654701995849609375e+01
-3.661499023437500000e+01
-3.668296432495117188e+01
-3.675093078613281250e+01
-3.681890869140625000e+01
-3.688688659667968750e+01
-3.695483779907226562e+01
-3.702281951904296875e+01
-3.709080123901367188e+01
-3.715879440307617188e+01
-3.722674560546875000e+01
-3.729471206665039062e+01
-3.736270904541015625e+01
-3.743067932128906250e+01
-3.749861907958984375e+01
-3.756661987304687500e+01
-3.763458633422851562e+01
-3.770254135131835938e+01
-3.777052307128906250e+01
-3.811040115356445312e+01
-3.817837524414062500e+01
-3.824635314941406250e+01
-3.831429672241210938e+01
-3.838229751586914062e+01
-3.845026779174804688e+01
-3.851824188232421875e+01
-3.858620452880859375e+01
-3.865419006347656250e+01
-3.872217178344726562e+01
-3.879011535644531250e+01
-3.885810852050781250e+01
-3.892607879638671875e+01
-3.899404907226562500e+01
-3.906202316284179688e+01
-3.912998580932617188e+01
-3.919796752929687500e+01
-3.926593780517578125e+01
-3.933393096923828125e+01
-3.940189743041992188e+01
-3.946987533569335938e+01
-3.953782653808593750e+01
-3.960580062866210938e+01
-3.967377471923828125e+01
-3.974174880981445312e+01
-3.980973434448242188e+01
-3.987770843505859375e+01
-3.994569015502929688e+01
-4.028553771972656250e+01
-4.035351562500000000e+01
-4.042150497436523438e+01
-4.048945999145507812e+01
-4.055743026733398438e+01
-4.062540435791015625e+01
-4.069337844848632812e+01
-4.076135253906250000e+01
-4.082934951782226562e+01
-4.089730834960937500e+01
-4.096528625488281250e+01
-4.103323745727539062e+01
-4.110122680664062500e+01
-4.116920852661132812e+01
-4.123717498779296875e+01
-4.130513000488281250e+01
-4.137311172485351562e+01
-4.144110107421875000e+01
-4.150906753540039062e+01
-4.157703781127929688e+01
-4.164500427246093750e+01
-4.171300125122070312e+01
-4.178095626831054688e+01
-4.184894180297851562e+01
-4.191690063476562500e+01
-4.198486328125000000e+01
-4.205284500122070312e+01
-4.212081527709960938e+01
-4.246069717407226562e+01
-4.252866744995117188e+01
-4.259664535522460938e+01
-4.266461181640625000e+01
-4.273257446289062500e+01
-4.280055618286132812e+01
-4.286851882934570312e+01
-4.293651199340820312e+01
-4.300447845458984375e+01
-4.307244873046875000e+01
-4.314040756225585938e+01
-4.320840072631835938e+01
-4.327635574340820312e+01
-4.334435272216796875e+01
-4.341231536865234375e+01
-4.348028945922851562e+01
-4.354825973510742188e+01
-4.361624526977539062e+01
-4.368421173095703125e+01
-4.375218200683593750e+01
-4.382014846801757812e+01
-4.388813400268554688e+01
-4.395610427856445312e+01
-4.402408981323242188e+01
-4.409205627441406250e+01
-4.416000747680664062e+01
-4.422797775268554688e+01
-4.429595947265625000e+01
-4.463584136962890625e+01
-4.470381164550781250e+01
-4.477179718017578125e+01
-4.483975982666015625e+01
-4.490773391723632812e+01
-4.497570037841796875e+01
-4.504367446899414062e+01
-4.511163330078125000e+01
-4.517964172363281250e+01
-4.524760818481445312e+01
-4.531556320190429688e+01
-4.538355255126953125e+01
-4.545151901245117188e+01
-4.551950073242187500e+01
-4.558748245239257812e+01
-4.565541839599609375e+01
-4.572340011596679688e+01
-4.579137802124023438e+01
-4.585933685302734375e+01
-4.592731857299804688e+01
-4.599530410766601562e+01
-4.606328582763671875e+01
-4.613125228881835938e+01
-4.619921875000000000e+01
-4.626721572875976562e+01
-4.633518600463867188e+01
-4.640311431884765625e+01
-4.647111892700195312e+01
-4.681099700927734375e+01
-4.687897491455078125e+01
-4.694692611694335938e+01
-4.701491165161132812e+01
-4.708287811279296875e+01
-4.715085601806640625e+01
-4.721881484985351562e+01
-4.728679275512695312e+01
-4.735477828979492188e+01
-4.742275619506835938e+01
-4.749068069458007812e+01
-4.755869293212890625e+01
-4.762667846679687500e+01
-4.769465255737304688e+01
-4.776260757446289062e+01
-4.783058929443359375e+01
-4.789855957031250000e+01
-4.796652221679687500e+01
-4.803449630737304688e+01
-4.810245895385742188e+01
-4.817044067382812500e+01
-4.823841476440429688e+01
-4.830640792846679688e+01
-4.837435913085937500e+01
-4.844234085083007812e+01
-4.851032257080078125e+01
-4.857829284667968750e+01
-4.864625167846679688e+01
-4.898611831665039062e+01
-4.905410385131835938e+01
-4.912207794189453125e+01
-4.919005203247070312e+01
-4.925802612304687500e+01
-4.932599639892578125e+01
-4.939396286010742188e+01
-4.946193695068359375e+01
-4.952992630004882812e+01
-4.959788894653320312e+01
-4.966586303710937500e+01
-4.973382949829101562e+01
-4.980180358886718750e+01
-4.986978149414062500e+01
-4.993776321411132812e+01
-5.000572967529296875e+01
-5.007371520996093750e+01
-5.014168167114257812e+01
-5.020964050292968750e+01
-5.027762985229492188e+01
-5.034559249877929688e+01
-5.041358184814453125e+01
-5.048152542114257812e+01
-5.054951477050781250e+01
-5.061749267578125000e+01
-5.068547439575195312e+01
-5.075341033935546875e+01
-5.082140731811523438e+01
-5.116127014160156250e+01
-5.122922134399414062e+01
-5.129724884033203125e+01
-5.136518859863281250e+01
-5.143317794799804688e+01
-5.150116729736328125e+01
-5.156911849975585938e+01
-5.163706588745117188e+01
-5.170505523681640625e+01
-5.177304458618164062e+01
-5.184100341796875000e+01
-5.190897369384765625e+01
-5.197695541381835938e+01
-5.204495239257812500e+01
-5.211292266845703125e+01
-5.218088150024414062e+01
-5.224883270263671875e+01
-5.231680679321289062e+01
-5.238483810424804688e+01
-5.245276641845703125e+01
-5.252071762084960938e+01
-5.258871459960937500e+01
-5.265668487548828125e+01
-5.272465896606445312e+01
-5.279264831542968750e+01
-5.286063766479492188e+01
-5.292860031127929688e+01
-5.299658203125000000e+01
-5.333640289306640625e+01
-5.340436553955078125e+01
-5.347239303588867188e+01
-5.354034423828125000e+01
-5.360831832885742188e+01
-5.367629623413085938e+01
-5.374428558349609375e+01
-5.381222152709960938e+01
-5.388023757934570312e+01
-5.394818115234375000e+01
-5.401613998413085938e+01
-5.408412170410156250e+01
-5.415207672119140625e+01
-5.422008895874023438e+01
-5.428805541992187500e+01
-5.435603713989257812e+01
-5.442399215698242188e+01
-5.449198913574218750e+01
-5.455994796752929688e+01
-5.462792205810546875e+01
-5.469586944580078125e+01
-5.476382827758789062e+01
-5.483180236816406250e+01
-5.489977264404296875e+01
-5.496780776977539062e+01
-5.503574371337890625e+01
-5.510373306274414062e+01
-5.517170333862304688e+01
-5.551155471801757812e+01
-5.557952880859375000e+01
-5.564751815795898438e+01
-5.571549606323242188e+01
-5.578343200683593750e+01
-5.585145187377929688e+01
-5.591939926147460938e+01
-5.598738098144531250e+01
-5.605537033081054688e+01
-5.612334442138671875e+01
-5.619132995605468750e+01
-5.625927352905273438e+01
-5.632720947265625000e+01
-5.639520645141601562e+01
-5.646321487426757812e+01
-5.653118896484375000e+01
-5.659914779663085938e+01
-5.666709136962890625e+01
-5.673510742187500000e+01
-5.680305862426757812e+01
-5.687102508544921875e+01
-5.693899536132812500e+01
-5.700696182250976562e+01
-5.707491302490234375e+01
-5.714292526245117188e+01
-5.721090316772460938e+01
-5.727889251708984375e+01
-5.734683609008789062e+01
-5.768671035766601562e+01
-5.775468826293945312e+01
-5.782264709472656250e+01
-5.789062118530273438e+01
-5.795860671997070312e+01
-5.802661895751953125e+01
-5.809456253051757812e+01
-5.816250610351562500e+01
-5.823049926757812500e+01
-5.829846572875976562e+01
-5.836646270751953125e+01
-5.843442916870117188e+01
-5.850238418579101562e+01
-5.857037353515625000e+01
-5.863831710815429688e+01
-5.870631408691406250e+01
-5.877430725097656250e+01
-5.884224319458007812e+01
-5.891020965576171875e+01
-5.897818756103515625e+01
-5.904616928100585938e+01
-5.911418151855468750e+01
-5.918212509155273438e+01
-5.925007247924804688e+01
-5.931809234619140625e+01
-5.938605880737304688e+01
-5.945405578613281250e+01
-5.952199554443359375e+01
-5.986183929443359375e+01
-5.992984390258789062e+01
-5.999781417846679688e+01
-6.006572723388671875e+01
-6.013375473022460938e+01
-6.020175170898437500e+01
-6.026972198486328125e+01
-6.033768081665039062e+01
-6.040565490722656250e+01
-6.047360610961914062e+01
-6.054162216186523438e+01
-6.060957336425781250e+01
-6.067753982543945312e+01
-6.074552917480468750e+01
-6.081347656250000000e+01
-6.088146591186523438e+01
-6.094943237304687500e+01
-6.101741790771484375e+01
-6.108537673950195312e+01
-6.115335083007812500e+01
-6.122128677368164062e+01
-6.128931808471679688e+01
-6.135727691650390625e+01
-6.142524337768554688e+01
-6.149322509765625000e+01
-6.156120300292968750e+01
-6.162915420532226562e+01
-6.169715881347656250e+01
-6.203700637817382812e+01
-6.210494995117187500e+01
-6.217300796508789062e+01
-6.224091339111328125e+01
-6.230889892578125000e+01
-6.237687301635742188e+01
-6.244488525390625000e+01
-6.251282119750976562e+01
-6.258079147338867188e+01
-6.264880371093750000e+01
-6.271672439575195312e+01
-6.278469085693359375e+01
-6.285266876220703125e+01
-6.292069625854492188e+01
-6.298863983154296875e+01
-6.305659484863281250e+01
-6.312456893920898438e+01
-6.319255065917968750e+01
-6.326050186157226562e+01
-6.332847976684570312e+01
-6.339647674560546875e+01
-6.346444320678710938e+01
-6.353241729736328125e+01
-6.360041046142578125e+01
-6.366837692260742188e+01
-6.373635864257812500e+01
-6.380431747436523438e+01
-6.387228012084960938e+01
-6.421214294433593750e+01
-6.428014373779296875e+01
-6.434810638427734375e+01
-6.441606140136718750e+01
-6.448405456542968750e+01
-6.455201721191406250e+01
-6.461997985839843750e+01
-6.468797302246093750e+01
-6.475595855712890625e+01
-6.482389831542968750e+01
-6.489190673828125000e+01
-6.495985412597656250e+01
-6.502787780761718750e+01
-6.509583282470703125e+01
-6.516379547119140625e+01
-6.523175048828125000e+01
-6.529971313476562500e+01
-6.536767578125000000e+01
-6.543569183349609375e+01
-6.550367736816406250e+01
-6.557158660888671875e+01
-6.563957977294921875e+01
-6.570754241943359375e+01
-6.577553558349609375e+01
-6.584352111816406250e+01
-6.591148376464843750e+01
-6.597947692871093750e+01
-6.604741668701171875e+01
-6.638729858398437500e+01
-6.645523071289062500e+01
-6.652326965332031250e+01
-6.659121704101562500e+01
-6.665918731689453125e+01
-6.672717285156250000e+01
-6.679514312744140625e+01
-6.686311340332031250e+01
-6.693111419677734375e+01
-6.699905395507812500e+01
-6.706700897216796875e+01
-6.713503265380859375e+01
-6.720296478271484375e+01
-6.727095031738281250e+01
-6.733889770507812500e+01
-6.740689086914062500e+01
-6.747486114501953125e+01
-6.754287719726562500e+01
-6.761079406738281250e+01
-6.767881011962890625e+01
-6.774677276611328125e+01
-6.781473541259765625e+01
-6.788270568847656250e+01
-6.795066833496093750e+01
-6.801864624023437500e+01
-6.808661651611328125e+01
-6.815457153320312500e+01
-6.822258758544921875e+01
-6.856243133544921875e+01
-6.863040161132812500e+01
-6.869840240478515625e+01
-6.876637268066406250e+01
-6.883432769775390625e+01
-6.890232086181640625e+01
-6.897028350830078125e+01
-6.903827667236328125e+01
-6.910623931884765625e+01
-6.917424774169921875e+01
-6.924217987060546875e+01
-6.931011962890625000e+01
-6.937814331054687500e+01
-6.944607543945312500e+01
-6.951406097412109375e+01
-6.958202362060546875e+01
-6.964999389648437500e+01
-6.971799468994140625e+01
-6.978596496582031250e+01
-6.985393524169921875e+01
-6.992191314697265625e+01
-6.998989105224609375e+01
-7.005785369873046875e+01
-7.012586975097656250e+01
-7.019377899169921875e+01
-7.026174163818359375e+01
-7.032978057861328125e+01
-7.039768981933593750e+01
-7.073757934570312500e+01
-7.080557250976562500e+01
-7.087356567382812500e+01
-7.094146728515625000e+01
-7.100948333740234375e+01
-7.107747650146484375e+01
-7.114541625976562500e+01
-7.121340179443359375e+01
-7.128139495849609375e+01
-7.134935760498046875e+01
-7.141733551025390625e+01
-7.148530578613281250e+01
-7.155327606201171875e+01
-7.162122344970703125e+01
-7.168919372558593750e+01
-7.175717926025390625e+01
-7.182515716552734375e+01
-7.189313507080078125e+01
-7.196112060546875000e+01
-7.202909088134765625e+01
-7.209707641601562500e+01
-7.216506958007812500e+01
-7.223300933837890625e+01
-7.230095672607421875e+01
-7.236893463134765625e+01
-7.243694305419921875e+01
-7.250489807128906250e+01
-7.257288360595703125e+01
-7.291276550292968750e+01
-7.298069763183593750e+01
-7.304871368408203125e+01
-7.311666107177734375e+01
-7.318463134765625000e+01
-7.325262451171875000e+01
-7.332059478759765625e+01
-7.338852691650390625e+01
-7.345654296875000000e+01
-7.352450561523437500e+01
-7.359246826171875000e+01
-7.366044616699218750e+01
-7.372846984863281250e+01
-7.379637908935546875e+01
-7.386438751220703125e+01
-7.393235778808593750e+01
-7.400032043457031250e+01
-7.406829071044921875e+01
-7.413627624511718750e+01
-7.420422363281250000e+01
-7.427224731445312500e+01
-7.434016418457031250e+01
-7.440814208984375000e+01
-7.447614288330078125e+01
-7.454407501220703125e+01
-7.461207580566406250e+01
-7.468003082275390625e+01
-7.474803924560546875e+01
