5.261782169342041016e+00
5.491799354553222656e+00
5.721817016601562500e+00
5.951836585998535156e+00
6.181858062744140625e+00
6.411879062652587891e+00
6.641891002655029297e+00
6.871912956237792969e+00
7.101930141448974609e+00
7.331949710845947266e+00
7.561963558197021484e+00
7.791988849639892578e+00
8.022000312805175781e+00
8.252025604248046875e+00
8.482040405273437500e+00
8.712059020996093750e+00
8.942076683044433594e+00
9.172098159790039062e+00
9.402117729187011719e+00
9.632135391235351562e+00
9.862156867980957031e+00
1.009216880798339844e+01
1.032218933105468750e+01
1.055220317840576172e+01
1.078222656250000000e+01
1.101224803924560547e+01
1.124226570129394531e+01
1.147228145599365234e+01
1.262237930297851562e+01
1.285239696502685547e+01
1.308241271972656250e+01
1.331242942810058594e+01
1.354245090484619141e+01
1.377247047424316406e+01
1.400249195098876953e+01
1.423250961303710938e+01
1.446252155303955078e+01
1.469254302978515625e+01
1.492256450653076172e+01
1.515258026123046875e+01
1.538260173797607422e+01
1.561261940002441406e+01
1.584263134002685547e+01
1.607265663146972656e+01
1.630267715454101562e+01
1.653269386291503906e+01
1.676271438598632812e+01
1.699273300170898438e+01
1.722274398803710938e+01
1.745277023315429688e+01
1.768279457092285156e+01
1.791280746459960938e+01
1.814282417297363281e+01
1.837284660339355469e+01
1.860286140441894531e+01
1.883288192749023438e+01
1.998297500610351562e+01
2.021298789978027344e+01
2.044300651550292969e+01
2.067301750183105469e+01
2.090304374694824219e+01
2.113306427001953125e+01
2.136308097839355469e+01
2.159310150146484375e+01
2.182311820983886719e+01
2.205313301086425781e+01
2.228315544128417969e+01
2.251317977905273438e+01
2.274319267272949219e+01
2.297321891784667969e+01
2.320323181152343750e+01
2.343324851989746094e+01
2.366326904296875000e+01
2.389329528808593750e+01
2.412331390380859375e+01
2.435333251953125000e+01
2.458333778381347656e+01
2.481336212158203125e+01
2.504337310791015625e+01
2.527339935302734375e+01
2.550341033935546875e+01
2.573343658447265625e+01
2.596345138549804688e+01
2.619347381591796875e+01
2.734356880187988281e+01
2.757358169555664062e+01
2.780360603332519531e+01
2.803361892700195312e+01
2.826364326477050781e+01
2.849365425109863281e+01
2.872368049621582031e+01
2.895370101928710938e+01
2.918371772766113281e+01
2.941373252868652344e+01
2.964374923706054688e+01
2.987376976013183594e+01
3.010379409790039062e+01
3.033382034301757812e+01
3.056382369995117188e+01
3.079385757446289062e+01
3.102386283874511719e+01
3.125388717651367188e+01
3.148389816284179688e+01
3.171391677856445312e+01
3.194393539428710938e+01
3.217395401000976562e+01
3.240397644042968750e+01
3.263399124145507812e+01
3.286400222778320312e+01
3.309402847290039062e+01
3.332405090332031250e+01
3.355407714843750000e+01
3.470416641235351562e+01
3.493418121337890625e+01
3.516420745849609375e+01
3.539421844482421875e+01
3.562423706054687500e+01
3.585424804687500000e+01
3.608426284790039062e+01
3.631429290771484375e+01
3.654431152343750000e+01
3.677433013916015625e+01
3.700435638427734375e+01
3.723437118530273438e+01
3.746438598632812500e+01
3.769439697265625000e+01
3.792441940307617188e+01
3.815444183349609375e+01
3.838446426391601562e+01
3.861445999145507812e+01
3.884449386596679688e+01
3.907451629638671875e+01
3.930452346801757812e+01
3.953455734252929688e+01
3.976456832885742188e+01
3.999459075927734375e+01
4.022460556030273438e+01
4.045463562011718750e+01
4.068464660644531250e+01
4.091465759277343750e+01
4.206475067138671875e+01
4.229476928710937500e+01
4.252479934692382812e+01
4.275481033325195312e+01
4.298483276367187500e+01
4.321485137939453125e+01
4.344488143920898438e+01
4.367488479614257812e+01
4.390490722656250000e+01
4.413492965698242188e+01
4.436495208740234375e+01
4.459495925903320312e+01
4.482497406005859375e+01
4.505499649047851562e+01
4.528500747680664062e+01
4.551503372192382812e+01
4.574505615234375000e+01
4.597508621215820312e+01
4.620510101318359375e+01
4.643511581420898438e+01
4.666513061523437500e+01
4.689515304565429688e+01
4.712516784667968750e+01
4.735518264770507812e+01
4.758520126342773438e+01
4.781521987915039062e+01
4.804523468017578125e+01
4.827524185180664062e+01
4.942535400390625000e+01
4.965537261962890625e+01
4.988538742065429688e+01
5.011539840698242188e+01
5.034542846679687500e+01
5.057544708251953125e+01
5.080546188354492188e+01
5.103548431396484375e+01
5.126550292968750000e+01
5.149550628662109375e+01
5.172554397583007812e+01
5.195557403564453125e+01
5.218557739257812500e+01
5.241558456420898438e+01
5.264561080932617188e+01
5.287562561035156250e+01
5.310565948486328125e+01
5.333566284179687500e+01
5.356568527221679688e+01
5.379570770263671875e+01
5.402571487426757812e+01
5.425572586059570312e+01
5.448574829101562500e+01
5.471577453613281250e+01
5.494580459594726562e+01
5.517582702636718750e+01
5.540583419799804688e+01
5.563586425781250000e+01
5.678594970703125000e+01
5.701596450805664062e+01
5.724598312377929688e+01
5.747597885131835938e+01
5.770600891113281250e+01
5.793603134155273438e+01
5.816604995727539062e+01
5.839608001708984375e+01
5.862609100341796875e+01
5.885611343383789062e+01
5.908612823486328125e+01
5.931614685058593750e+01
5.954615783691406250e+01
5.977619552612304688e+01
6.000621032714843750e+01
6.023622512817382812e+01
6.046622848510742188e+01
6.069626235961914062e+01
6.092628479003906250e+01
6.115630722045898438e+01
6.138632583618164062e+01
6.161634445190429688e+01
6.184635162353515625e+01
6.207636642456054688e+01
6.230638122558593750e+01
6.253641128540039062e+01
6.276641845703125000e+01
6.299644088745117188e+01
6.414655303955078125e+01
6.437656402587890625e+01
6.460658264160156250e+01
6.483660125732421875e+01
6.506663513183593750e+01
6.529663085937500000e+01
6.552665710449218750e+01
6.575666809082031250e+01
6.598668670654296875e+01
6.621670532226562500e+01
6.644673919677734375e+01
6.667673492431640625e+01
6.690676116943359375e+01
6.713678741455078125e+01
6.736679077148437500e+01
6.759680175781250000e+01
6.782685852050781250e+01
6.805686950683593750e+01
6.828686523437500000e+01
6.851689910888671875e+01
6.874691772460937500e+01
6.897691345214843750e+01
6.920693206787109375e+01
6.943696594238281250e+01
6.966697692871093750e+01
6.989700317382812500e+01
7.012700653076171875e+01
7.035704803466796875e+01
7.150712585449218750e+01
7.173716735839843750e+01
7.196717071533203125e+01
7.219718933105468750e+01
7.242721557617187500e+01
7.265722656250000000e+01
7.288723754882812500e+01
7.311727142333984375e+01
7.334727478027343750e+01
7.357730865478515625e+01
7.380732727050781250e+01
7.403735351562500000e+01
7.426735687255859375e+01
7.449737548828125000e+01
7.472740173339843750e+01
7.495740509033203125e+01
7.518742370605468750e+01
7.541743469238281250e+01
7.564746856689453125e+01
7.587750244140625000e+01
7.610750579833984375e+01
7.633752441406250000e+01
7.656754302978515625e+01
7.679756927490234375e+01
7.702758026123046875e+01
7.725760650634765625e+01
7.748760223388671875e+01
7.771764373779296875e+01
7.886772918701171875e+01
7.909775543212890625e+01
7.932776641845703125e+01
7.955778503417968750e+01
7.978779602050781250e+01
8.001782226562500000e+01
8.024784851074218750e+01
8.047785949707031250e+01
8.070787811279296875e+01
8.093788909912109375e+01
8.116792297363281250e+01
8.139793395996093750e+01
8.162795257568359375e+01
8.185797119140625000e+01
8.208799743652343750e+01
8.231800842285156250e+01
8.254803466796875000e+01
8.277805328369140625e+01
8.300807189941406250e+01
8.323806762695312500e+01
8.346810913085937500e+01
8.369813537597656250e+01
8.392813110351562500e+01
8.415816497802734375e+01
8.438818359375000000e+01
8.461819458007812500e+01
8.484820556640625000e+01
8.507822418212890625e+01
8.622833251953125000e+01
8.645835113525390625e+01
8.668835449218750000e+01
8.691838073730468750e+01
8.714840698242187500e+01
8.737841796875000000e+01
8.760845184326171875e+01
8.783847045898437500e+01
8.806848144531250000e+01
8.829848480224609375e+01
8.852851867675781250e+01
8.875852966308593750e+01
8.898855590820312500e+01
8.921855163574218750e+01
8.944860839843750000e+01
8.967860412597656250e+01
8.990863800048828125e+01
9.013863372802734375e+01
9.036867523193359375e+01
9.059870147705078125e+01
9.082868957519531250e+01
9.105872344970703125e+01
9.128872680664062500e+01
9.151875305175781250e+01
9.174875640869140625e+01
9.197879028320312500e+01
9.220882415771484375e+01
9.243883514404296875e+01
9.358890533447265625e+01
9.381894683837890625e+01
9.404895782470703125e+01
9.427898406982421875e+01
9.450898742675781250e+01
9.473901367187500000e+01
9.496900939941406250e+01
9.519905853271484375e+01
9.542906188964843750e+01
9.565909576416015625e+01
9.588910675048828125e+01
9.611915588378906250e+01
9.634912109375000000e+01
9.657917022705078125e+01
9.680919647216796875e+01
9.703920745849609375e+01
9.726921081542968750e+01
9.749925994873046875e+01
9.772925567626953125e+01
9.795925903320312500e+01
9.818929290771484375e+01
9.841930389404296875e+01
9.864933013916015625e+01
9.887934875488281250e+01
9.910938262939453125e+01
9.933939361572265625e+01
9.956939697265625000e+01
9.979942321777343750e+01
1.009495162963867188e+02
1.011795272827148438e+02
1.014095611572265625e+02
1.016395568847656250e+02
1.018695983886718750e+02
1.020996246337890625e+02
1.023296432495117188e+02
1.025596237182617188e+02
1.027896499633789062e+02
1.030196990966796875e+02
1.032496948242187500e+02
1.034797134399414062e+02
1.037097167968750000e+02
1.039397735595703125e+02
1.041697616577148438e+02
1.043998107910156250e+02
1.046297988891601562e+02
1.048598480224609375e+02
1.050898437500000000e+02
1.053198699951171875e+02
1.055498657226562500e+02
1.057798919677734375e+02
1.060099182128906250e+02
1.062399597167968750e+02
1.064699630737304688e+02
1.066999816894531250e+02
1.069299697875976562e+02
1.071600341796875000e+02
1.083101119995117188e+02
1.085401153564453125e+02
1.087701339721679688e+02
1.090001525878906250e+02
1.092301940917968750e+02
1.094601821899414062e+02
1.096902313232421875e+02
1.099202651977539062e+02
1.101502761840820312e+02
1.103802947998046875e+02
1.106103057861328125e+02
1.108403167724609375e+02
1.110703430175781250e+02
1.113003540039062500e+02
1.115303802490234375e+02
1.117603683471679688e+02
1.119904403686523438e+02
1.122204132080078125e+02
1.124504470825195312e+02
1.126804504394531250e+02
1.129104690551757812e+02
1.131405181884765625e+02
1.133705368041992188e+02
1.136005477905273438e+02
1.138305587768554688e+02
1.140605621337890625e+02
1.142905654907226562e+02
1.145206146240234375e+02
1.156707153320312500e+02
1.159007492065429688e+02
1.161307296752929688e+02
1.163607788085937500e+02
1.165907897949218750e+02
1.168208236694335938e+02
1.170508346557617188e+02
1.172808303833007812e+02
1.175108413696289062e+02
1.177408752441406250e+02
1.179709243774414062e+02
1.182009124755859375e+02
1.184309234619140625e+02
1.186609268188476562e+02
1.188909683227539062e+02
1.191209564208984375e+02
1.193509902954101562e+02
1.195810089111328125e+02
1.198110427856445312e+02
1.200410537719726562e+02
1.202710723876953125e+02
1.205010757446289062e+02
1.207311248779296875e+02
1.209611053466796875e+02
1.211911544799804688e+02
1.214211730957031250e+02
1.216512069702148438e+02
1.218812026977539062e+02
1.230312881469726562e+02
1.232613220214843750e+02
1.234913558959960938e+02
1.237213668823242188e+02
1.239513854980468750e+02
1.241813964843750000e+02
1.244114151000976562e+02
1.246414413452148438e+02
1.248714370727539062e+02
1.251014709472656250e+02
1.253314895629882812e+02
1.255615081787109375e+02
1.257915344238281250e+02
1.260215301513671875e+02
1.262515869140625000e+02
1.264815673828125000e+02
1.267116012573242188e+02
1.269415893554687500e+02
1.271716308593750000e+02
1.274016265869140625e+02
1.276316833496093750e+02
1.278616714477539062e+02
1.280917358398437500e+02
1.283217163085937500e+02
1.285517730712890625e+02
1.287817535400390625e+02
1.290118103027343750e+02
1.292417755126953125e+02
1.303918914794921875e+02
1.306219329833984375e+02
1.308519287109375000e+02
1.310819854736328125e+02
1.313120117187500000e+02
1.315419921875000000e+02
1.317720031738281250e+02
1.320020294189453125e+02
1.322320556640625000e+02
1.324620361328125000e+02
1.326920776367187500e+02
1.329220886230468750e+02
1.331521148681640625e+02
1.333821258544921875e+02
1.336121673583984375e+02
1.338421630859375000e+02
1.340721893310546875e+02
1.343022308349609375e+02
1.345322265625000000e+02
1.347622680664062500e+02
1.349922943115234375e+02
1.352223052978515625e+02
1.354523315429687500e+02
1.356823120117187500e+02
1.359123535156250000e+02
1.361423492431640625e+02
1.363723754882812500e+02
1.366024169921875000e+02
1.377524871826171875e+02
1.379825134277343750e+02
1.382124938964843750e+02
1.384425506591796875e+02
1.386725158691406250e+02
1.389025573730468750e+02
1.391325988769531250e+02
1.393626098632812500e+02
1.395926055908203125e+02
1.398226623535156250e+02
1.400526733398437500e+02
1.402826995849609375e+02
1.405127105712890625e+02
1.407427215576171875e+02
1.409727630615234375e+02
1.412027740478515625e+02
1.414327697753906250e+02
1.416628112792968750e+02
1.418928527832031250e+02
1.421228179931640625e+02
1.423528594970703125e+02
1.425828704833984375e+02
1.428129119873046875e+02
1.430429229736328125e+02
1.432729187011718750e+02
1.435029449462890625e+02
1.437329864501953125e+02
1.439629821777343750e+02
1.451130828857421875e+02
1.453430938720703125e+02
1.455731201171875000e+02
1.458031463623046875e+02
1.460331420898437500e+02
1.462631835937500000e+02
1.464931945800781250e+02
1.467232360839843750e+02
1.469532318115234375e+02
1.471832733154296875e+02
1.474132537841796875e+02
1.476432952880859375e+02
1.478733367919921875e+02
1.481033630371093750e+02
1.483333587646484375e+02
1.485633544921875000e+02
1.487933959960937500e+02
1.490234069824218750e+02
1.492534179687500000e+02
1.494834594726562500e+02
1.497134552001953125e+02
1.499434967041015625e+02
1.501734924316406250e+02
1.504035034179687500e+02
1.506334991455078125e+02
1.508635406494140625e+02
1.510935668945312500e+02
1.513235473632812500e+02
1.524736785888671875e+02
1.527037048339843750e+02
1.529337463378906250e+02
1.531637420654296875e+02
1.533937530517578125e+02
1.536237640380859375e+02
1.538537750244140625e+02
1.540837860107421875e+02
1.543138122558593750e+02
1.545438690185546875e+02
1.547738952636718750e+02
1.550039062500000000e+02
1.552339172363281250e+02
1.554639129638671875e+02
1.556939392089843750e+02
1.559239654541015625e+02
1.561539764404296875e+02
1.563840179443359375e+02
1.566139984130859375e+02
1.568440093994140625e+02
1.570740356445312500e+02
1.573040618896484375e+02
1.575340576171875000e+02
1.577640991210937500e+02
1.579941253662109375e+02
1.582241668701171875e+02
1.584541625976562500e+02
1.586842041015625000e+02
1.598342742919921875e+02
1.600643005371093750e+02
1.602943115234375000e+02
1.605243072509765625e+02
1.607543792724609375e+02
1.609843750000000000e+02
1.612143859863281250e+02
1.614444427490234375e+02
1.616744384765625000e+02
1.619044647216796875e+02
1.621344604492187500e+02
1.623644866943359375e+02
1.625944976806640625e+02
1.628244934082031250e+02
1.630545196533203125e+02
1.632845611572265625e+02
1.635145721435546875e+02
1.637445678710937500e+02
1.639746093750000000e+02
1.642045745849609375e+02
1.644346008300781250e+02
1.646646423339843750e+02
1.648946990966796875e+02
1.651247100830078125e+02
1.653547058105468750e+02
1.655847778320312500e+02
1.658147277832031250e+02
1.660447692871093750e+02
1.671948547363281250e+02
1.674248504638671875e+02
1.676549072265625000e+02
1.678849029541015625e+02
1.681149444580078125e+02
1.683449859619140625e+02
1.685750122070312500e+02
1.688049774169921875e+02
1.690349884033203125e+02
1.692650146484375000e+02
1.694950561523437500e+02
1.697250976562500000e+02
1.699550781250000000e+02
1.701851196289062500e+02
1.704151306152343750e+02
1.706451263427734375e+02
1.708751525878906250e+02
1.711051483154296875e+02
1.713352050781250000e+02
1.715652465820312500e+02
1.717952270507812500e+02
1.720252838134765625e+02
1.722552642822265625e+02
1.724853363037109375e+02
1.727153167724609375e+02
1.729453277587890625e+02
1.731753692626953125e+02
1.734053802490234375e+02
1.745554656982421875e+02
1.747854919433593750e+02
1.750154724121093750e+02
1.752454833984375000e+02
1.754755859375000000e+02
1.757055511474609375e+02
1.759355773925781250e+02
1.761656188964843750e+02
1.763956146240234375e+02
1.766256408691406250e+02
1.768556518554687500e+02
1.770856628417968750e+02
1.773156890869140625e+02
1.775456848144531250e+02
1.777756958007812500e+02
1.780057678222656250e+02
1.782357788085937500e+02
1.784658050537109375e+02
1.786957550048828125e+02
1.789258422851562500e+02
1.791558380126953125e+02
1.793858489990234375e+02
1.796158447265625000e+02
1.798459014892578125e+02
1.800759277343750000e+02
1.803058929443359375e+02
1.805359039306640625e+02
1.807659606933593750e+02
1.819160766601562500e+02
1.821461029052734375e+02
1.823760833740234375e+02
1.826060943603515625e+02
1.828361358642578125e+02
1.830661468505859375e+02
1.832961730957031250e+02
1.835262145996093750e+02
1.837562408447265625e+02
1.839862213134765625e+02
1.842162628173828125e+02
1.844462585449218750e+02
1.846762847900390625e+02
1.849063415527343750e+02
1.851363067626953125e+02
1.853663635253906250e+02
1.855962982177734375e+02
1.858263854980468750e+02
1.860564422607421875e+02
1.862864379882812500e+02
1.865164337158203125e+02
1.867465209960937500e+02
1.869764862060546875e+02
1.872064514160156250e+02
1.874364776611328125e+02
1.876665344238281250e+02
1.878965759277343750e+02
1.881265563964843750e+02
1.892766418457031250e+02
1.895066528320312500e+02
1.897367248535156250e+02
1.899667205810546875e+02
1.901967315673828125e+02
1.904267578125000000e+02
1.906567382812500000e+02
1.908867492675781250e+02
1.911168060302734375e+02
1.913468170166015625e+02
1.915769042968750000e+02
1.918068389892578125e+02
1.920368957519531250e+02
1.922668914794921875e+02
1.924969024658203125e+02
1.927269134521484375e+02
1.929569396972656250e+02
1.931869659423828125e+02
1.934169921875000000e+02
1.936469879150390625e+02
1.938769989013671875e+02
1.941070861816406250e+02
1.943370513916015625e+02
1.945670928955078125e+02
1.947970733642578125e+02
1.950271148681640625e+02
1.952571411132812500e+02
1.954871673583984375e+02
1.966372833251953125e+02
1.968672790527343750e+02
1.970973205566406250e+02
1.973273315429687500e+02
1.975573120117187500e+02
1.977873382568359375e+02
1.980173339843750000e+02
1.982474060058593750e+02
1.984774169921875000e+02
1.987073974609375000e+02
1.989374237060546875e+02
1.991674652099609375e+02
1.993974761962890625e+02
1.996274871826171875e+02
1.998575592041015625e+02
2.000875396728515625e+02
2.003175811767578125e+02
2.005475769042968750e+02
2.007775573730468750e+02
2.010075836181640625e+02
2.012376098632812500e+02
2.014676055908203125e+02
2.016976776123046875e+02
2.019276428222656250e+02
2.021577301025390625e+02
2.023877258300781250e+02
2.026177062988281250e+02
2.028477172851562500e+02
2.039978485107421875e+02
2.042278747558593750e+02
2.044578704833984375e+02
2.046878967285156250e+02
2.049179077148437500e+02
2.051479644775390625e+02
2.053779754638671875e+02
2.056079864501953125e+02
2.058379974365234375e+02
2.060680236816406250e+02
2.062980194091796875e+02
2.065280456542968750e+02
2.067580566406250000e+02
2.069881439208984375e+02
2.072181091308593750e+02
2.074481048583984375e+02
2.076781463623046875e+02
2.079081726074218750e+02
2.081381683349609375e+02
2.083682250976562500e+02
2.085982360839843750e+02
2.088282012939453125e+02
2.090582580566406250e+02
2.092882232666015625e+02
2.095182495117187500e+02
2.097482299804687500e+02
2.099783325195312500e+02
2.102083740234375000e+02
