1.327556518554687500e+03
1.386881469726562500e+03
1.446206420898437500e+03
1.505531860351562500e+03
1.564857910156250000e+03
1.624183715820312500e+03
1.683507324218750000e+03
1.742833374023437500e+03
1.802158325195312500e+03
1.861483764648437500e+03
1.920807739257812500e+03
1.980134765625000000e+03
2.039458251953125000e+03
2.098785156250000000e+03
2.158109375000000000e+03
2.217434570312500000e+03
2.276759521484375000e+03
2.336085693359375000e+03
2.395411132812500000e+03
2.454736083984375000e+03
2.514062011718750000e+03
2.573385498046875000e+03
2.632711425781250000e+03
2.692035400390625000e+03
2.751361816406250000e+03
2.810687744140625000e+03
2.870012939453125000e+03
2.929337402343750000e+03
3.225964843750000000e+03
3.285289794921875000e+03
3.344614257812500000e+03
3.403938964843750000e+03
3.463265136718750000e+03
3.522590576171875000e+03
3.581916503906250000e+03
3.641241455078125000e+03
3.700564941406250000e+03
3.759891113281250000e+03
3.819217041015625000e+03
3.878541503906250000e+03
3.937867431640625000e+03
3.997192382812500000e+03
4.056516113281250000e+03
4.115843261718750000e+03
4.175168945312500000e+03
4.234493652343750000e+03
4.293819335937500000e+03
4.353144531250000000e+03
4.412467773437500000e+03
4.471795410156250000e+03
4.531122070312500000e+03
4.590445800781250000e+03
4.649770507812500000e+03
4.709096679687500000e+03
4.768420898437500000e+03
4.827746582031250000e+03
5.124373046875000000e+03
5.183696777343750000e+03
5.243021972656250000e+03
5.302345214843750000e+03
5.361672363281250000e+03
5.420998046875000000e+03
5.480322753906250000e+03
5.539648437500000000e+03
5.598973632812500000e+03
5.658297851562500000e+03
5.717624023437500000e+03
5.776950683593750000e+03
5.836274414062500000e+03
5.895601562500000000e+03
5.954925292968750000e+03
6.014250000000000000e+03
6.073575683593750000e+03
6.132903320312500000e+03
6.192228515625000000e+03
6.251553710937500000e+03
6.310875488281250000e+03
6.370202148437500000e+03
6.429525390625000000e+03
6.488852539062500000e+03
6.548175781250000000e+03
6.607502929687500000e+03
6.666827148437500000e+03
6.726153808593750000e+03
7.022780273437500000e+03
7.082104003906250000e+03
7.141430664062500000e+03
7.200754394531250000e+03
7.260081054687500000e+03
7.319404785156250000e+03
7.378731933593750000e+03
7.438057617187500000e+03
7.497382324218750000e+03
7.556706542968750000e+03
7.616031250000000000e+03
7.675356933593750000e+03
7.734683593750000000e+03
7.794010742187500000e+03
7.853332031250000000e+03
7.912661621093750000e+03
7.971983398437500000e+03
8.031310058593750000e+03
8.090633300781250000e+03
8.149958496093750000e+03
8.209283203125000000e+03
8.268608398437500000e+03
8.327934570312500000e+03
8.387258789062500000e+03
8.446582031250000000e+03
8.505909179687500000e+03
8.565235351562500000e+03
8.624562500000000000e+03
8.921188476562500000e+03
8.980512695312500000e+03
9.039839843750000000e+03
9.099163085937500000e+03
9.158488281250000000e+03
9.217811523437500000e+03
9.277135742187500000e+03
9.336463867187500000e+03
9.395789062500000000e+03
9.455114257812500000e+03
9.514441406250000000e+03
9.573765625000000000e+03
9.633089843750000000e+03
9.692413085937500000e+03
9.751739257812500000e+03
9.811065429687500000e+03
9.870392578125000000e+03
9.929711914062500000e+03
9.989041015625000000e+03
1.004836718750000000e+04
1.010768945312500000e+04
1.016701855468750000e+04
1.022634179687500000e+04
1.028566796875000000e+04
1.034499218750000000e+04
1.040432031250000000e+04
1.046364355468750000e+04
1.052296679687500000e+04
1.081959277343750000e+04
1.087891796875000000e+04
1.093824609375000000e+04
1.099757031250000000e+04
1.105689648437500000e+04
1.111622167968750000e+04
1.117554980468750000e+04
1.123487109375000000e+04
1.129419726562500000e+04
1.135352343750000000e+04
1.141284960937500000e+04
1.147217187500000000e+04
1.153149609375000000e+04
1.159082226562500000e+04
1.165014550781250000e+04
1.170947265625000000e+04
1.176879882812500000e+04
1.182812695312500000e+04
1.188745117187500000e+04
1.194677539062500000e+04
1.200609960937500000e+04
1.206542578125000000e+04
1.212475097656250000e+04
1.218407519531250000e+04
1.224340039062500000e+04
1.230272558593750000e+04
1.236204980468750000e+04
1.242137207031250000e+04
1.271800292968750000e+04
1.277732812500000000e+04
1.283665234375000000e+04
1.289597558593750000e+04
1.295530371093750000e+04
1.301462890625000000e+04
1.307395312500000000e+04
1.313327929687500000e+04
1.319260449218750000e+04
1.325192578125000000e+04
1.331125683593750000e+04
1.337058496093750000e+04
1.342990625000000000e+04
1.348922851562500000e+04
1.354855566406250000e+04
1.360787988281250000e+04
1.366720898437500000e+04
1.372653027343750000e+04
1.378585644531250000e+04
1.384518261718750000e+04
1.390450488281250000e+04
1.396382812500000000e+04
1.402315429687500000e+04
1.408248144531250000e+04
1.414180957031250000e+04
1.420113574218750000e+04
1.426045800781250000e+04
1.431978613281250000e+04
1.461641113281250000e+04
1.467573535156250000e+04
1.473506054687500000e+04
1.479437988281250000e+04
1.485370800781250000e+04
1.491303417968750000e+04
1.497235937500000000e+04
1.503168750000000000e+04
1.509101074218750000e+04
1.515033691406250000e+04
1.520966113281250000e+04
1.526898632812500000e+04
1.532830957031250000e+04
1.538763964843750000e+04
1.544696386718750000e+04
1.550628808593750000e+04
1.556560937500000000e+04
1.562493945312500000e+04
1.568426562500000000e+04
1.574359179687500000e+04
1.580291699218750000e+04
1.586224218750000000e+04
1.592156445312500000e+04
1.598088867187500000e+04
1.604021289062500000e+04
1.609954101562500000e+04
1.615886328125000000e+04
1.621818945312500000e+04
1.651482226562500000e+04
1.657414453125000000e+04
1.663347070312500000e+04
1.669279492187500000e+04
1.675212500000000000e+04
1.681144335937500000e+04
1.687077148437500000e+04
1.693009375000000000e+04
1.698941992187500000e+04
1.704874414062500000e+04
1.710807421875000000e+04
1.716739257812500000e+04
1.722672070312500000e+04
1.728604882812500000e+04
1.734536914062500000e+04
1.740469335937500000e+04
1.746402734375000000e+04
1.752335156250000000e+04
1.758266992187500000e+04
1.764200000000000000e+04
1.770132421875000000e+04
1.776064453125000000e+04
1.781996875000000000e+04
1.787929882812500000e+04
1.793862109375000000e+04
1.799794921875000000e+04
1.805726953125000000e+04
1.811660156250000000e+04
1.841322460937500000e+04
1.847255468750000000e+04
1.853187695312500000e+04
1.859120117187500000e+04
1.865052929687500000e+04
1.870985156250000000e+04
1.876917578125000000e+04
1.882850390625000000e+04
1.888782617187500000e+04
1.894715429687500000e+04
1.900648046875000000e+04
1.906580664062500000e+04
1.912512890625000000e+04
1.918445312500000000e+04
1.924378125000000000e+04
1.930310156250000000e+04
1.936242773437500000e+04
1.942175000000000000e+04
1.948108007812500000e+04
1.954041015625000000e+04
1.959973046875000000e+04
1.965905664062500000e+04
1.971838085937500000e+04
1.977770898437500000e+04
1.983703125000000000e+04
1.989635937500000000e+04
1.995567773437500000e+04
2.001500976562500000e+04
2.031163281250000000e+04
2.037096093750000000e+04
2.043028320312500000e+04
2.048960937500000000e+04
2.054893164062500000e+04
2.060825976562500000e+04
2.066758789062500000e+04
2.072691015625000000e+04
2.078623632812500000e+04
2.084555859375000000e+04
2.090488867187500000e+04
2.096421093750000000e+04
2.102353710937500000e+04
2.108286132812500000e+04
2.114218945312500000e+04
2.120151171875000000e+04
2.126083984375000000e+04
2.132016406250000000e+04
2.137949023437500000e+04
2.143880859375000000e+04
2.149814062500000000e+04
2.155746679687500000e+04
2.161678710937500000e+04
2.167611523437500000e+04
2.173544140625000000e+04
2.179476367187500000e+04
2.185408789062500000e+04
2.191341406250000000e+04
2.221004296875000000e+04
2.226936914062500000e+04
2.232868945312500000e+04
2.238801757812500000e+04
2.244734375000000000e+04
2.250666796875000000e+04
2.256599609375000000e+04
2.262532226562500000e+04
2.268464453125000000e+04
2.274396679687500000e+04
2.280329492187500000e+04
2.286261914062500000e+04
2.292194531250000000e+04
2.298126562500000000e+04
2.304060156250000000e+04
2.309991992187500000e+04
2.315925000000000000e+04
2.321856835937500000e+04
2.327790039062500000e+04
2.333722656250000000e+04
2.339654492187500000e+04
2.345587304687500000e+04
2.351519531250000000e+04
2.357452148437500000e+04
2.363384375000000000e+04
2.369317187500000000e+04
2.375250195312500000e+04
2.381182421875000000e+04
2.410844531250000000e+04
2.416777734375000000e+04
2.422709960937500000e+04
2.428642773437500000e+04
2.434574804687500000e+04
2.440507617187500000e+04
2.446439453125000000e+04
2.452372851562500000e+04
2.458304882812500000e+04
2.464237890625000000e+04
2.470170117187500000e+04
2.476103515625000000e+04
2.482034570312500000e+04
2.487967968750000000e+04
2.493900585937500000e+04
2.499833007812500000e+04
2.505765039062500000e+04
2.511698437500000000e+04
2.517630273437500000e+04
2.523562500000000000e+04
2.529495507812500000e+04
2.535427734375000000e+04
2.541360546875000000e+04
2.547292968750000000e+04
2.553225976562500000e+04
2.559158203125000000e+04
2.565090429687500000e+04
2.571023046875000000e+04
2.600685742187500000e+04
2.606617968750000000e+04
2.612550976562500000e+04
2.618482812500000000e+04
2.624416015625000000e+04
2.630348632812500000e+04
2.636281250000000000e+04
2.642212890625000000e+04
2.648145507812500000e+04
2.654078906250000000e+04
2.660010742187500000e+04
2.665943359375000000e+04
2.671875390625000000e+04
2.677808984375000000e+04
2.683740625000000000e+04
2.689674023437500000e+04
2.695605664062500000e+04
2.701539062500000000e+04
2.707470898437500000e+04
2.713403710937500000e+04
2.719335546875000000e+04
2.725268359375000000e+04
2.731200976562500000e+04
2.737134179687500000e+04
2.743066210937500000e+04
2.748998828125000000e+04
2.754930468750000000e+04
2.760864257812500000e+04
2.790526562500000000e+04
2.796458593750000000e+04
2.802391210937500000e+04
2.808323632812500000e+04
2.814256835937500000e+04
2.820188476562500000e+04
2.826121875000000000e+04
2.832054687500000000e+04
2.837987109375000000e+04
2.843919531250000000e+04
2.849851953125000000e+04
2.855784179687500000e+04
2.861716992187500000e+04
2.867649414062500000e+04
2.873582031250000000e+04
2.879513867187500000e+04
2.885447656250000000e+04
2.891379101562500000e+04
2.897311914062500000e+04
2.903244140625000000e+04
2.909176562500000000e+04
2.915109960937500000e+04
2.921042382812500000e+04
2.926974804687500000e+04
2.932907031250000000e+04
2.938839257812500000e+04
2.944771289062500000e+04
2.950704687500000000e+04
2.980367578125000000e+04
2.986300390625000000e+04
2.992232031250000000e+04
2.998165234375000000e+04
3.004097656250000000e+04
3.010030468750000000e+04
3.015962890625000000e+04
3.021894726562500000e+04
3.027827148437500000e+04
3.033759960937500000e+04
3.039693359375000000e+04
3.045625000000000000e+04
3.051557421875000000e+04
3.057489453125000000e+04
3.063422656250000000e+04
3.069354296875000000e+04
3.075287304687500000e+04
3.081219726562500000e+04
3.087152734375000000e+04
3.093085156250000000e+04
3.099017578125000000e+04
3.104949804687500000e+04
3.110883007812500000e+04
3.116814648437500000e+04
3.122747851562500000e+04
3.128680468750000000e+04
3.134613281250000000e+04
3.140545312500000000e+04
3.170207617187500000e+04
3.176140625000000000e+04
3.182073437500000000e+04
3.188005859375000000e+04
3.193938281250000000e+04
3.199870703125000000e+04
3.205803320312500000e+04
3.211735937500000000e+04
3.217667968750000000e+04
3.223600781250000000e+04
3.229533398437500000e+04
3.235465820312500000e+04
3.241398632812500000e+04
3.247330468750000000e+04
3.253264062500000000e+04
3.259195507812500000e+04
3.265128515625000000e+04
3.271060156250000000e+04
3.276993359375000000e+04
3.282925390625000000e+04
3.288858593750000000e+04
3.294790625000000000e+04
3.300724218750000000e+04
3.306655859375000000e+04
3.312589062500000000e+04
3.318520703125000000e+04
3.324454296875000000e+04
3.330385546875000000e+04
3.360048828125000000e+04
3.365981640625000000e+04
3.371913671875000000e+04
3.377847265625000000e+04
3.383780078125000000e+04
3.389711328125000000e+04
3.395643750000000000e+04
3.401576562500000000e+04
3.407509375000000000e+04
3.413440625000000000e+04
3.419373828125000000e+04
3.425306250000000000e+04
3.431239062500000000e+04
3.437171484375000000e+04
3.443104296875000000e+04
3.449036328125000000e+04
3.454969140625000000e+04
3.460902343750000000e+04
3.466833984375000000e+04
3.472767187500000000e+04
3.478700000000000000e+04
3.484632421875000000e+04
3.490564843750000000e+04
3.496496484375000000e+04
3.502429687500000000e+04
3.508361718750000000e+04
3.514294140625000000e+04
3.520227343750000000e+04
3.549889453125000000e+04
3.555822265625000000e+04
3.561753906250000000e+04
3.567687109375000000e+04
3.573618359375000000e+04
3.579551562500000000e+04
3.585484765625000000e+04
3.591416796875000000e+04
3.597348828125000000e+04
3.603282421875000000e+04
3.609214843750000000e+04
3.615147265625000000e+04
3.621079687500000000e+04
3.627012109375000000e+04
3.632945312500000000e+04
3.638877343750000000e+04
3.644809375000000000e+04
3.650742578125000000e+04
3.656675781250000000e+04
3.662606640625000000e+04
3.668539843750000000e+04
3.674472265625000000e+04
3.680405468750000000e+04
3.686337890625000000e+04
3.692269531250000000e+04
3.698202343750000000e+04
3.704135546875000000e+04
3.710067578125000000e+04
3.739730078125000000e+04
3.745662500000000000e+04
3.751595312500000000e+04
3.757528125000000000e+04
3.763459765625000000e+04
3.769392968750000000e+04
3.775325390625000000e+04
3.781258593750000000e+04
3.787190625000000000e+04
3.793123437500000000e+04
3.799055078125000000e+04
3.804988281250000000e+04
3.810921484375000000e+04
3.816853906250000000e+04
3.822785937500000000e+04
3.828717968750000000e+04
3.834651171875000000e+04
3.840583203125000000e+04
3.846515625000000000e+04
3.852448828125000000e+04
3.858380859375000000e+04
3.864313671875000000e+04
3.870245703125000000e+04
3.876178125000000000e+04
3.882110156250000000e+04
3.888042968750000000e+04
3.893975781250000000e+04
3.899907421875000000e+04
3.929571093750000000e+04
3.935503906250000000e+04
3.941436718750000000e+04
3.947368750000000000e+04
3.953301171875000000e+04
3.959233593750000000e+04
3.965165625000000000e+04
3.971098046875000000e+04
3.977030859375000000e+04
3.982964453125000000e+04
3.988896875000000000e+04
3.994829296875000000e+04
4.000761718750000000e+04
4.006693750000000000e+04
4.012626562500000000e+04
4.018558984375000000e+04
4.024491406250000000e+04
4.030424609375000000e+04
4.036356250000000000e+04
4.042288281250000000e+04
4.048221093750000000e+04
4.054153906250000000e+04
4.060085937500000000e+04
4.066018750000000000e+04
4.071951562500000000e+04
4.077884765625000000e+04
4.083816796875000000e+04
4.089749609375000000e+04
4.119411718750000000e+04
4.125344531250000000e+04
4.131276953125000000e+04
4.137208984375000000e+04
4.143142578125000000e+04
4.149074609375000000e+04
4.155007031250000000e+04
4.160940625000000000e+04
4.166872265625000000e+04
4.172805078125000000e+04
4.178737109375000000e+04
4.184669921875000000e+04
4.190601953125000000e+04
4.196533984375000000e+04
4.202466796875000000e+04
4.208400000000000000e+04
4.214332031250000000e+04
4.220264062500000000e+04
4.226197265625000000e+04
4.232128515625000000e+04
4.238060937500000000e+04
4.243994140625000000e+04
4.249927734375000000e+04
4.255860156250000000e+04
4.261792187500000000e+04
4.267725781250000000e+04
4.273656640625000000e+04
4.279589843750000000e+04
4.309252343750000000e+04
4.315183984375000000e+04
4.321117578125000000e+04
4.327049609375000000e+04
4.332982812500000000e+04
4.338915625000000000e+04
4.344848437500000000e+04
4.350779687500000000e+04
4.356712109375000000e+04
4.362644921875000000e+04
4.368577734375000000e+04
4.374510937500000000e+04
4.380442578125000000e+04
4.386375781250000000e+04
4.392307812500000000e+04
4.398239843750000000e+04
4.404172656250000000e+04
4.410104687500000000e+04
4.416037890625000000e+04
4.421971093750000000e+04
4.427902734375000000e+04
4.433836328125000000e+04
4.439767578125000000e+04
4.445701562500000000e+04
4.451633203125000000e+04
4.457565625000000000e+04
4.463498828125000000e+04
4.469430859375000000e+04
4.499093359375000000e+04
4.505026171875000000e+04
4.510957812500000000e+04
4.516889843750000000e+04
4.522824609375000000e+04
4.528755859375000000e+04
4.534688671875000000e+04
4.540621484375000000e+04
4.546553515625000000e+04
4.552486328125000000e+04
4.558418750000000000e+04
4.564350781250000000e+04
4.570283593750000000e+04
4.576215625000000000e+04
4.582148046875000000e+04
4.588082031250000000e+04
4.594014062500000000e+04
4.599946875000000000e+04
4.605877734375000000e+04
4.611812109375000000e+04
4.617743750000000000e+04
4.623676171875000000e+04
4.629608203125000000e+04
4.635541796875000000e+04
4.641474218750000000e+04
4.647405468750000000e+04
4.653337890625000000e+04
4.659271484375000000e+04
4.688934765625000000e+04
4.694867187500000000e+04
4.700798828125000000e+04
4.706731250000000000e+04
4.712664453125000000e+04
4.718596484375000000e+04
4.724529296875000000e+04
4.730462500000000000e+04
4.736395312500000000e+04
4.742326562500000000e+04
4.748259765625000000e+04
4.754191796875000000e+04
4.760124609375000000e+04
4.766057812500000000e+04
4.771989062500000000e+04
4.777922656250000000e+04
4.783853125000000000e+04
4.789787109375000000e+04
4.795720703125000000e+04
4.801652734375000000e+04
4.807584765625000000e+04
4.813519140625000000e+04
4.819450000000000000e+04
4.825381250000000000e+04
4.831314062500000000e+04
4.837247656250000000e+04
4.843180468750000000e+04
4.849112109375000000e+04
4.878774609375000000e+04
4.884707031250000000e+04
4.890640625000000000e+04
4.896572656250000000e+04
4.902505078125000000e+04
4.908437890625000000e+04
4.914369140625000000e+04
4.920301562500000000e+04
4.926235156250000000e+04
4.932167578125000000e+04
4.938101953125000000e+04
4.944032031250000000e+04
4.949965625000000000e+04
4.955897656250000000e+04
4.961830078125000000e+04
4.967762109375000000e+04
4.973694921875000000e+04
4.979627734375000000e+04
4.985560546875000000e+04
4.991492187500000000e+04
4.997424609375000000e+04
5.003358984375000000e+04
5.009290234375000000e+04
5.015223046875000000e+04
5.021154687500000000e+04
5.027087890625000000e+04
5.033020703125000000e+04
5.038953515625000000e+04
5.068616406250000000e+04
5.074548437500000000e+04
5.080481640625000000e+04
5.086414062500000000e+04
5.092345312500000000e+04
5.098278125000000000e+04
5.104210156250000000e+04
5.110144140625000000e+04
5.116076171875000000e+04
5.122007812500000000e+04
5.127940625000000000e+04
5.133873828125000000e+04
5.139805859375000000e+04
5.145738281250000000e+04
5.151672265625000000e+04
5.157603906250000000e+04
5.163537109375000000e+04
5.169468750000000000e+04
5.175400390625000000e+04
5.181333203125000000e+04
5.187266015625000000e+04
5.193197656250000000e+04
5.199131640625000000e+04
5.205062890625000000e+04
5.210997265625000000e+04
5.216928906250000000e+04
5.222860546875000000e+04
5.228792968750000000e+04
5.258456640625000000e+04
5.264389453125000000e+04
5.270321093750000000e+04
5.276253906250000000e+04
5.282186328125000000e+04
5.288119921875000000e+04
5.294051953125000000e+04
5.299984375000000000e+04
5.305916796875000000e+04
5.311849609375000000e+04
5.317781250000000000e+04
5.323714062500000000e+04
5.329646484375000000e+04
5.335580859375000000e+04
5.341511718750000000e+04
5.347443750000000000e+04
5.353376953125000000e+04
5.359309765625000000e+04
5.365241406250000000e+04
5.371175000000000000e+04
5.377107421875000000e+04
5.383038671875000000e+04
5.388972265625000000e+04
5.394903125000000000e+04
5.400835937500000000e+04
5.406767578125000000e+04
5.412702343750000000e+04
5.418635156250000000e+04
