5.497367095947265625e+01
5.502301788330078125e+01
5.507236099243164062e+01
5.512171173095703125e+01
5.517105865478515625e+01
5.522041320800781250e+01
5.526975250244140625e+01
5.531909942626953125e+01
5.536845397949218750e+01
5.541779708862304688e+01
5.546714401245117188e+01
5.551649856567382812e+01
5.556583404541015625e+01
5.561518478393554688e+01
5.566454315185546875e+01
5.571388244628906250e+01
5.576322174072265625e+01
5.581257247924804688e+01
5.586191940307617188e+01
5.591127014160156250e+01
5.596061706542968750e+01
5.600996017456054688e+01
5.605931091308593750e+01
5.610866165161132812e+01
5.615800476074218750e+01
5.620735549926757812e+01
5.625670242309570312e+01
5.630604171752929688e+01
5.655278396606445312e+01
5.660213088989257812e+01
5.665148162841796875e+01
5.670081710815429688e+01
5.675018310546875000e+01
5.679952621459960938e+01
5.684885406494140625e+01
5.689822006225585938e+01
5.694757080078125000e+01
5.699690246582031250e+01
5.704625701904296875e+01
5.709560394287109375e+01
5.714495086669921875e+01
5.719430160522460938e+01
5.724365234375000000e+01
5.729299163818359375e+01
5.734234619140625000e+01
5.739169692993164062e+01
5.744103240966796875e+01
5.749038696289062500e+01
5.753972244262695312e+01
5.758906936645507812e+01
5.763842773437500000e+01
5.768776702880859375e+01
5.773712921142578125e+01
5.778647232055664062e+01
5.783581542968750000e+01
5.788517379760742188e+01
5.813190078735351562e+01
5.818124771118164062e+01
5.823060607910156250e+01
5.827993774414062500e+01
5.832928085327148438e+01
5.837863922119140625e+01
5.842798233032226562e+01
5.847733306884765625e+01
5.852667236328125000e+01
5.857603073120117188e+01
5.862536621093750000e+01
5.867472839355468750e+01
5.872407913208007812e+01
5.877342987060546875e+01
5.882276535034179688e+01
5.887210845947265625e+01
5.892146301269531250e+01
5.897080612182617188e+01
5.902016448974609375e+01
5.906950378417968750e+01
5.911885070800781250e+01
5.916818237304687500e+01
5.921754455566406250e+01
5.926689529418945312e+01
5.931624221801757812e+01
5.936558532714843750e+01
5.941492080688476562e+01
5.946426391601562500e+01
5.971100616455078125e+01
5.976036071777343750e+01
5.980970382690429688e+01
5.985905838012695312e+01
5.990839004516601562e+01
5.995774841308593750e+01
6.000711059570312500e+01
6.005644607543945312e+01
6.010579681396484375e+01
6.015515136718750000e+01
6.020448303222656250e+01
6.025385284423828125e+01
6.030319213867187500e+01
6.035252761840820312e+01
6.040187835693359375e+01
6.045122146606445312e+01
6.050057220458984375e+01
6.054993057250976562e+01
6.059927749633789062e+01
6.064860153198242188e+01
6.069797134399414062e+01
6.074731063842773438e+01
6.079664611816406250e+01
6.084601593017578125e+01
6.089535903930664062e+01
6.094470214843750000e+01
6.099406433105468750e+01
6.104339218139648438e+01
6.129012298583984375e+01
6.133948516845703125e+01
6.138882446289062500e+01
6.143817520141601562e+01
6.148751831054687500e+01
6.153687667846679688e+01
6.158622360229492188e+01
6.163558197021484375e+01
6.168489837646484375e+01
6.173425674438476562e+01
6.178359985351562500e+01
6.183295822143554688e+01
6.188228988647460938e+01
6.193164443969726562e+01
6.198098373413085938e+01
6.203034973144531250e+01
6.207968902587890625e+01
6.212902832031250000e+01
6.217838287353515625e+01
6.222771453857421875e+01
6.227708435058593750e+01
6.232640838623046875e+01
6.237575912475585938e+01
6.242509841918945312e+01
6.247445678710937500e+01
6.252379608154296875e+01
6.257316589355468750e+01
6.262252044677734375e+01
6.286925125122070312e+01
6.291859817504882812e+01
6.296792602539062500e+01
6.301728057861328125e+01
6.306661605834960938e+01
6.311598968505859375e+01
6.316532516479492188e+01
6.321468734741210938e+01
6.326400756835937500e+01
6.331339263916015625e+01
6.336271667480468750e+01
6.341205215454101562e+01
6.346140670776367188e+01
6.351077270507812500e+01
6.356010818481445312e+01
6.360946273803710938e+01
6.365880203247070312e+01
6.370814132690429688e+01
6.375750732421875000e+01
6.380684661865234375e+01
6.385618972778320312e+01
6.390553283691406250e+01
6.395490264892578125e+01
6.400424194335937500e+01
6.405356597900390625e+01
6.410293579101562500e+01
6.415225982666015625e+01
6.420159912109375000e+01
6.444837188720703125e+01
6.449771118164062500e+01
6.454703521728515625e+01
6.459642028808593750e+01
6.464574432373046875e+01
6.469512176513671875e+01
6.474443054199218750e+01
6.479378509521484375e+01
6.484315490722656250e+01
6.489249420166015625e+01
6.494180297851562500e+01
6.499118041992187500e+01
6.504053497314453125e+01
6.508986663818359375e+01
6.513922119140625000e+01
6.518857574462890625e+01
6.523793029785156250e+01
6.528726959228515625e+01
6.533660888671875000e+01
6.538593292236328125e+01
6.543533325195312500e+01
6.548465728759765625e+01
6.553398132324218750e+01
6.558337402343750000e+01
6.563268280029296875e+01
6.568203735351562500e+01
6.573138427734375000e+01
6.578076171875000000e+01
6.602747344970703125e+01
6.607682800292968750e+01
6.612614440917968750e+01
6.617552185058593750e+01
6.622486114501953125e+01
6.627420043945312500e+01
6.632357025146484375e+01
6.637290954589843750e+01
6.642224884033203125e+01
6.647161865234375000e+01
6.652098083496093750e+01
6.657028198242187500e+01
6.661965179443359375e+01
6.666902160644531250e+01
6.671831512451171875e+01
6.676769256591796875e+01
6.681705474853515625e+01
6.686638641357421875e+01
6.691573333740234375e+01
6.696505737304687500e+01
6.701440429687500000e+01
6.706378173828125000e+01
6.711312103271484375e+01
6.716243743896484375e+01
6.721179199218750000e+01
6.726114654541015625e+01
6.731050109863281250e+01
6.735985565185546875e+01
6.760658264160156250e+01
6.765593719482421875e+01
6.770529937744140625e+01
6.775462341308593750e+01
6.780398559570312500e+01
6.785330963134765625e+01
6.790266418457031250e+01
6.795203399658203125e+01
6.800138854980468750e+01
6.805072021484375000e+01
6.810009002685546875e+01
6.814943695068359375e+01
6.819875335693359375e+01
6.824812316894531250e+01
6.829745483398437500e+01
6.834679412841796875e+01
6.839615631103515625e+01
6.844551849365234375e+01
6.849483489990234375e+01
6.854418945312500000e+01
6.859352874755859375e+01
6.864289093017578125e+01
6.869223785400390625e+01
6.874157714843750000e+01
6.879090881347656250e+01
6.884030151367187500e+01
6.888961029052734375e+01
6.893895721435546875e+01
6.918569946289062500e+01
6.923506927490234375e+01
6.928439331054687500e+01
6.933374786376953125e+01
6.938310241699218750e+01
6.943244171142578125e+01
6.948176574707031250e+01
6.953112030029296875e+01
6.958046722412109375e+01
6.962985229492187500e+01
6.967917633056640625e+01
6.972855377197265625e+01
6.977786254882812500e+01
6.982723236083984375e+01
6.987657928466796875e+01
6.992591094970703125e+01
6.997523498535156250e+01
7.002462768554687500e+01
7.007395935058593750e+01
7.012330627441406250e+01
7.017266082763671875e+01
7.022201538085937500e+01
7.027134704589843750e+01
7.032071685791015625e+01
7.037003326416015625e+01
7.041938781738281250e+01
7.046878814697265625e+01
7.051805114746093750e+01
7.076480865478515625e+01
7.081416320800781250e+01
7.086351013183593750e+01
7.091287994384765625e+01
7.096218109130859375e+01
7.101153564453125000e+01
7.106088256835937500e+01
7.111028289794921875e+01
7.115959930419921875e+01
7.120896911621093750e+01
7.125827026367187500e+01
7.130766296386718750e+01
7.135699462890625000e+01
7.140633392333984375e+01
7.145565795898437500e+01
7.150505065917968750e+01
7.155439758300781250e+01
7.160373687744140625e+01
7.165307617187500000e+01
7.170239257812500000e+01
7.175176239013671875e+01
7.180113983154296875e+01
7.185045623779296875e+01
7.189978027343750000e+01
7.194918060302734375e+01
7.199850463867187500e+01
7.204787445068359375e+01
7.209719848632812500e+01
7.234389495849609375e+01
7.239328765869140625e+01
7.244264984130859375e+01
7.249197387695312500e+01
7.254132080078125000e+01
7.259064483642578125e+01
7.264001464843750000e+01
7.268939971923828125e+01
7.273870849609375000e+01
7.278806304931640625e+01
7.283744812011718750e+01
7.288678741455078125e+01
7.293608856201171875e+01
7.298542022705078125e+01
7.303479003906250000e+01
7.308412170410156250e+01
7.313350677490234375e+01
7.318283081054687500e+01
7.323216247558593750e+01
7.328155517578125000e+01
7.333090972900390625e+01
7.338024902343750000e+01
7.342956542968750000e+01
7.347891235351562500e+01
7.352829742431640625e+01
7.357762145996093750e+01
7.362696838378906250e+01
7.367632293701171875e+01
7.392306518554687500e+01
7.397241973876953125e+01
7.402177429199218750e+01
7.407112884521484375e+01
7.412045288085937500e+01
7.416974639892578125e+01
7.421910095214843750e+01
7.426845550537109375e+01
7.431782531738281250e+01
7.436717224121093750e+01
7.441650390625000000e+01
7.446585845947265625e+01
7.451520538330078125e+01
7.456455993652343750e+01
7.461394500732421875e+01
7.466326904296875000e+01
7.471259307861328125e+01
7.476194763183593750e+01
7.481127166748046875e+01
7.486064910888671875e+01
7.491001129150390625e+01
7.495933532714843750e+01
7.500868988037109375e+01
7.505806732177734375e+01
7.510740661621093750e+01
7.515676879882812500e+01
7.520611572265625000e+01
7.525547027587890625e+01
7.550215148925781250e+01
7.555152893066406250e+01
7.560086059570312500e+01
7.565018463134765625e+01
7.569953918457031250e+01
7.574892425537109375e+01
7.579824066162109375e+01
7.584760284423828125e+01
7.589695739746093750e+01
7.594628906250000000e+01
7.599561309814453125e+01
7.604499816894531250e+01
7.609432220458984375e+01
7.614370727539062500e+01
7.619303131103515625e+01
7.624240875244140625e+01
7.629173278808593750e+01
7.634109497070312500e+01
7.639044952392578125e+01
7.643974304199218750e+01
7.648912048339843750e+01
7.653847503662109375e+01
7.658777618408203125e+01
7.663715362548828125e+01
7.668647766113281250e+01
7.673590850830078125e+01
7.678519439697265625e+01
7.683449554443359375e+01
7.708126831054687500e+01
7.713062286376953125e+01
7.717993927001953125e+01
7.722935485839843750e+01
7.727868652343750000e+01
7.732801055908203125e+01
7.737732696533203125e+01
7.742674255371093750e+01
7.747603607177734375e+01
7.752545166015625000e+01
7.757479095458984375e+01
7.762411499023437500e+01
7.767343139648437500e+01
7.772281646728515625e+01
7.777211761474609375e+01
7.782150268554687500e+01
7.787081909179687500e+01
7.792011260986328125e+01
7.796952819824218750e+01
7.801889038085937500e+01
7.806820678710937500e+01
7.811756134033203125e+01
7.816691589355468750e+01
7.821629333496093750e+01
7.826559448242187500e+01
7.831491851806640625e+01
7.836431121826171875e+01
7.841366577148437500e+01
7.866037750244140625e+01
7.870973205566406250e+01
7.875912475585937500e+01
7.880844116210937500e+01
7.885779571533203125e+01
7.890718078613281250e+01
7.895647430419921875e+01
7.900579833984375000e+01
7.905518341064453125e+01
7.910453033447265625e+01
7.915382385253906250e+01
7.920323181152343750e+01
7.925252532958984375e+01
7.930190277099609375e+01
7.935128784179687500e+01
7.940061187744140625e+01
7.944997406005859375e+01
7.949929046630859375e+01
7.954864501953125000e+01
7.959799957275390625e+01
7.964731597900390625e+01
7.969667816162109375e+01
7.974609375000000000e+01
7.979537963867187500e+01
7.984473419189453125e+01
7.989408874511718750e+01
7.994345092773437500e+01
7.999281311035156250e+01
8.023949432373046875e+01
8.028884887695312500e+01
8.033820343017578125e+01
8.038758087158203125e+01
8.043685150146484375e+01
8.048617553710937500e+01
8.053558349609375000e+01
8.058490753173828125e+01
8.063426971435546875e+01
8.068361663818359375e+01
8.073297119140625000e+01
8.078232574462890625e+01
8.083172607421875000e+01
8.088105773925781250e+01
8.093037414550781250e+01
8.097969818115234375e+01
8.102905273437500000e+01
8.107843017578125000e+01
8.112776184082031250e+01
8.117714691162109375e+01
8.122649383544921875e+01
8.127581787109375000e+01
8.132511138916015625e+01
8.137450408935546875e+01
8.142378997802734375e+01
8.147317504882812500e+01
8.152252960205078125e+01
8.157185363769531250e+01
8.181860351562500000e+01
8.186793518066406250e+01
8.191732025146484375e+01
8.196663665771484375e+01
8.201605224609375000e+01
8.206537628173828125e+01
8.211470794677734375e+01
8.216408538818359375e+01
8.221340942382812500e+01
8.226273345947265625e+01
8.231211853027343750e+01
8.236143493652343750e+01
8.241079711914062500e+01
8.246016693115234375e+01
8.250951385498046875e+01
8.255886840820312500e+01
8.260822296142578125e+01
8.265752410888671875e+01
8.270687103271484375e+01
8.275622558593750000e+01
8.280554962158203125e+01
8.285493469238281250e+01
8.290428161621093750e+01
8.295358276367187500e+01
8.300299835205078125e+01
8.305229187011718750e+01
8.310164642333984375e+01
8.315096282958984375e+01
8.339778137207031250e+01
8.344710540771484375e+01
8.349649047851562500e+01
8.354581451416015625e+01
8.359516906738281250e+01
8.364452362060546875e+01
8.369384765625000000e+01
8.374319458007812500e+01
8.379255676269531250e+01
8.384181976318359375e+01
8.389116668701171875e+01
8.394052124023437500e+01
8.398985290527343750e+01
8.403920745849609375e+01
8.408856964111328125e+01
8.413789367675781250e+01
8.418733215332031250e+01
8.423664093017578125e+01
8.428595733642578125e+01
8.433537292480468750e+01
8.438472747802734375e+01
8.443401336669921875e+01
8.448342895507812500e+01
8.453273010253906250e+01
8.458205413818359375e+01
8.463140106201171875e+01
8.468074798583984375e+01
8.473011016845703125e+01
8.497689819335937500e+01
8.502625274658203125e+01
8.507554626464843750e+01
8.512486267089843750e+01
8.517424774169921875e+01
8.522357177734375000e+01
8.527293395996093750e+01
8.532231903076171875e+01
8.537166595458984375e+01
8.542098999023437500e+01
8.547031402587890625e+01
8.551966857910156250e+01
8.556902313232421875e+01
8.561834716796875000e+01
8.566770172119140625e+01
8.571707153320312500e+01
8.576639556884765625e+01
8.581581115722656250e+01
8.586515808105468750e+01
8.591448974609375000e+01
8.596384429931640625e+01
8.601316070556640625e+01
8.606247711181640625e+01
8.611186981201171875e+01
8.616123199462890625e+01
8.621054840087890625e+01
8.625993347167968750e+01
8.630924987792968750e+01
8.655600738525390625e+01
8.660530090332031250e+01
8.665469360351562500e+01
8.670410919189453125e+01
8.675336456298828125e+01
8.680274200439453125e+01
8.685210418701171875e+01
8.690140533447265625e+01
8.695072174072265625e+01
8.700009918212890625e+01
8.704951477050781250e+01
8.709883880615234375e+01
8.714817047119140625e+01
8.719749450683593750e+01
8.724681091308593750e+01
8.729613494873046875e+01
8.734550476074218750e+01
8.739483642578125000e+01
8.744422149658203125e+01
8.749359893798828125e+01
8.754292297363281250e+01
8.759221649169921875e+01
8.764163208007812500e+01
8.769092559814453125e+01
8.774028015136718750e+01
8.778965759277343750e+01
8.783898925781250000e+01
8.788830566406250000e+01
8.813504791259765625e+01
8.818438720703125000e+01
8.823374176025390625e+01
8.828309631347656250e+01
8.833245086669921875e+01
8.838179016113281250e+01
8.843115997314453125e+01
8.848049926757812500e+01
8.852980041503906250e+01
8.857923889160156250e+01
8.862851715087890625e+01
8.867790985107421875e+01
8.872718811035156250e+01
8.877662658691406250e+01
8.882599639892578125e+01
8.887535858154296875e+01
8.892459869384765625e+01
8.897400665283203125e+01
8.902332305908203125e+01
8.907268524169921875e+01
8.912198638916015625e+01
8.917144775390625000e+01
8.922072601318359375e+01
8.927013397216796875e+01
8.931938171386718750e+01
8.936874389648437500e+01
8.941808319091796875e+01
8.946738433837890625e+01
8.971420288085937500e+01
8.976358795166015625e+01
8.981295013427734375e+01
8.986219787597656250e+01
8.991156005859375000e+01
8.996089935302734375e+01
9.001030731201171875e+01
9.005967712402343750e+01
9.010897827148437500e+01
9.015834808349609375e+01
9.020768737792968750e+01
9.025696563720703125e+01
9.030639648437500000e+01
9.035570526123046875e+01
9.040507507324218750e+01
9.045447540283203125e+01
9.050377655029296875e+01
9.055312347412109375e+01
9.060246276855468750e+01
9.065182495117187500e+01
9.070117187500000000e+01
9.075050354003906250e+01
9.079978179931640625e+01
9.084924316406250000e+01
9.089849090576171875e+01
9.094789886474609375e+01
9.099720001220703125e+01
9.104659271240234375e+01
9.129328918457031250e+01
9.134269714355468750e+01
9.139199829101562500e+01
9.144139862060546875e+01
9.149070739746093750e+01
9.154007720947265625e+01
9.158938598632812500e+01
9.163878631591796875e+01
9.168806457519531250e+01
9.173740386962890625e+01
9.178682708740234375e+01
9.183613586425781250e+01
9.188545227050781250e+01
9.193482208251953125e+01
9.198419189453125000e+01
9.203346252441406250e+01
9.208286285400390625e+01
9.213224029541015625e+01
9.218154907226562500e+01
9.223088073730468750e+01
9.228028106689453125e+01
9.232958221435546875e+01
9.237899017333984375e+01
9.242832946777343750e+01
9.247766876220703125e+01
9.252703857421875000e+01
9.257633972167968750e+01
9.262567901611328125e+01
9.287243652343750000e+01
9.292172241210937500e+01
9.297108459472656250e+01
9.302051544189453125e+01
9.306979370117187500e+01
9.311916351318359375e+01
9.316853332519531250e+01
9.321784210205078125e+01
9.326718139648437500e+01
9.331654357910156250e+01
9.336588287353515625e+01
9.341531372070312500e+01
9.346463012695312500e+01
9.351396179199218750e+01
9.356326293945312500e+01
9.361267089843750000e+01
9.366191864013671875e+01
9.371138000488281250e+01
9.376065826416015625e+01
9.381005859375000000e+01
9.385936737060546875e+01
9.390879058837890625e+01
9.395809936523437500e+01
9.400744628906250000e+01
9.405675506591796875e+01
9.410620880126953125e+01
9.415545654296875000e+01
9.420473480224609375e+01
9.445154571533203125e+01
9.450086212158203125e+01
9.455020141601562500e+01
9.459951019287109375e+01
9.464897155761718750e+01
9.469827270507812500e+01
9.474773406982421875e+01
9.479692840576171875e+01
9.484638977050781250e+01
9.489562988281250000e+01
9.494509124755859375e+01
9.499439239501953125e+01
9.504374694824218750e+01
9.509301757812500000e+01
9.514238739013671875e+01
9.519171905517578125e+01
9.524108886718750000e+01
9.529043579101562500e+01
9.533974456787109375e+01
9.538902282714843750e+01
9.543844604492187500e+01
9.548778533935546875e+01
9.553721618652343750e+01
9.558662414550781250e+01
9.563586425781250000e+01
9.568519592285156250e+01
9.573463439941406250e+01
9.578397369384765625e+01
9.603060150146484375e+01
9.607997894287109375e+01
9.612937164306640625e+01
9.617874145507812500e+01
9.622801971435546875e+01
9.627745056152343750e+01
9.632679748535156250e+01
9.637609863281250000e+01
9.642549896240234375e+01
9.647480773925781250e+01
9.652414703369140625e+01
9.657350921630859375e+01
9.662279510498046875e+01
9.667215728759765625e+01
9.672162628173828125e+01
9.677089691162109375e+01
9.682020568847656250e+01
9.686960601806640625e+01
9.691885375976562500e+01
9.696826171875000000e+01
9.701756286621093750e+01
9.706695556640625000e+01
9.711632537841796875e+01
9.716561889648437500e+01
9.721504211425781250e+01
9.726438140869140625e+01
9.731374359130859375e+01
9.736308288574218750e+01
9.760977172851562500e+01
9.765921783447265625e+01
9.770849609375000000e+01
9.775773620605468750e+01
9.780706787109375000e+01
9.785649871826171875e+01
9.790579223632812500e+01
9.795521545410156250e+01
9.800448608398437500e+01
9.805391693115234375e+01
9.810325622558593750e+01
9.815262603759765625e+01
9.820191192626953125e+01
9.825133514404296875e+01
9.830061340332031250e+01
9.834994506835937500e+01
9.839932250976562500e+01
9.844866943359375000e+01
9.849797058105468750e+01
9.854742431640625000e+01
9.859667205810546875e+01
9.864608001708984375e+01
9.869538116455078125e+01
9.874472808837890625e+01
9.879402923583984375e+01
9.884349822998046875e+01
9.889273834228515625e+01
9.894226074218750000e+01
