-4.581646972656250000e+03
-4.715422363281250000e+03
-4.849194335937500000e+03
-4.982969726562500000e+03
-5.116744140625000000e+03
-5.250520019531250000e+03
-5.384293945312500000e+03
-5.518069335937500000e+03
-5.651844726562500000e+03
-5.785620117187500000e+03
-5.919393066406250000e+03
-6.053168945312500000e+03
-6.186943847656250000e+03
-6.320716308593750000e+03
-6.454491210937500000e+03
-6.588267578125000000e+03
-6.722041992187500000e+03
-6.855816406250000000e+03
-6.989591796875000000e+03
-7.123364746093750000e+03
-7.257142089843750000e+03
-7.390914550781250000e+03
-7.524691406250000000e+03
-7.658466308593750000e+03
-7.792240234375000000e+03
-7.926012695312500000e+03
-8.059790039062500000e+03
-8.193564453125000000e+03
-8.862437500000000000e+03
-8.996212890625000000e+03
-9.129985351562500000e+03
-9.263761718750000000e+03
-9.397534179687500000e+03
-9.531310546875000000e+03
-9.665083984375000000e+03
-9.798859375000000000e+03
-9.932633789062500000e+03
-1.006640917968750000e+04
-1.020018359375000000e+04
-1.033395996093750000e+04
-1.046773339843750000e+04
-1.060150781250000000e+04
-1.073528320312500000e+04
-1.086905664062500000e+04
-1.100283300781250000e+04
-1.113660742187500000e+04
-1.127038378906250000e+04
-1.140415625000000000e+04
-1.153793066406250000e+04
-1.167170605468750000e+04
-1.180548144531250000e+04
-1.193925390625000000e+04
-1.207302832031250000e+04
-1.220680468750000000e+04
-1.234058007812500000e+04
-1.247435351562500000e+04
-1.314322753906250000e+04
-1.327700292968750000e+04
-1.341077539062500000e+04
-1.354454980468750000e+04
-1.367832910156250000e+04
-1.381210156250000000e+04
-1.394587695312500000e+04
-1.407964941406250000e+04
-1.421342480468750000e+04
-1.434720019531250000e+04
-1.448097265625000000e+04
-1.461475097656250000e+04
-1.474852539062500000e+04
-1.488229882812500000e+04
-1.501607617187500000e+04
-1.514984960937500000e+04
-1.528362011718750000e+04
-1.541740234375000000e+04
-1.555117480468750000e+04
-1.568494726562500000e+04
-1.581872656250000000e+04
-1.595249804687500000e+04
-1.608627246093750000e+04
-1.622004785156250000e+04
-1.635382421875000000e+04
-1.648759375000000000e+04
-1.662137109375000000e+04
-1.675514453125000000e+04
-1.742401953125000000e+04
-1.755779492187500000e+04
-1.769157031250000000e+04
-1.782534570312500000e+04
-1.795911914062500000e+04
-1.809289648437500000e+04
-1.822666796875000000e+04
-1.836044335937500000e+04
-1.849421875000000000e+04
-1.862799609375000000e+04
-1.876176953125000000e+04
-1.889554687500000000e+04
-1.902931835937500000e+04
-1.916309179687500000e+04
-1.929686914062500000e+04
-1.943064257812500000e+04
-1.956442187500000000e+04
-1.969818945312500000e+04
-1.983196679687500000e+04
-1.996574023437500000e+04
-2.009951171875000000e+04
-2.023328906250000000e+04
-2.036706445312500000e+04
-2.050084375000000000e+04
-2.063461718750000000e+04
-2.076839062500000000e+04
-2.090216601562500000e+04
-2.103594140625000000e+04
-2.170481054687500000e+04
-2.183858593750000000e+04
-2.197236523437500000e+04
-2.210613476562500000e+04
-2.223991015625000000e+04
-2.237368750000000000e+04
-2.250745898437500000e+04
-2.264123632812500000e+04
-2.277501171875000000e+04
-2.290878125000000000e+04
-2.304255664062500000e+04
-2.317633789062500000e+04
-2.331010937500000000e+04
-2.344388281250000000e+04
-2.357765625000000000e+04
-2.371143359375000000e+04
-2.384520312500000000e+04
-2.397897460937500000e+04
-2.411275976562500000e+04
-2.424652734375000000e+04
-2.438030468750000000e+04
-2.451407617187500000e+04
-2.464785351562500000e+04
-2.478163476562500000e+04
-2.491540625000000000e+04
-2.504918554687500000e+04
-2.518295703125000000e+04
-2.531673046875000000e+04
-2.598559375000000000e+04
-2.611937500000000000e+04
-2.625315039062500000e+04
-2.638692187500000000e+04
-2.652068945312500000e+04
-2.665447851562500000e+04
-2.678825195312500000e+04
-2.692202343750000000e+04
-2.705579492187500000e+04
-2.718957812500000000e+04
-2.732334765625000000e+04
-2.745712304687500000e+04
-2.759090039062500000e+04
-2.772467382812500000e+04
-2.785844921875000000e+04
-2.799221679687500000e+04
-2.812599804687500000e+04
-2.825976953125000000e+04
-2.839354882812500000e+04
-2.852732421875000000e+04
-2.866109375000000000e+04
-2.879487109375000000e+04
-2.892865039062500000e+04
-2.906241406250000000e+04
-2.919619140625000000e+04
-2.932997265625000000e+04
-2.946375000000000000e+04
-2.959751367187500000e+04
-3.026639453125000000e+04
-3.040016992187500000e+04
-3.053393750000000000e+04
-3.066771679687500000e+04
-3.080149414062500000e+04
-3.093526757812500000e+04
-3.106903906250000000e+04
-3.120281445312500000e+04
-3.133658789062500000e+04
-3.147036523437500000e+04
-3.160413281250000000e+04
-3.173791406250000000e+04
-3.187169531250000000e+04
-3.200546093750000000e+04
-3.213924218750000000e+04
-3.227300976562500000e+04
-3.240678320312500000e+04
-3.254056250000000000e+04
-3.267433007812500000e+04
-3.280811328125000000e+04
-3.294188281250000000e+04
-3.307566015625000000e+04
-3.320943359375000000e+04
-3.334321484375000000e+04
-3.347698437500000000e+04
-3.361076562500000000e+04
-3.374454296875000000e+04
-3.387830468750000000e+04
-3.454718750000000000e+04
-3.468095703125000000e+04
-3.481473437500000000e+04
-3.494850000000000000e+04
-3.508228125000000000e+04
-3.521605859375000000e+04
-3.534982812500000000e+04
-3.548359765625000000e+04
-3.561738281250000000e+04
-3.575116015625000000e+04
-3.588494140625000000e+04
-3.601870703125000000e+04
-3.615248437500000000e+04
-3.628626171875000000e+04
-3.642003125000000000e+04
-3.655380468750000000e+04
-3.668758593750000000e+04
-3.682135156250000000e+04
-3.695512500000000000e+04
-3.708890625000000000e+04
-3.722267578125000000e+04
-3.735644921875000000e+04
-3.749021484375000000e+04
-3.762400390625000000e+04
-3.775777734375000000e+04
-3.789155078125000000e+04
-3.802533203125000000e+04
-3.815910937500000000e+04
-3.882797265625000000e+04
-3.896174609375000000e+04
-3.909552734375000000e+04
-3.922930468750000000e+04
-3.936307031250000000e+04
-3.949685546875000000e+04
-3.963062500000000000e+04
-3.976439453125000000e+04
-3.989816796875000000e+04
-4.003194921875000000e+04
-4.016572656250000000e+04
-4.029949609375000000e+04
-4.043327734375000000e+04
-4.056705078125000000e+04
-4.070082812500000000e+04
-4.083458984375000000e+04
-4.096837109375000000e+04
-4.110214453125000000e+04
-4.123589843750000000e+04
-4.136969140625000000e+04
-4.150347265625000000e+04
-4.163724609375000000e+04
-4.177101953125000000e+04
-4.190480078125000000e+04
-4.203857421875000000e+04
-4.217233593750000000e+04
-4.230611718750000000e+04
-4.243989453125000000e+04
-4.310876953125000000e+04
-4.324254296875000000e+04
-4.337631640625000000e+04
-4.351008593750000000e+04
-4.364387890625000000e+04
-4.377764453125000000e+04
-4.391141796875000000e+04
-4.404519140625000000e+04
-4.417896093750000000e+04
-4.431274218750000000e+04
-4.444650390625000000e+04
-4.458029296875000000e+04
-4.471405859375000000e+04
-4.484784375000000000e+04
-4.498160546875000000e+04
-4.511538281250000000e+04
-4.524916015625000000e+04
-4.538293359375000000e+04
-4.551670703125000000e+04
-4.565047656250000000e+04
-4.578426171875000000e+04
-4.591803906250000000e+04
-4.605181640625000000e+04
-4.618558984375000000e+04
-4.631935937500000000e+04
-4.645315234375000000e+04
-4.658691796875000000e+04
-4.672068750000000000e+04
-4.738955468750000000e+04
-4.752333203125000000e+04
-4.765710546875000000e+04
-4.779087890625000000e+04
-4.792465625000000000e+04
-4.805842968750000000e+04
-4.819220312500000000e+04
-4.832598046875000000e+04
-4.845976562500000000e+04
-4.859353515625000000e+04
-4.872730468750000000e+04
-4.886108203125000000e+04
-4.899484765625000000e+04
-4.912862890625000000e+04
-4.926239062500000000e+04
-4.939618359375000000e+04
-4.952994140625000000e+04
-4.966372265625000000e+04
-4.979750781250000000e+04
-4.993128906250000000e+04
-5.006504687500000000e+04
-5.019882031250000000e+04
-5.033259375000000000e+04
-5.046637500000000000e+04
-5.060014843750000000e+04
-5.073393359375000000e+04
-5.086770312500000000e+04
-5.100148437500000000e+04
-5.167035156250000000e+04
-5.180411718750000000e+04
-5.193789843750000000e+04
-5.207166796875000000e+04
-5.220544921875000000e+04
-5.233921484375000000e+04
-5.247299218750000000e+04
-5.260676953125000000e+04
-5.274054296875000000e+04
-5.287432812500000000e+04
-5.300809375000000000e+04
-5.314187890625000000e+04
-5.327564453125000000e+04
-5.340941406250000000e+04
-5.354317578125000000e+04
-5.367696484375000000e+04
-5.381074609375000000e+04
-5.394450781250000000e+04
-5.407829296875000000e+04
-5.421208203125000000e+04
-5.434584765625000000e+04
-5.447962109375000000e+04
-5.461338281250000000e+04
-5.474717187500000000e+04
-5.488094140625000000e+04
-5.501471875000000000e+04
-5.514849609375000000e+04
-5.528227734375000000e+04
-5.595113671875000000e+04
-5.608492187500000000e+04
-5.621869140625000000e+04
-5.635246484375000000e+04
-5.648623437500000000e+04
-5.662001171875000000e+04
-5.675378906250000000e+04
-5.688755078125000000e+04
-5.702133984375000000e+04
-5.715510937500000000e+04
-5.728888671875000000e+04
-5.742265234375000000e+04
-5.755643750000000000e+04
-5.769021484375000000e+04
-5.782398046875000000e+04
-5.795775390625000000e+04
-5.809153125000000000e+04
-5.822531640625000000e+04
-5.835908984375000000e+04
-5.849285156250000000e+04
-5.862662890625000000e+04
-5.876041796875000000e+04
-5.889418359375000000e+04
-5.902795703125000000e+04
-5.916173437500000000e+04
-5.929551953125000000e+04
-5.942928515625000000e+04
-5.956307031250000000e+04
-6.023193359375000000e+04
-6.036569921875000000e+04
-6.049948437500000000e+04
-6.063324609375000000e+04
-6.076703125000000000e+04
-6.090079296875000000e+04
-6.103458203125000000e+04
-6.116835937500000000e+04
-6.130212890625000000e+04
-6.143591015625000000e+04
-6.156967187500000000e+04
-6.170344921875000000e+04
-6.183723828125000000e+04
-6.197099609375000000e+04
-6.210477343750000000e+04
-6.223855468750000000e+04
-6.237232812500000000e+04
-6.250610546875000000e+04
-6.263987890625000000e+04
-6.277365625000000000e+04
-6.290741796875000000e+04
-6.304118750000000000e+04
-6.317497656250000000e+04
-6.330875000000000000e+04
-6.344252734375000000e+04
-6.357630078125000000e+04
-6.371007031250000000e+04
-6.384383984375000000e+04
-6.451273046875000000e+04
-6.464650781250000000e+04
-6.478026562500000000e+04
-6.491403125000000000e+04
-6.504782421875000000e+04
-6.518158203125000000e+04
-6.531535937500000000e+04
-6.544913281250000000e+04
-6.558292187500000000e+04
-6.571669531250000000e+04
-6.585046875000000000e+04
-6.598423437500000000e+04
-6.611800781250000000e+04
-6.625178906250000000e+04
-6.638556250000000000e+04
-6.651934375000000000e+04
-6.665311718750000000e+04
-6.678688281250000000e+04
-6.692065625000000000e+04
-6.705442968750000000e+04
-6.718820312500000000e+04
-6.732198437500000000e+04
-6.745575781250000000e+04
-6.758953125000000000e+04
-6.772330468750000000e+04
-6.785708593750000000e+04
-6.799085937500000000e+04
-6.812463281250000000e+04
-6.879350781250000000e+04
-6.892728125000000000e+04
-6.906104687500000000e+04
-6.919483593750000000e+04
-6.932860937500000000e+04
-6.946238281250000000e+04
-6.959614843750000000e+04
-6.972993750000000000e+04
-6.986370312500000000e+04
-6.999746875000000000e+04
-7.013126562500000000e+04
-7.026503906250000000e+04
-7.039880468750000000e+04
-7.053256250000000000e+04
-7.066636718750000000e+04
-7.080013281250000000e+04
-7.093389062500000000e+04
-7.106767968750000000e+04
-7.120145312500000000e+04
-7.133524218750000000e+04
-7.146900000000000000e+04
-7.160279687500000000e+04
-7.173654687500000000e+04
-7.187033593750000000e+04
-7.200409375000000000e+04
-7.213786718750000000e+04
-7.227165625000000000e+04
-7.240543750000000000e+04
-7.307431250000000000e+04
-7.320806250000000000e+04
-7.334185937500000000e+04
-7.347562500000000000e+04
-7.360941406250000000e+04
-7.374317968750000000e+04
-7.387694531250000000e+04
-7.401072656250000000e+04
-7.414450000000000000e+04
-7.427827343750000000e+04
-7.441204687500000000e+04
-7.454582812500000000e+04
-7.467960156250000000e+04
-7.481337500000000000e+04
-7.494714062500000000e+04
-7.508092968750000000e+04
-7.521468750000000000e+04
-7.534847656250000000e+04
-7.548225000000000000e+04
-7.561603125000000000e+04
-7.574978906250000000e+04
-7.588357812500000000e+04
-7.601734375000000000e+04
-7.615112500000000000e+04
-7.628489843750000000e+04
-7.641867968750000000e+04
-7.655243750000000000e+04
-7.668621875000000000e+04
-7.735509375000000000e+04
-7.748887500000000000e+04
-7.762264062500000000e+04
-7.775642187500000000e+04
-7.789018750000000000e+04
-7.802396875000000000e+04
-7.815775000000000000e+04
-7.829150781250000000e+04
-7.842528125000000000e+04
-7.855907812500000000e+04
-7.869283593750000000e+04
-7.882659375000000000e+04
-7.896039062500000000e+04
-7.909414843750000000e+04
-7.922792187500000000e+04
-7.936169531250000000e+04
-7.949550000000000000e+04
-7.962925781250000000e+04
-7.976300781250000000e+04
-7.989680468750000000e+04
-8.003058593750000000e+04
-8.016436718750000000e+04
-8.029814062500000000e+04
-8.043192187500000000e+04
-8.056568750000000000e+04
-8.069945312500000000e+04
-8.083322656250000000e+04
-8.096700781250000000e+04
-8.163586718750000000e+04
-8.176967187500000000e+04
-8.190342187500000000e+04
-8.203720312500000000e+04
-8.217098437500000000e+04
-8.230476562500000000e+04
-8.243853906250000000e+04
-8.257230468750000000e+04
-8.270608593750000000e+04
-8.283985937500000000e+04
-8.297362500000000000e+04
-8.310739062500000000e+04
-8.324118750000000000e+04
-8.337494531250000000e+04
-8.350871093750000000e+04
-8.364250781250000000e+04
-8.377627343750000000e+04
-8.391007031250000000e+04
-8.404382031250000000e+04
-8.417760156250000000e+04
-8.431138281250000000e+04
-8.444515625000000000e+04
-8.457892968750000000e+04
-8.471269531250000000e+04
-8.484647656250000000e+04
-8.498026562500000000e+04
-8.511402343750000000e+04
-8.524782031250000000e+04
-8.591667968750000000e+04
-8.605044531250000000e+04
-8.618421875000000000e+04
-8.631800000000000000e+04
-8.645176562500000000e+04
-8.658553125000000000e+04
-8.671929687500000000e+04
-8.685309375000000000e+04
-8.698686718750000000e+04
-8.712067187500000000e+04
-8.725441406250000000e+04
-8.738820312500000000e+04
-8.752196875000000000e+04
-8.765575000000000000e+04
-8.778951562500000000e+04
-8.792328906250000000e+04
-8.805710156250000000e+04
-8.819085937500000000e+04
-8.832460156250000000e+04
-8.845839062500000000e+04
-8.859215625000000000e+04
-8.872593750000000000e+04
-8.885970312500000000e+04
-8.899350000000000000e+04
-8.912728906250000000e+04
-8.926106250000000000e+04
-8.939482812500000000e+04
-8.952859375000000000e+04
-9.019747656250000000e+04
-9.033121875000000000e+04
-9.046500000000000000e+04
-9.059878906250000000e+04
-9.073256250000000000e+04
-9.086635156250000000e+04
-9.100010156250000000e+04
-9.113387500000000000e+04
-9.126766406250000000e+04
-9.140144531250000000e+04
-9.153521875000000000e+04
-9.166899218750000000e+04
-9.180278125000000000e+04
-9.193655468750000000e+04
-9.207030468750000000e+04
-9.220410156250000000e+04
-9.233785156250000000e+04
-9.247162500000000000e+04
-9.260538281250000000e+04
-9.273919531250000000e+04
-9.287295312500000000e+04
-9.300672656250000000e+04
-9.314050781250000000e+04
-9.327426562500000000e+04
-9.340805468750000000e+04
-9.354182812500000000e+04
-9.367560937500000000e+04
-9.380940625000000000e+04
-9.447825781250000000e+04
-9.461203125000000000e+04
-9.474581250000000000e+04
-9.487957031250000000e+04
-9.501335156250000000e+04
-9.514715625000000000e+04
-9.528089062500000000e+04
-9.541465625000000000e+04
-9.554843750000000000e+04
-9.568222656250000000e+04
-9.581600000000000000e+04
-9.594977343750000000e+04
-9.608353906250000000e+04
-9.621734375000000000e+04
-9.635110156250000000e+04
-9.648488281250000000e+04
-9.661865625000000000e+04
-9.675242968750000000e+04
-9.688620312500000000e+04
-9.701997656250000000e+04
-9.715375000000000000e+04
-9.728753906250000000e+04
-9.742129687500000000e+04
-9.755509375000000000e+04
-9.768885156250000000e+04
-9.782261718750000000e+04
-9.795639843750000000e+04
-9.809018750000000000e+04
-9.875904687500000000e+04
-9.889283593750000000e+04
-9.902659375000000000e+04
-9.916036718750000000e+04
-9.929414843750000000e+04
-9.942792187500000000e+04
-9.956167968750000000e+04
-9.969547656250000000e+04
-9.982923437500000000e+04
-9.996301562500000000e+04
-1.000967812500000000e+05
-1.002305781250000000e+05
-1.003643593750000000e+05
-1.004981093750000000e+05
-1.006318750000000000e+05
-1.007656718750000000e+05
-1.008994375000000000e+05
-1.010332500000000000e+05
-1.011669609375000000e+05
-1.013007734375000000e+05
-1.014345546875000000e+05
-1.015683437500000000e+05
-1.017020859375000000e+05
-1.018358515625000000e+05
-1.019696562500000000e+05
-1.021034140625000000e+05
-1.022371953125000000e+05
-1.023709531250000000e+05
-1.030398281250000000e+05
-1.031736171875000000e+05
-1.033073828125000000e+05
-1.034411250000000000e+05
-1.035749453125000000e+05
-1.037086953125000000e+05
-1.038424921875000000e+05
-1.039762578125000000e+05
-1.041100390625000000e+05
-1.042438125000000000e+05
-1.043775859375000000e+05
-1.045113515625000000e+05
-1.046451406250000000e+05
-1.047789140625000000e+05
-1.049126875000000000e+05
-1.050464531250000000e+05
-1.051802187500000000e+05
-1.053140156250000000e+05
-1.054477890625000000e+05
-1.055815312500000000e+05
-1.057153437500000000e+05
-1.058491171875000000e+05
-1.059828984375000000e+05
-1.061166640625000000e+05
-1.062504218750000000e+05
-1.063842109375000000e+05
-1.065179765625000000e+05
-1.066517812500000000e+05
-1.073206250000000000e+05
-1.074544062500000000e+05
-1.075881796875000000e+05
-1.077219687500000000e+05
-1.078557265625000000e+05
-1.079895078125000000e+05
-1.081232812500000000e+05
-1.082570312500000000e+05
-1.083908281250000000e+05
-1.085246093750000000e+05
-1.086583828125000000e+05
-1.087921562500000000e+05
-1.089259296875000000e+05
-1.090596875000000000e+05
-1.091934687500000000e+05
-1.093272421875000000e+05
-1.094610312500000000e+05
-1.095947968750000000e+05
-1.097285703125000000e+05
-1.098623671875000000e+05
-1.099961328125000000e+05
-1.101298828125000000e+05
-1.102636718750000000e+05
-1.103974531250000000e+05
-1.105312421875000000e+05
-1.106649921875000000e+05
-1.107987734375000000e+05
-1.109325390625000000e+05
-1.116014140625000000e+05
-1.117352031250000000e+05
-1.118689531250000000e+05
-1.120027187500000000e+05
-1.121365156250000000e+05
-1.122702968750000000e+05
-1.124040859375000000e+05
-1.125378515625000000e+05
-1.126716171875000000e+05
-1.128054218750000000e+05
-1.129391796875000000e+05
-1.130729531250000000e+05
-1.132067109375000000e+05
-1.133405078125000000e+05
-1.134742656250000000e+05
-1.136080312500000000e+05
-1.137418359375000000e+05
-1.138755937500000000e+05
-1.140093437500000000e+05
-1.141431328125000000e+05
-1.142769140625000000e+05
-1.144107109375000000e+05
-1.145444765625000000e+05
-1.146782343750000000e+05
-1.148120156250000000e+05
-1.149457812500000000e+05
-1.150795703125000000e+05
-1.152133281250000000e+05
-1.158822109375000000e+05
-1.160159609375000000e+05
-1.161497734375000000e+05
-1.162835312500000000e+05
-1.164173125000000000e+05
-1.165510781250000000e+05
-1.166848671875000000e+05
-1.168186406250000000e+05
-1.169524218750000000e+05
-1.170861796875000000e+05
-1.172199531250000000e+05
-1.173537343750000000e+05
-1.174875000000000000e+05
-1.176212968750000000e+05
-1.177550156250000000e+05
-1.178888125000000000e+05
-1.180225937500000000e+05
-1.181563828125000000e+05
-1.182901484375000000e+05
-1.184239296875000000e+05
-1.185577031250000000e+05
-1.186914843750000000e+05
-1.188252187500000000e+05
-1.189590390625000000e+05
-1.190927968750000000e+05
-1.192266015625000000e+05
-1.193603437500000000e+05
-1.194941406250000000e+05
-1.201630078125000000e+05
-1.202967890625000000e+05
-1.204305468750000000e+05
-1.205643359375000000e+05
-1.206980859375000000e+05
-1.208318750000000000e+05
-1.209656484375000000e+05
-1.210994140625000000e+05
-1.212332187500000000e+05
-1.213669921875000000e+05
-1.215007500000000000e+05
-1.216345000000000000e+05
-1.217682812500000000e+05
-1.219020781250000000e+05
-1.220358515625000000e+05
-1.221696406250000000e+05
-1.223033828125000000e+05
-1.224371796875000000e+05
-1.225709375000000000e+05
-1.227047265625000000e+05
-1.228384921875000000e+05
-1.229722734375000000e+05
-1.231060546875000000e+05
-1.232398281250000000e+05
-1.233735859375000000e+05
-1.235073750000000000e+05
-1.236411406250000000e+05
-1.237749062500000000e+05
