-2.632757568359375000e+01
-2.710600090026855469e+01
-2.788441085815429688e+01
-2.866283798217773438e+01
-2.944125938415527344e+01
-3.021968841552734375e+01
-3.099810791015625000e+01
-3.177653312683105469e+01
-3.255496215820312500e+01
-3.333338928222656250e+01
-3.411180114746093750e+01
-3.489023208618164062e+01
-3.566865539550781250e+01
-3.644706726074218750e+01
-3.722549057006835938e+01
-3.800392532348632812e+01
-3.878234481811523438e+01
-3.956076812744140625e+01
-4.033919525146484375e+01
-4.111760711669921875e+01
-4.189604568481445312e+01
-4.267445755004882812e+01
-4.345289230346679688e+01
-4.423131561279296875e+01
-4.500973510742187500e+01
-4.578814697265625000e+01
-4.656658554077148438e+01
-4.734500503540039062e+01
-5.123711776733398438e+01
-5.201554489135742188e+01
-5.279395675659179688e+01
-5.357238769531250000e+01
-5.435079956054687500e+01
-5.512923431396484375e+01
-5.590764999389648438e+01
-5.668607711791992188e+01
-5.746449661254882812e+01
-5.824292755126953125e+01
-5.902134704589843750e+01
-5.979978179931640625e+01
-6.057819747924804688e+01
-6.135661697387695312e+01
-6.213504409790039062e+01
-6.291345977783203125e+01
-6.369189453125000000e+01
-6.447031402587890625e+01
-6.524874877929687500e+01
-6.602716064453125000e+01
-6.680558013916015625e+01
-6.758400726318359375e+01
-6.836243438720703125e+01
-6.914084625244140625e+01
-6.991926574707031250e+01
-7.069770050048828125e+01
-7.147612762451171875e+01
-7.225453948974609375e+01
-7.614665985107421875e+01
-7.692508697509765625e+01
-7.770349884033203125e+01
-7.848191833496093750e+01
-7.926036834716796875e+01
-8.003878021240234375e+01
-8.081720733642578125e+01
-8.159561920166015625e+01
-8.237404632568359375e+01
-8.315247344970703125e+01
-8.393088531494140625e+01
-8.470932769775390625e+01
-8.548774719238281250e+01
-8.626616668701171875e+01
-8.704460144042968750e+01
-8.782302093505859375e+01
-8.860141754150390625e+01
-8.937988281250000000e+01
-9.015829467773437500e+01
-9.093670654296875000e+01
-9.171515655517578125e+01
-9.249356079101562500e+01
-9.327198028564453125e+01
-9.405040740966796875e+01
-9.482884216308593750e+01
-9.560723114013671875e+01
-9.638566589355468750e+01
-9.716408538818359375e+01
-1.010562057495117188e+02
-1.018346405029296875e+02
-1.026130599975585938e+02
-1.033914871215820312e+02
-1.041699066162109375e+02
-1.049483413696289062e+02
-1.057267456054687500e+02
-1.065051803588867188e+02
-1.072835998535156250e+02
-1.080620422363281250e+02
-1.088404617309570312e+02
-1.096188964843750000e+02
-1.103973007202148438e+02
-1.111757202148437500e+02
-1.119541549682617188e+02
-1.127325668334960938e+02
-1.135110168457031250e+02
-1.142894058227539062e+02
-1.150678405761718750e+02
-1.158462600708007812e+02
-1.166246643066406250e+02
-1.174031066894531250e+02
-1.181815261840820312e+02
-1.189599761962890625e+02
-1.197383956909179688e+02
-1.205168151855468750e+02
-1.212952346801757812e+02
-1.220736694335937500e+02
-1.259657592773437500e+02
-1.267441787719726562e+02
-1.275226364135742188e+02
-1.283010253906250000e+02
-1.290794525146484375e+02
-1.298578948974609375e+02
-1.306362915039062500e+02
-1.314147338867187500e+02
-1.321931610107421875e+02
-1.329715576171875000e+02
-1.337499847412109375e+02
-1.345284423828125000e+02
-1.353068542480468750e+02
-1.360852661132812500e+02
-1.368636779785156250e+02
-1.376421203613281250e+02
-1.384205169677734375e+02
-1.391989135742187500e+02
-1.399774017333984375e+02
-1.407557830810546875e+02
-1.415342254638671875e+02
-1.423126220703125000e+02
-1.430910644531250000e+02
-1.438695220947265625e+02
-1.446479339599609375e+02
-1.454263763427734375e+02
-1.462047882080078125e+02
-1.469832000732421875e+02
-1.508752593994140625e+02
-1.516537170410156250e+02
-1.524321441650390625e+02
-1.532105560302734375e+02
-1.539889373779296875e+02
-1.547674407958984375e+02
-1.555458526611328125e+02
-1.563242645263671875e+02
-1.571026611328125000e+02
-1.578811340332031250e+02
-1.586595306396484375e+02
-1.594379577636718750e+02
-1.602164001464843750e+02
-1.609948120117187500e+02
-1.617732391357421875e+02
-1.625516204833984375e+02
-1.633300781250000000e+02
-1.641084899902343750e+02
-1.648869323730468750e+02
-1.656653594970703125e+02
-1.664437561035156250e+02
-1.672221984863281250e+02
-1.680006408691406250e+02
-1.687790069580078125e+02
-1.695574493408203125e+02
-1.703359069824218750e+02
-1.711143493652343750e+02
-1.718927001953125000e+02
-1.757848663330078125e+02
-1.765632934570312500e+02
-1.773416748046875000e+02
-1.781201171875000000e+02
-1.788985595703125000e+02
-1.796769714355468750e+02
-1.804553833007812500e+02
-1.812338104248046875e+02
-1.820122222900390625e+02
-1.827906646728515625e+02
-1.835690460205078125e+02
-1.843475036621093750e+02
-1.851259613037109375e+02
-1.859043426513671875e+02
-1.866828002929687500e+02
-1.874611816406250000e+02
-1.882395935058593750e+02
-1.890180511474609375e+02
-1.897964324951171875e+02
-1.905749053955078125e+02
-1.913533020019531250e+02
-1.921317291259765625e+02
-1.929101409912109375e+02
-1.936886138916015625e+02
-1.944669952392578125e+02
-1.952454681396484375e+02
-1.960238952636718750e+02
-1.968022613525390625e+02
-2.006944122314453125e+02
-2.014728240966796875e+02
-2.022512512207031250e+02
-2.030296325683593750e+02
-2.038080902099609375e+02
-2.045865325927734375e+02
-2.053649139404296875e+02
-2.061433105468750000e+02
-2.069217834472656250e+02
-2.077002410888671875e+02
-2.084786834716796875e+02
-2.092570648193359375e+02
-2.100354919433593750e+02
-2.108139343261718750e+02
-2.115923309326171875e+02
-2.123707427978515625e+02
-2.131492004394531250e+02
-2.139275817871093750e+02
-2.147059936523437500e+02
-2.154844512939453125e+02
-2.162628631591796875e+02
-2.170412597656250000e+02
-2.178196411132812500e+02
-2.185981445312500000e+02
-2.193765716552734375e+02
-2.201549835205078125e+02
-2.209334411621093750e+02
-2.217118835449218750e+02
-2.256039428710937500e+02
-2.263823394775390625e+02
-2.271608123779296875e+02
-2.279392547607421875e+02
-2.287176208496093750e+02
-2.294960937500000000e+02
-2.302744903564453125e+02
-2.310529022216796875e+02
-2.318312988281250000e+02
-2.326097717285156250e+02
-2.333882141113281250e+02
-2.341666107177734375e+02
-2.349450531005859375e+02
-2.357234802246093750e+02
-2.365019226074218750e+02
-2.372802734375000000e+02
-2.380587310791015625e+02
-2.388371429443359375e+02
-2.396154479980468750e+02
-2.403939819335937500e+02
-2.411724395751953125e+02
-2.419508514404296875e+02
-2.427292633056640625e+02
-2.435077209472656250e+02
-2.442861328125000000e+02
-2.450644989013671875e+02
-2.458429412841796875e+02
-2.466213836669921875e+02
-2.505135192871093750e+02
-2.512919311523437500e+02
-2.520703430175781250e+02
-2.528487396240234375e+02
-2.536272735595703125e+02
-2.544056396484375000e+02
-2.551840515136718750e+02
-2.559624633789062500e+02
-2.567408752441406250e+02
-2.575193176269531250e+02
-2.582976684570312500e+02
-2.590761718750000000e+02
-2.598545532226562500e+02
-2.606330261230468750e+02
-2.614113769531250000e+02
-2.621898193359375000e+02
-2.629682617187500000e+02
-2.637466735839843750e+02
-2.645250854492187500e+02
-2.653034973144531250e+02
-2.660819702148437500e+02
-2.668604125976562500e+02
-2.676388549804687500e+02
-2.684172668457031250e+02
-2.691956481933593750e+02
-2.699741821289062500e+02
-2.707525634765625000e+02
-2.715309448242187500e+02
-2.754230346679687500e+02
-2.762014770507812500e+02
-2.769798889160156250e+02
-2.777583007812500000e+02
-2.785367431640625000e+02
-2.793151550292968750e+02
-2.800935668945312500e+02
-2.808720092773437500e+02
-2.816504821777343750e+02
-2.824288940429687500e+02
-2.832072753906250000e+02
-2.839857177734375000e+02
-2.847640991210937500e+02
-2.855425415039062500e+02
-2.863208923339843750e+02
-2.870994262695312500e+02
-2.878777465820312500e+02
-2.886562194824218750e+02
-2.894346923828125000e+02
-2.902131652832031250e+02
-2.909914855957031250e+02
-2.917698974609375000e+02
-2.925483093261718750e+02
-2.933267822265625000e+02
-2.941051940917968750e+02
-2.948836669921875000e+02
-2.956620788574218750e+02
-2.964405212402343750e+02
-3.003326110839843750e+02
-3.011109924316406250e+02
-3.018894348144531250e+02
-3.026678466796875000e+02
-3.034462890625000000e+02
-3.042246704101562500e+02
-3.050031127929687500e+02
-3.057815551757812500e+02
-3.065599670410156250e+02
-3.073384399414062500e+02
-3.081168212890625000e+02
-3.088952941894531250e+02
-3.096736755371093750e+02
-3.104520568847656250e+02
-3.112304077148437500e+02
-3.120089111328125000e+02
-3.127873840332031250e+02
-3.135657348632812500e+02
-3.143442077636718750e+02
-3.151227111816406250e+02
-3.159010925292968750e+02
-3.166795043945312500e+02
-3.174578552246093750e+02
-3.182363586425781250e+02
-3.190147399902343750e+02
-3.197931823730468750e+02
-3.205716247558593750e+02
-3.213500976562500000e+02
-3.252421264648437500e+02
-3.260205993652343750e+02
-3.267990112304687500e+02
-3.275774230957031250e+02
-3.283558044433593750e+02
-3.291342468261718750e+02
-3.299126892089843750e+02
-3.306910400390625000e+02
-3.314695434570312500e+02
-3.322479248046875000e+02
-3.330263671875000000e+02
-3.338047485351562500e+02
-3.345832214355468750e+02
-3.353616638183593750e+02
-3.361400451660156250e+02
-3.369184570312500000e+02
-3.376968994140625000e+02
-3.384753723144531250e+02
-3.392537841796875000e+02
-3.400321350097656250e+02
-3.408105773925781250e+02
-3.415890808105468750e+02
-3.423674621582031250e+02
-3.431458740234375000e+02
-3.439243164062500000e+02
-3.447027893066406250e+02
-3.454811706542968750e+02
-3.462596435546875000e+02
-3.501517028808593750e+02
-3.509300842285156250e+02
-3.517085571289062500e+02
-3.524869079589843750e+02
-3.532653808593750000e+02
-3.540437316894531250e+02
-3.548222351074218750e+02
-3.556006774902343750e+02
-3.563790893554687500e+02
-3.571575317382812500e+02
-3.579358825683593750e+02
-3.587143249511718750e+02
-3.594928283691406250e+02
-3.602711486816406250e+02
-3.610495910644531250e+02
-3.618280639648437500e+02
-3.626064758300781250e+02
-3.633849182128906250e+02
-3.641633300781250000e+02
-3.649417724609375000e+02
-3.657201232910156250e+02
-3.664985046386718750e+02
-3.672770080566406250e+02
-3.680554199218750000e+02
-3.688338623046875000e+02
-3.696122741699218750e+02
-3.703906860351562500e+02
-3.711690673828125000e+02
-3.750612792968750000e+02
-3.758397216796875000e+02
-3.766180419921875000e+02
-3.773964233398437500e+02
-3.781749572753906250e+02
-3.789532775878906250e+02
-3.797317199707031250e+02
-3.805101318359375000e+02
-3.812886352539062500e+02
-3.820670471191406250e+02
-3.828454895019531250e+02
-3.836238403320312500e+02
-3.844022521972656250e+02
-3.851806945800781250e+02
-3.859591369628906250e+02
-3.867375793457031250e+02
-3.875160217285156250e+02
-3.882943725585937500e+02
-3.890728149414062500e+02
-3.898511962890625000e+02
-3.906296386718750000e+02
-3.914081115722656250e+02
-3.921864929199218750e+02
-3.929649353027343750e+02
-3.937433471679687500e+02
-3.945218200683593750e+02
-3.953002319335937500e+02
-3.960786132812500000e+02
-3.999707641601562500e+02
-4.007491760253906250e+02
-4.015275573730468750e+02
-4.023060607910156250e+02
-4.030844726562500000e+02
-4.038628845214843750e+02
-4.046412658691406250e+02
-4.054197692871093750e+02
-4.061981201171875000e+02
-4.069765014648437500e+02
-4.077550354003906250e+02
-4.085334472656250000e+02
-4.093118591308593750e+02
-4.100901794433593750e+02
-4.108687744140625000e+02
-4.116471252441406250e+02
-4.124254760742187500e+02
-4.132039489746093750e+02
-4.139823913574218750e+02
-4.147608642578125000e+02
-4.155392150878906250e+02
-4.163177490234375000e+02
-4.170960388183593750e+02
-4.178745422363281250e+02
-4.186528930664062500e+02
-4.194313049316406250e+02
-4.202097778320312500e+02
-4.209882507324218750e+02
-4.248804016113281250e+02
-4.256586608886718750e+02
-4.264371948242187500e+02
-4.272156066894531250e+02
-4.279940795898437500e+02
-4.287724609375000000e+02
-4.295508117675781250e+02
-4.303292846679687500e+02
-4.311076965332031250e+02
-4.318861083984375000e+02
-4.326645507812500000e+02
-4.334430236816406250e+02
-4.342214355468750000e+02
-4.349998474121093750e+02
-4.357781982421875000e+02
-4.365567016601562500e+02
-4.373350524902343750e+02
-4.381135253906250000e+02
-4.388919372558593750e+02
-4.396704101562500000e+02
-4.404487304687500000e+02
-4.412272644042968750e+02
-4.420056152343750000e+02
-4.427840881347656250e+02
-4.435625000000000000e+02
-4.443409423828125000e+02
-4.451192932128906250e+02
-4.458977661132812500e+02
-4.497898559570312500e+02
-4.505683288574218750e+02
-4.513467102050781250e+02
-4.521251831054687500e+02
-4.529035339355468750e+02
-4.536820068359375000e+02
-4.544604797363281250e+02
-4.552388000488281250e+02
-4.560172119140625000e+02
-4.567957458496093750e+02
-4.575740966796875000e+02
-4.583523864746093750e+02
-4.591309509277343750e+02
-4.599093017578125000e+02
-4.606877136230468750e+02
-4.614661254882812500e+02
-4.622447204589843750e+02
-4.630230407714843750e+02
-4.638013305664062500e+02
-4.645798645019531250e+02
-4.653583374023437500e+02
-4.661367797851562500e+02
-4.669151916503906250e+02
-4.676936645507812500e+02
-4.684720153808593750e+02
-4.692504272460937500e+02
-4.700288085937500000e+02
-4.708072814941406250e+02
-4.746993103027343750e+02
-4.754779052734375000e+02
-4.762561950683593750e+02
-4.770346679687500000e+02
-4.778131103515625000e+02
-4.785915832519531250e+02
-4.793699951171875000e+02
-4.801483459472656250e+02
-4.809268188476562500e+02
-4.817052612304687500e+02
-4.824836120605468750e+02
-4.832619628906250000e+02
-4.840405578613281250e+02
-4.848188781738281250e+02
-4.855972290039062500e+02
-4.863757629394531250e+02
-4.871541748046875000e+02
-4.879327087402343750e+02
-4.887109680175781250e+02
-4.894894409179687500e+02
-4.902679138183593750e+02
-4.910463256835937500e+02
-4.918247375488281250e+02
-4.926031188964843750e+02
-4.933815917968750000e+02
-4.941600646972656250e+02
-4.949384155273437500e+02
-4.957169494628906250e+02
-4.996089782714843750e+02
-5.003873596191406250e+02
-5.011657714843750000e+02
-5.019442443847656250e+02
-5.027225952148437500e+02
-5.035009765625000000e+02
-5.042793273925781250e+02
-5.050579223632812500e+02
-5.058363342285156250e+02
-5.066149291992187500e+02
-5.073931274414062500e+02
-5.081716613769531250e+02
-5.089500122070312500e+02
-5.097284851074218750e+02
-5.105068359375000000e+02
-5.112852783203125000e+02
-5.120639038085937500e+02
-5.128422241210937500e+02
-5.136204833984375000e+02
-5.143989868164062500e+02
-5.151773681640625000e+02
-5.159558105468750000e+02
-5.167341918945312500e+02
-5.175127563476562500e+02
-5.182912597656250000e+02
-5.190696411132812500e+02
-5.198480224609375000e+02
-5.206264038085937500e+02
-5.245185546875000000e+02
-5.252968139648437500e+02
-5.260752563476562500e+02
-5.268537597656250000e+02
-5.276322021484375000e+02
-5.284107055664062500e+02
-5.291889648437500000e+02
-5.299674072265625000e+02
-5.307459106445312500e+02
-5.315243530273437500e+02
-5.323027954101562500e+02
-5.330811767578125000e+02
-5.338596801757812500e+02
-5.346381225585937500e+02
-5.354163818359375000e+02
-5.361949462890625000e+02
-5.369732055664062500e+02
-5.377516479492187500e+02
-5.385299682617187500e+02
-5.393085937500000000e+02
-5.400869140625000000e+02
-5.408653564453125000e+02
-5.416437988281250000e+02
-5.424221191406250000e+02
-5.432006225585937500e+02
-5.439790649414062500e+02
-5.447575073242187500e+02
-5.455360717773437500e+02
-5.494280395507812500e+02
-5.502064819335937500e+02
-5.509849243164062500e+02
-5.517632446289062500e+02
-5.525417480468750000e+02
-5.533203125000000000e+02
-5.540985107421875000e+02
-5.548768920898437500e+02
-5.556553344726562500e+02
-5.564338378906250000e+02
-5.572122802734375000e+02
-5.579906616210937500e+02
-5.587690429687500000e+02
-5.595476684570312500e+02
-5.603259887695312500e+02
-5.611044311523437500e+02
-5.618828735351562500e+02
-5.626612548828125000e+02
-5.634396972656250000e+02
-5.642180786132812500e+02
-5.649965209960937500e+02
-5.657750244140625000e+02
-5.665533447265625000e+02
-5.673319091796875000e+02
-5.681102294921875000e+02
-5.688886108398437500e+02
-5.696670532226562500e+02
-5.704455566406250000e+02
-5.743375854492187500e+02
-5.751160888671875000e+02
-5.758944091796875000e+02
-5.766728515625000000e+02
-5.774512939453125000e+02
-5.782297363281250000e+02
-5.790080566406250000e+02
-5.797866210937500000e+02
-5.805649414062500000e+02
-5.813433837890625000e+02
-5.821217651367187500e+02
-5.829003295898437500e+02
-5.836787719726562500e+02
-5.844570312500000000e+02
-5.852354125976562500e+02
-5.860139770507812500e+02
-5.867923583984375000e+02
-5.875709838867187500e+02
-5.883490600585937500e+02
-5.891276855468750000e+02
-5.899061279296875000e+02
-5.906846313476562500e+02
-5.914628906250000000e+02
-5.922412719726562500e+02
-5.930198364257812500e+02
-5.937981567382812500e+02
-5.945766601562500000e+02
-5.953549804687500000e+02
-5.992470703125000000e+02
-6.000255737304687500e+02
-6.008039550781250000e+02
-6.015822143554687500e+02
-6.023609008789062500e+02
-6.031391601562500000e+02
-6.039177246093750000e+02
-6.046961059570312500e+02
-6.054745483398437500e+02
-6.062529907226562500e+02
-6.070313720703125000e+02
-6.078097534179687500e+02
-6.085882568359375000e+02
-6.093666992187500000e+02
-6.101450805664062500e+02
-6.109234619140625000e+02
-6.117018432617187500e+02
-6.124804077148437500e+02
-6.132587890625000000e+02
-6.140370483398437500e+02
-6.148156738281250000e+02
-6.155941162109375000e+02
-6.163725585937500000e+02
-6.171509399414062500e+02
-6.179292602539062500e+02
-6.187077636718750000e+02
-6.194861450195312500e+02
-6.202647094726562500e+02
-6.241566772460937500e+02
-6.249351196289062500e+02
-6.257135620117187500e+02
-6.264920654296875000e+02
-6.272703857421875000e+02
-6.280488281250000000e+02
-6.288272705078125000e+02
-6.296055297851562500e+02
-6.303840942382812500e+02
-6.311625366210937500e+02
-6.319409790039062500e+02
-6.327193603515625000e+02
-6.334978027343750000e+02
-6.342761230468750000e+02
-6.350545654296875000e+02
-6.358330078125000000e+02
-6.366115112304687500e+02
-6.373898925781250000e+02
-6.381682739257812500e+02
-6.389468383789062500e+02
-6.397252197265625000e+02
-6.405034790039062500e+02
-6.412819824218750000e+02
-6.420604858398437500e+02
-6.428389892578125000e+02
-6.436172485351562500e+02
-6.443956909179687500e+02
-6.451740722656250000e+02
-6.490662231445312500e+02
-6.498447265625000000e+02
-6.506229858398437500e+02
-6.514013671875000000e+02
-6.521799316406250000e+02
-6.529583740234375000e+02
-6.537368774414062500e+02
-6.545152587890625000e+02
-6.552936401367187500e+02
-6.560722045898437500e+02
-6.568505249023437500e+02
-6.576289672851562500e+02
-6.584072875976562500e+02
-6.591858520507812500e+02
-6.599641723632812500e+02
-6.607425537109375000e+02
-6.615211181640625000e+02
-6.622994384765625000e+02
-6.630777587890625000e+02
-6.638562622070312500e+02
-6.646347045898437500e+02
-6.654132690429687500e+02
-6.661916503906250000e+02
-6.669699707031250000e+02
-6.677484130859375000e+02
-6.685267944335937500e+02
-6.693052978515625000e+02
-6.700836181640625000e+02
-6.739757690429687500e+02
-6.747540893554687500e+02
-6.755327148437500000e+02
-6.763110351562500000e+02
-6.770894775390625000e+02
-6.778678588867187500e+02
-6.786463623046875000e+02
-6.794248046875000000e+02
-6.802032470703125000e+02
-6.809815673828125000e+02
-6.817600097656250000e+02
-6.825384521484375000e+02
-6.833168334960937500e+02
-6.840953979492187500e+02
-6.848734741210937500e+02
-6.856520385742187500e+02
-6.864304809570312500e+02
-6.872089843750000000e+02
-6.879873657226562500e+02
-6.887658081054687500e+02
-6.895442504882812500e+02
-6.903226928710937500e+02
-6.911008911132812500e+02
-6.918795776367187500e+02
-6.926578979492187500e+02
-6.934365234375000000e+02
-6.942147216796875000e+02
-6.949932861328125000e+02
-6.988853759765625000e+02
-6.996638183593750000e+02
-7.004421386718750000e+02
-7.012206420898437500e+02
-7.019989624023437500e+02
-7.027774658203125000e+02
-7.035558471679687500e+02
-7.043342285156250000e+02
-7.051128540039062500e+02
-7.058912353515625000e+02
-7.066695556640625000e+02
-7.074478759765625000e+02
-7.082263183593750000e+02
-7.090048828125000000e+02
-7.097832641601562500e+02
-7.105617675781250000e+02
-7.113400268554687500e+02
-7.121185913085937500e+02
-7.128969116210937500e+02
-7.136754150390625000e+02
-7.144537963867187500e+02
-7.152322387695312500e+02
-7.160106811523437500e+02
-7.167891235351562500e+02
-7.175674438476562500e+02
-7.183459472656250000e+02
-7.191243286132812500e+02
-7.199027099609375000e+02
