-1.581477661132812500e+02
-1.591333160400390625e+02
-1.601188659667968750e+02
-1.611044158935546875e+02
-1.620899658203125000e+02
-1.630755157470703125e+02
-1.640610656738281250e+02
-1.650466308593750000e+02
-1.660321655273437500e+02
-1.670177154541015625e+02
-1.680032653808593750e+02
-1.689888153076171875e+02
-1.699743652343750000e+02
-1.709599151611328125e+02
-1.719454650878906250e+02
-1.729310302734375000e+02
-1.739165802001953125e+02
-1.749021301269531250e+02
-1.758876800537109375e+02
-1.768732299804687500e+02
-1.778587799072265625e+02
-1.788443298339843750e+02
-1.798298797607421875e+02
-1.808154296875000000e+02
-1.818009796142578125e+02
-1.827865295410156250e+02
-1.837720794677734375e+02
-1.847576293945312500e+02
-1.896853942871093750e+02
-1.906709289550781250e+02
-1.916564788818359375e+02
-1.926420288085937500e+02
-1.936275939941406250e+02
-1.946131439208984375e+02
-1.955986938476562500e+02
-1.965842285156250000e+02
-1.975697937011718750e+02
-1.985553436279296875e+02
-1.995408935546875000e+02
-2.005264434814453125e+02
-2.015119934082031250e+02
-2.024975433349609375e+02
-2.034830932617187500e+02
-2.044686584472656250e+02
-2.054541931152343750e+02
-2.064397430419921875e+02
-2.074252929687500000e+02
-2.084108581542968750e+02
-2.093964080810546875e+02
-2.103819427490234375e+02
-2.113675079345703125e+02
-2.123530578613281250e+02
-2.133386077880859375e+02
-2.143241577148437500e+02
-2.153097076416015625e+02
-2.162952575683593750e+02
-2.212230072021484375e+02
-2.222085571289062500e+02
-2.231941070556640625e+02
-2.241796722412109375e+02
-2.251652069091796875e+02
-2.261507568359375000e+02
-2.271363067626953125e+02
-2.281218566894531250e+02
-2.291074218750000000e+02
-2.300929565429687500e+02
-2.310785217285156250e+02
-2.320640563964843750e+02
-2.330496215820312500e+02
-2.340351715087890625e+02
-2.350207061767578125e+02
-2.360062866210937500e+02
-2.369918212890625000e+02
-2.379773712158203125e+02
-2.389629364013671875e+02
-2.399484863281250000e+02
-2.409340209960937500e+02
-2.419195709228515625e+02
-2.429051208496093750e+02
-2.438906860351562500e+02
-2.448762207031250000e+02
-2.458617858886718750e+02
-2.468473358154296875e+02
-2.478328704833984375e+02
-2.527606353759765625e+02
-2.537461853027343750e+02
-2.547317352294921875e+02
-2.557172851562500000e+02
-2.567028503417968750e+02
-2.576883850097656250e+02
-2.586739196777343750e+02
-2.596594848632812500e+02
-2.606450195312500000e+02
-2.616305847167968750e+02
-2.626161499023437500e+02
-2.636016845703125000e+02
-2.645872497558593750e+02
-2.655727844238281250e+02
-2.665583496093750000e+02
-2.675438842773437500e+02
-2.685294494628906250e+02
-2.695149841308593750e+02
-2.705005493164062500e+02
-2.714860839843750000e+02
-2.724716491699218750e+02
-2.734572143554687500e+02
-2.744427490234375000e+02
-2.754283142089843750e+02
-2.764138488769531250e+02
-2.773994140625000000e+02
-2.783849487304687500e+02
-2.793705139160156250e+02
-2.842982482910156250e+02
-2.852838134765625000e+02
-2.862693481445312500e+02
-2.872549133300781250e+02
-2.882404479980468750e+02
-2.892260131835937500e+02
-2.902115478515625000e+02
-2.911970825195312500e+02
-2.921826782226562500e+02
-2.931682128906250000e+02
-2.941537475585937500e+02
-2.951393127441406250e+02
-2.961248779296875000e+02
-2.971104125976562500e+02
-2.980959472656250000e+02
-2.990815429687500000e+02
-3.000670776367187500e+02
-3.010526123046875000e+02
-3.020381774902343750e+02
-3.030237426757812500e+02
-3.040092773437500000e+02
-3.049948120117187500e+02
-3.059803771972656250e+02
-3.069659118652343750e+02
-3.079514770507812500e+02
-3.089370422363281250e+02
-3.099225769042968750e+02
-3.109081115722656250e+02
-3.158358764648437500e+02
-3.168214111328125000e+02
-3.178069763183593750e+02
-3.187925415039062500e+02
-3.197780761718750000e+02
-3.207636413574218750e+02
-3.217491760253906250e+02
-3.227347412109375000e+02
-3.237203063964843750e+02
-3.247058105468750000e+02
-3.256913757324218750e+02
-3.266769409179687500e+02
-3.276624755859375000e+02
-3.286480712890625000e+02
-3.296335754394531250e+02
-3.306191406250000000e+02
-3.316046752929687500e+02
-3.325902404785156250e+02
-3.335758056640625000e+02
-3.345613403320312500e+02
-3.355469055175781250e+02
-3.365324401855468750e+02
-3.375179748535156250e+02
-3.385035705566406250e+02
-3.394891052246093750e+02
-3.404746398925781250e+02
-3.414602050781250000e+02
-3.424457397460937500e+02
-3.473734741210937500e+02
-3.483590698242187500e+02
-3.493446044921875000e+02
-3.503301391601562500e+02
-3.513157043457031250e+02
-3.523012695312500000e+02
-3.532868041992187500e+02
-3.542723388671875000e+02
-3.552579345703125000e+02
-3.562434692382812500e+02
-3.572290039062500000e+02
-3.582145385742187500e+02
-3.592001037597656250e+02
-3.601856689453125000e+02
-3.611712036132812500e+02
-3.621567687988281250e+02
-3.631423034667968750e+02
-3.641278686523437500e+02
-3.651134338378906250e+02
-3.660989685058593750e+02
-3.670845031738281250e+02
-3.680700683593750000e+02
-3.690556335449218750e+02
-3.700411682128906250e+02
-3.710267333984375000e+02
-3.720122680664062500e+02
-3.729978332519531250e+02
-3.739833679199218750e+02
-3.789111328125000000e+02
-3.798966979980468750e+02
-3.808822326660156250e+02
-3.818677673339843750e+02
-3.828533325195312500e+02
-3.838388671875000000e+02
-3.848244323730468750e+02
-3.858099670410156250e+02
-3.867955322265625000e+02
-3.877810668945312500e+02
-3.887666015625000000e+02
-3.897521972656250000e+02
-3.907377624511718750e+02
-3.917233276367187500e+02
-3.927088317871093750e+02
-3.936943969726562500e+02
-3.946799316406250000e+02
-3.956654663085937500e+02
-3.966510314941406250e+02
-3.976365661621093750e+02
-3.986221313476562500e+02
-3.996076965332031250e+02
-4.005932617187500000e+02
-4.015787963867187500e+02
-4.025643615722656250e+02
-4.035498962402343750e+02
-4.045354614257812500e+02
-4.055209960937500000e+02
-4.104487609863281250e+02
-4.114343261718750000e+02
-4.124198608398437500e+02
-4.134054260253906250e+02
-4.143909606933593750e+02
-4.153764953613281250e+02
-4.163620300292968750e+02
-4.173475952148437500e+02
-4.183331298828125000e+02
-4.193186950683593750e+02
-4.203042602539062500e+02
-4.212898254394531250e+02
-4.222753601074218750e+02
-4.232609252929687500e+02
-4.242464599609375000e+02
-4.252320251464843750e+02
-4.262175292968750000e+02
-4.272031250000000000e+02
-4.281886291503906250e+02
-4.291741943359375000e+02
-4.301597595214843750e+02
-4.311453247070312500e+02
-4.321308898925781250e+02
-4.331164245605468750e+02
-4.341019897460937500e+02
-4.350875244140625000e+02
-4.360730590820312500e+02
-4.370585937500000000e+02
-4.419863891601562500e+02
-4.429719238281250000e+02
-4.439574890136718750e+02
-4.449430236816406250e+02
-4.459285583496093750e+02
-4.469141235351562500e+02
-4.478996582031250000e+02
-4.488852233886718750e+02
-4.498707885742187500e+02
-4.508563537597656250e+02
-4.518418884277343750e+02
-4.528274230957031250e+02
-4.538129882812500000e+02
-4.547985229492187500e+02
-4.557840576171875000e+02
-4.567696228027343750e+02
-4.577551574707031250e+02
-4.587407226562500000e+02
-4.597262878417968750e+02
-4.607118530273437500e+02
-4.616973876953125000e+02
-4.626829528808593750e+02
-4.636684875488281250e+02
-4.646540527343750000e+02
-4.656395874023437500e+02
-4.666251220703125000e+02
-4.676106872558593750e+02
-4.685962219238281250e+02
-4.735240173339843750e+02
-4.745095520019531250e+02
-4.754950866699218750e+02
-4.764806518554687500e+02
-4.774661865234375000e+02
-4.784517517089843750e+02
-4.794372863769531250e+02
-4.804228515625000000e+02
-4.814084167480468750e+02
-4.823939514160156250e+02
-4.833795166015625000e+02
-4.843650817871093750e+02
-4.853505859375000000e+02
-4.863361511230468750e+02
-4.873217163085937500e+02
-4.883072509765625000e+02
-4.892927856445312500e+02
-4.902783203125000000e+02
-4.912639160156250000e+02
-4.922494812011718750e+02
-4.932350463867187500e+02
-4.942205810546875000e+02
-4.952061157226562500e+02
-4.961916809082031250e+02
-4.971772155761718750e+02
-4.981627502441406250e+02
-4.991483154296875000e+02
-5.001338500976562500e+02
-5.050616455078125000e+02
-5.060471496582031250e+02
-5.070327453613281250e+02
-5.080182495117187500e+02
-5.090037841796875000e+02
-5.099893798828125000e+02
-5.109749145507812500e+02
-5.119604797363281250e+02
-5.129460449218750000e+02
-5.139315795898437500e+02
-5.149171142578125000e+02
-5.159026489257812500e+02
-5.168882446289062500e+02
-5.178737792968750000e+02
-5.188593139648437500e+02
-5.198449096679687500e+02
-5.208304443359375000e+02
-5.218159790039062500e+02
-5.228015747070312500e+02
-5.237871093750000000e+02
-5.247726440429687500e+02
-5.257581787109375000e+02
-5.267437744140625000e+02
-5.277292480468750000e+02
-5.287148437500000000e+02
-5.297004394531250000e+02
-5.306859130859375000e+02
-5.316715087890625000e+02
-5.365992431640625000e+02
-5.375848388671875000e+02
-5.385703735351562500e+02
-5.395559082031250000e+02
-5.405414428710937500e+02
-5.415269775390625000e+02
-5.425125122070312500e+02
-5.434981079101562500e+02
-5.444836425781250000e+02
-5.454691772460937500e+02
-5.464547119140625000e+02
-5.474403076171875000e+02
-5.484258422851562500e+02
-5.494114379882812500e+02
-5.503969726562500000e+02
-5.513825073242187500e+02
-5.523680419921875000e+02
-5.533535766601562500e+02
-5.543391113281250000e+02
-5.553247070312500000e+02
-5.563102416992187500e+02
-5.572958374023437500e+02
-5.582813720703125000e+02
-5.592669067382812500e+02
-5.602524414062500000e+02
-5.612380371093750000e+02
-5.622235717773437500e+02
-5.632091064453125000e+02
-5.681368408203125000e+02
-5.691223754882812500e+02
-5.701079711914062500e+02
-5.710935058593750000e+02
-5.720790405273437500e+02
-5.730645751953125000e+02
-5.740501098632812500e+02
-5.750357055664062500e+02
-5.760213012695312500e+02
-5.770067749023437500e+02
-5.779923706054687500e+02
-5.789779052734375000e+02
-5.799635009765625000e+02
-5.809490356445312500e+02
-5.819345703125000000e+02
-5.829201660156250000e+02
-5.839057006835937500e+02
-5.848912353515625000e+02
-5.858767700195312500e+02
-5.868623046875000000e+02
-5.878479003906250000e+02
-5.888334350585937500e+02
-5.898190307617187500e+02
-5.908045654296875000e+02
-5.917901000976562500e+02
-5.927756347656250000e+02
-5.937611694335937500e+02
-5.947467041015625000e+02
-5.996744995117187500e+02
-6.006600341796875000e+02
-6.016455688476562500e+02
-6.026311645507812500e+02
-6.036166992187500000e+02
-6.046022338867187500e+02
-6.055877685546875000e+02
-6.065733032226562500e+02
-6.075588378906250000e+02
-6.085444335937500000e+02
-6.095300292968750000e+02
-6.105155639648437500e+02
-6.115010986328125000e+02
-6.124866333007812500e+02
-6.134721679687500000e+02
-6.144577636718750000e+02
-6.154432983398437500e+02
-6.164288330078125000e+02
-6.174143676757812500e+02
-6.184000244140625000e+02
-6.193854980468750000e+02
-6.203710327148437500e+02
-6.213566284179687500e+02
-6.223421630859375000e+02
-6.233276977539062500e+02
-6.243132324218750000e+02
-6.252988281250000000e+02
-6.262843627929687500e+02
-6.312120971679687500e+02
-6.321976928710937500e+02
-6.331832275390625000e+02
-6.341687622070312500e+02
-6.351542968750000000e+02
-6.361398925781250000e+02
-6.371254272460937500e+02
-6.381109619140625000e+02
-6.390965576171875000e+02
-6.400820922851562500e+02
-6.410676269531250000e+02
-6.420531616210937500e+02
-6.430387573242187500e+02
-6.440242919921875000e+02
-6.450098266601562500e+02
-6.459953613281250000e+02
-6.469809570312500000e+02
-6.479664306640625000e+02
-6.489520874023437500e+02
-6.499375610351562500e+02
-6.509231567382812500e+02
-6.519086914062500000e+02
-6.528942260742187500e+02
-6.538797607421875000e+02
-6.548652954101562500e+02
-6.558508911132812500e+02
-6.568364257812500000e+02
-6.578219604492187500e+02
-6.627497558593750000e+02
-6.637352905273437500e+02
-6.647208251953125000e+02
-6.657063598632812500e+02
-6.666919555664062500e+02
-6.676774902343750000e+02
-6.686630249023437500e+02
-6.696486206054687500e+02
-6.706340942382812500e+02
-6.716196899414062500e+02
-6.726052246093750000e+02
-6.735907592773437500e+02
-6.745763549804687500e+02
-6.755619506835937500e+02
-6.765474853515625000e+02
-6.775330200195312500e+02
-6.785185546875000000e+02
-6.795041503906250000e+02
-6.804896850585937500e+02
-6.814751586914062500e+02
-6.824607543945312500e+02
-6.834463500976562500e+02
-6.844318847656250000e+02
-6.854174194335937500e+02
-6.864029541015625000e+02
-6.873884277343750000e+02
-6.883740234375000000e+02
-6.893596191406250000e+02
-6.942872924804687500e+02
-6.952728881835937500e+02
-6.962584838867187500e+02
-6.972440185546875000e+02
-6.982295532226562500e+02
-6.992150878906250000e+02
-7.002006835937500000e+02
-7.011862182617187500e+02
-7.021717529296875000e+02
-7.031573486328125000e+02
-7.041428833007812500e+02
-7.051284179687500000e+02
-7.061139526367187500e+02
-7.070995483398437500e+02
-7.080850219726562500e+02
-7.090706176757812500e+02
-7.100561523437500000e+02
-7.110417480468750000e+02
-7.120272827148437500e+02
-7.130128173828125000e+02
-7.139983520507812500e+02
-7.149838867187500000e+02
-7.159694824218750000e+02
-7.169550170898437500e+02
-7.179406127929687500e+02
-7.189261474609375000e+02
-7.199116821289062500e+02
-7.208972778320312500e+02
-7.258250122070312500e+02
-7.268104858398437500e+02
-7.277960815429687500e+02
-7.287816772460937500e+02
-7.297672119140625000e+02
-7.307527465820312500e+02
-7.317382812500000000e+02
-7.327238159179687500e+02
-7.337094116210937500e+02
-7.346948852539062500e+02
-7.356804809570312500e+02
-7.366660156250000000e+02
-7.376516113281250000e+02
-7.386371459960937500e+02
-7.396226806640625000e+02
-7.406082153320312500e+02
-7.415938110351562500e+02
-7.425793457031250000e+02
-7.435648803710937500e+02
-7.445504760742187500e+02
-7.455359497070312500e+02
-7.465214843750000000e+02
-7.475070800781250000e+02
-7.484926757812500000e+02
-7.494782104492187500e+02
-7.504637451171875000e+02
-7.514493408203125000e+02
-7.524348754882812500e+02
-7.573626098632812500e+02
-7.583481445312500000e+02
-7.593336791992187500e+02
-7.603192138671875000e+02
-7.613048095703125000e+02
-7.622903442382812500e+02
-7.632758789062500000e+02
-7.642614746093750000e+02
-7.652470092773437500e+02
-7.662326049804687500e+02
-7.672181396484375000e+02
-7.682036743164062500e+02
-7.691892089843750000e+02
-7.701747436523437500e+02
-7.711602783203125000e+02
-7.721459350585937500e+02
-7.731314086914062500e+02
-7.741170043945312500e+02
-7.751025390625000000e+02
-7.760880737304687500e+02
-7.770736083984375000e+02
-7.780592041015625000e+02
-7.790447387695312500e+02
-7.800302734375000000e+02
-7.810158691406250000e+02
-7.820014038085937500e+02
-7.829868774414062500e+02
-7.839724121093750000e+02
-7.889002075195312500e+02
-7.898857421875000000e+02
-7.908712768554687500e+02
-7.918569335937500000e+02
-7.928424682617187500e+02
-7.938280029296875000e+02
-7.948135375976562500e+02
-7.957991333007812500e+02
-7.967846679687500000e+02
-7.977702026367187500e+02
-7.987557373046875000e+02
-7.997413330078125000e+02
-8.007268676757812500e+02
-8.017123413085937500e+02
-8.026979370117187500e+02
-8.036834716796875000e+02
-8.046690063476562500e+02
-8.056546020507812500e+02
-8.066401367187500000e+02
-8.076257324218750000e+02
-8.086112060546875000e+02
-8.095967407226562500e+02
-8.105823364257812500e+02
-8.115678710937500000e+02
-8.125534667968750000e+02
-8.135390014648437500e+02
-8.145245971679687500e+02
-8.155101318359375000e+02
-8.204378662109375000e+02
-8.214234008789062500e+02
-8.224089355468750000e+02
-8.233944702148437500e+02
-8.243800659179687500e+02
-8.253656616210937500e+02
-8.263511352539062500e+02
-8.273366699218750000e+02
-8.283222045898437500e+02
-8.293078002929687500e+02
-8.302932739257812500e+02
-8.312788696289062500e+02
-8.322644653320312500e+02
-8.332500000000000000e+02
-8.342355957031250000e+02
-8.352211914062500000e+02
-8.362067260742187500e+02
-8.371922607421875000e+02
-8.381777954101562500e+02
-8.391633300781250000e+02
-8.401488647460937500e+02
-8.411343994140625000e+02
-8.421199340820312500e+02
-8.431054687500000000e+02
-8.440910644531250000e+02
-8.450766601562500000e+02
-8.460621948242187500e+02
-8.470477294921875000e+02
-8.519754638671875000e+02
-8.529610595703125000e+02
-8.539465942382812500e+02
-8.549321899414062500e+02
-8.559177246093750000e+02
-8.569032592773437500e+02
-8.578887329101562500e+02
-8.588743286132812500e+02
-8.598599243164062500e+02
-8.608453979492187500e+02
-8.618309326171875000e+02
-8.628165283203125000e+02
-8.638021240234375000e+02
-8.647876586914062500e+02
-8.657731933593750000e+02
-8.667587280273437500e+02
-8.677442626953125000e+02
-8.687298583984375000e+02
-8.697153320312500000e+02
-8.707009277343750000e+02
-8.716864624023437500e+02
-8.726719970703125000e+02
-8.736576538085937500e+02
-8.746431884765625000e+02
-8.756287231445312500e+02
-8.766142578125000000e+02
-8.775998535156250000e+02
-8.785853881835937500e+02
-8.835130615234375000e+02
-8.844986572265625000e+02
-8.854841918945312500e+02
-8.864697265625000000e+02
-8.874552612304687500e+02
-8.884408569335937500e+02
-8.894263305664062500e+02
-8.904119262695312500e+02
-8.913975219726562500e+02
-8.923830566406250000e+02
-8.933685913085937500e+02
-8.943541870117187500e+02
-8.953397216796875000e+02
-8.963252563476562500e+02
-8.973107910156250000e+02
-8.982963867187500000e+02
-8.992819213867187500e+02
-9.002675170898437500e+02
-9.012529907226562500e+02
-9.022385864257812500e+02
-9.032241210937500000e+02
-9.042096557617187500e+02
-9.051952514648437500e+02
-9.061807861328125000e+02
-9.071663208007812500e+02
-9.081518554687500000e+02
-9.091373901367187500e+02
-9.101229248046875000e+02
-9.150507812500000000e+02
-9.160362548828125000e+02
-9.170218505859375000e+02
-9.180073852539062500e+02
-9.189928588867187500e+02
-9.199784545898437500e+02
-9.209639892578125000e+02
-9.219495849609375000e+02
-9.229351196289062500e+02
-9.239206542968750000e+02
-9.249062500000000000e+02
-9.258917846679687500e+02
-9.268773193359375000e+02
-9.278628540039062500e+02
-9.288484497070312500e+02
-9.298339843750000000e+02
-9.308195190429687500e+02
-9.318051147460937500e+02
-9.327905883789062500e+02
-9.337761840820312500e+02
-9.347617187500000000e+02
-9.357473144531250000e+02
-9.367328491210937500e+02
-9.377184448242187500e+02
-9.387039794921875000e+02
-9.396894531250000000e+02
-9.406750488281250000e+02
-9.416606445312500000e+02
-9.465883178710937500e+02
-9.475739135742187500e+02
-9.485594482421875000e+02
-9.495449829101562500e+02
-9.505305175781250000e+02
-9.515161132812500000e+02
-9.525016479492187500e+02
-9.534871215820312500e+02
-9.544727172851562500e+02
-9.554583740234375000e+02
-9.564438476562500000e+02
-9.574293823242187500e+02
-9.584149780273437500e+02
-9.594005737304687500e+02
-9.603861083984375000e+02
-9.613716430664062500e+02
-9.623571777343750000e+02
-9.633427124023437500e+02
-9.643282470703125000e+02
-9.653138427734375000e+02
-9.662993164062500000e+02
-9.672848510742187500e+02
-9.682704467773437500e+02
-9.692559204101562500e+02
-9.702415771484375000e+02
-9.712271118164062500e+02
-9.722126464843750000e+02
-9.731981811523437500e+02
-9.781259765625000000e+02
-9.791115112304687500e+02
-9.800971069335937500e+02
-9.810826416015625000e+02
-9.820681762695312500e+02
-9.830537109375000000e+02
-9.840393066406250000e+02
-9.850247802734375000e+02
-9.860103759765625000e+02
-9.869959106445312500e+02
-9.879814453125000000e+02
-9.889669799804687500e+02
-9.899525756835937500e+02
-9.909381103515625000e+02
-9.919237060546875000e+02
-9.929091796875000000e+02
-9.938947143554687500e+02
-9.948803100585937500e+02
-9.958659057617187500e+02
-9.968514404296875000e+02
-9.978369750976562500e+02
-9.988225708007812500e+02
-9.998081054687500000e+02
-1.000793701171875000e+03
-1.001779174804687500e+03
-1.002764770507812500e+03
-1.003750305175781250e+03
-1.004735839843750000e+03
-1.009663574218750000e+03
-1.010649169921875000e+03
-1.011634704589843750e+03
-1.012620239257812500e+03
-1.013605773925781250e+03
-1.014591308593750000e+03
-1.015576843261718750e+03
-1.016562438964843750e+03
-1.017548034667968750e+03
-1.018533569335937500e+03
-1.019519165039062500e+03
-1.020504699707031250e+03
-1.021490173339843750e+03
-1.022475769042968750e+03
-1.023461303710937500e+03
-1.024446899414062500e+03
-1.025432373046875000e+03
-1.026417968750000000e+03
-1.027403442382812500e+03
-1.028389038085937500e+03
-1.029374633789062500e+03
-1.030360229492187500e+03
-1.031345825195312500e+03
-1.032331298828125000e+03
-1.033316894531250000e+03
-1.034302368164062500e+03
-1.035287963867187500e+03
-1.036273437500000000e+03
