2.014972114562988281e+01
2.013294982910156250e+01
2.011618423461914062e+01
2.009941101074218750e+01
2.008264541625976562e+01
2.006587409973144531e+01
2.004910659790039062e+01
2.003234291076660156e+01
2.001557159423828125e+01
1.999880981445312500e+01
1.998203659057617188e+01
1.996527290344238281e+01
1.994849967956542969e+01
1.993173408508300781e+01
1.991496467590332031e+01
1.989819717407226562e+01
1.988142776489257812e+01
1.986466026306152344e+01
1.984788703918457031e+01
1.983112335205078125e+01
1.981435394287109375e+01
1.979758834838867188e+01
1.978082084655761719e+01
1.976405525207519531e+01
1.974728393554687500e+01
1.973051452636718750e+01
1.971374893188476562e+01
1.969697952270507812e+01
1.961313819885253906e+01
1.959637069702148438e+01
1.957960510253906250e+01
1.956283760070800781e+01
1.954607009887695312e+01
1.952929687500000000e+01
1.951253700256347656e+01
1.949575805664062500e+01
1.947899246215820312e+01
1.946222877502441406e+01
1.944546127319335938e+01
1.942868804931640625e+01
1.941192817687988281e+01
1.939515686035156250e+01
1.937838363647460938e+01
1.936162376403808594e+01
1.934484481811523438e+01
1.932808303833007812e+01
1.931131172180175781e+01
1.929455947875976562e+01
1.927777862548828125e+01
1.926101493835449219e+01
1.924424362182617188e+01
1.922748565673828125e+01
1.921070289611816406e+01
1.919394302368164062e+01
1.917716598510742188e+01
1.916040611267089844e+01
1.907655715942382812e+01
1.905979347229003906e+01
1.904302978515625000e+01
1.902625656127929688e+01
1.900948524475097656e+01
1.899271774291992188e+01
1.897595596313476562e+01
1.895918464660644531e+01
1.894242477416992188e+01
1.892564773559570312e+01
1.890888023376464844e+01
1.889210510253906250e+01
1.887534713745117188e+01
1.885857582092285156e+01
1.884180450439453125e+01
1.882503890991210938e+01
1.880826377868652344e+01
1.879150772094726562e+01
1.877473831176757812e+01
1.875797462463378906e+01
1.874119567871093750e+01
1.872443008422851562e+01
1.870766639709472656e+01
1.869090652465820312e+01
1.867412185668945312e+01
1.865735816955566406e+01
1.864059448242187500e+01
1.862382507324218750e+01
1.853998947143554688e+01
1.852321434020996094e+01
1.850644874572753906e+01
1.848968505859375000e+01
1.847291374206542969e+01
1.845614433288574219e+01
1.843937301635742188e+01
1.842261314392089844e+01
1.840584373474121094e+01
1.838907623291015625e+01
1.837229728698730469e+01
1.835553550720214844e+01
1.833876419067382812e+01
1.832199668884277344e+01
1.830522727966308594e+01
1.828845977783203125e+01
1.827169990539550781e+01
1.825492668151855469e+01
1.823815155029296875e+01
1.822138786315917969e+01
1.820462226867675781e+01
1.818784332275390625e+01
1.817110252380371094e+01
1.815431785583496094e+01
1.813755798339843750e+01
1.812078666687011719e+01
1.810401725769042969e+01
1.808724594116210938e+01
1.800340843200683594e+01
1.798663711547851562e+01
1.796986579895019531e+01
1.795310783386230469e+01
1.793633270263671875e+01
1.791956901550292969e+01
1.790279960632324219e+01
1.788603210449218750e+01
1.786925697326660156e+01
1.785249519348144531e+01
1.783572769165039062e+01
1.781896400451660156e+01
1.780217552185058594e+01
1.778543090820312500e+01
1.776864814758300781e+01
1.775187873840332031e+01
1.773512649536132812e+01
1.771834754943847656e+01
1.770158195495605469e+01
1.768482208251953125e+01
1.766805076599121094e+01
1.765128135681152344e+01
1.763450241088867188e+01
1.761773872375488281e+01
1.760096549987792969e+01
1.758420181274414062e+01
1.756743431091308594e+01
1.755067443847656250e+01
1.746683692932128906e+01
1.745006561279296875e+01
1.743329238891601562e+01
1.741652107238769531e+01
1.739975357055664062e+01
1.738298797607421875e+01
1.736620903015136719e+01
1.734945297241210938e+01
1.733268737792968750e+01
1.731590843200683594e+01
1.729915618896484375e+01
1.728237533569335938e+01
1.726560401916503906e+01
1.724884033203125000e+01
1.723207473754882812e+01
1.721530723571777344e+01
1.719854354858398438e+01
1.718177795410156250e+01
1.716499900817871094e+01
1.714824676513671875e+01
1.713147354125976562e+01
1.711470985412597656e+01
1.709793853759765625e+01
1.708117294311523438e+01
1.706439399719238281e+01
1.704762649536132812e+01
1.703086090087890625e+01
1.701408958435058594e+01
1.693024063110351562e+01
1.691349220275878906e+01
1.689672088623046875e+01
1.687995529174804688e+01
1.686318016052246094e+01
1.684641647338867188e+01
1.682963562011718750e+01
1.681287193298339844e+01
1.679611968994140625e+01
1.677933120727539062e+01
1.676256752014160156e+01
1.674579620361328125e+01
1.672903823852539062e+01
1.671227073669433594e+01
1.669549179077148438e+01
1.667874145507812500e+01
1.666197776794433594e+01
1.664519119262695312e+01
1.662842559814453125e+01
1.661165428161621094e+01
1.659489440917968750e+01
1.657812118530273438e+01
1.656136512756347656e+01
1.654457855224609375e+01
1.652782058715820312e+01
1.651103782653808594e+01
1.649428939819335938e+01
1.647750854492187500e+01
1.639367675781250000e+01
1.637692070007324219e+01
1.636013603210449219e+01
1.634337997436523438e+01
1.632659339904785156e+01
1.630985069274902344e+01
1.629306411743164062e+01
1.627629280090332031e+01
1.625953865051269531e+01
1.624275207519531250e+01
1.622599601745605469e+01
1.620923042297363281e+01
1.619245147705078125e+01
1.617568778991699219e+01
1.615890693664550781e+01
1.614214706420898438e+01
1.612538337707519531e+01
1.610861778259277344e+01
1.609184646606445312e+01
1.607507896423339844e+01
1.605830574035644531e+01
1.604153442382812500e+01
1.602476310729980469e+01
1.600803184509277344e+01
1.599124526977539062e+01
1.597447299957275391e+01
1.595770168304443359e+01
1.594094467163085938e+01
1.585708904266357422e+01
1.584030151367187500e+01
1.582356739044189453e+01
1.580679225921630859e+01
1.579002761840820312e+01
1.577323246002197266e+01
1.575648403167724609e+01
1.573972702026367188e+01
1.572295856475830078e+01
1.570618724822998047e+01
1.568940734863281250e+01
1.567264366149902344e+01
1.565587520599365234e+01
1.563910293579101562e+01
1.562233924865722656e+01
1.560557460784912109e+01
1.558879470825195312e+01
1.557204246520996094e+01
1.555527019500732422e+01
1.553850555419921875e+01
1.552174186706542969e+01
1.550496959686279297e+01
1.548818969726562500e+01
1.547142982482910156e+01
1.545467281341552734e+01
1.543788528442382812e+01
1.542110633850097656e+01
1.540434169769287109e+01
1.532052421569824219e+01
1.530375194549560547e+01
1.528698348999023438e+01
1.527021598815917969e+01
1.525343990325927734e+01
1.523667907714843750e+01
1.521992301940917969e+01
1.520313549041748047e+01
1.518637084960937500e+01
1.516959190368652344e+01
1.515283489227294922e+01
1.513605499267578125e+01
1.511929512023925781e+01
1.510252285003662109e+01
1.508576679229736328e+01
1.506898689270019531e+01
1.505220699310302734e+01
1.503545856475830078e+01
1.501870536804199219e+01
1.500193309783935547e+01
1.498514652252197266e+01
1.496837043762207031e+01
1.495163631439208984e+01
1.493486499786376953e+01
1.491808509826660156e+01
1.490132045745849609e+01
1.488454914093017578e+01
1.486779212951660156e+01
1.478394794464111328e+01
1.476716804504394531e+01
1.475040340423583984e+01
1.473364734649658203e+01
1.471686744689941406e+01
1.470008754730224609e+01
1.468333530426025391e+01
1.466657829284667969e+01
1.464979839324951172e+01
1.463302707672119141e+01
1.461625480651855469e+01
1.459949874877929688e+01
1.458274173736572266e+01
1.456595802307128906e+01
1.454917144775390625e+01
1.453241825103759766e+01
1.451567649841308594e+01
1.449889755249023438e+01
1.448210239410400391e+01
1.446533012390136719e+01
1.444858169555664062e+01
1.443180942535400391e+01
1.441504478454589844e+01
1.439828491210937500e+01
1.438151264190673828e+01
1.436474037170410156e+01
1.434795379638671875e+01
1.433120059967041016e+01
1.424736785888671875e+01
1.423061084747314453e+01
1.421382331848144531e+01
1.419705200195312500e+01
1.418027973175048828e+01
1.416353797912597656e+01
1.414675903320312500e+01
1.412996387481689453e+01
1.411321449279785156e+01
1.409645843505859375e+01
1.407969379425048828e+01
1.406289863586425781e+01
1.404615020751953125e+01
1.402937793731689453e+01
1.401260662078857422e+01
1.399582672119140625e+01
1.397907733917236328e+01
1.396230983734130859e+01
1.394554519653320312e+01
1.392877292633056641e+01
1.391199398040771484e+01
1.389523696899414062e+01
1.387847614288330078e+01
1.386168956756591797e+01
1.384490203857421875e+01
1.382816410064697266e+01
1.381139278411865234e+01
1.379463577270507812e+01
1.371077632904052734e+01
1.369402694702148438e+01
1.367723560333251953e+01
1.366049098968505859e+01
1.364371109008789062e+01
1.362694644927978516e+01
1.361018276214599609e+01
1.359340286254882812e+01
1.357663822174072266e+01
1.355985927581787109e+01
1.354312896728515625e+01
1.352633476257324219e+01
1.350958538055419922e+01
1.349277496337890625e+01
1.347602653503417969e+01
1.345926189422607422e+01
1.344248199462890625e+01
1.342572212219238281e+01
1.340895748138427734e+01
1.339221191406250000e+01
1.337543296813964844e+01
1.335866832733154297e+01
1.334187316894531250e+01
1.332512474060058594e+01
1.330834484100341797e+01
1.329156494140625000e+01
1.327480125427246094e+01
1.325807094573974609e+01
1.317423820495605469e+01
1.315744304656982422e+01
1.314067840576171875e+01
1.312389945983886719e+01
1.310715389251708984e+01
1.309035873413085938e+01
1.307361030578613281e+01
1.305679988861083984e+01
1.304005050659179688e+01
1.302330207824707031e+01
1.300652217864990234e+01
1.298975753784179688e+01
1.297298622131347656e+01
1.295622158050537109e+01
1.293947315216064453e+01
1.292269325256347656e+01
1.290592861175537109e+01
1.288914966583251953e+01
1.287238502502441406e+01
1.285562038421630859e+01
1.283882617950439453e+01
1.282208061218261719e+01
1.280531597137451172e+01
1.278855228424072266e+01
1.277177238464355469e+01
1.275501155853271484e+01
1.273823261260986328e+01
1.272143745422363281e+01
1.263763523101806641e+01
1.262087059020996094e+01
1.260409069061279297e+01
1.258731174468994141e+01
1.257053184509277344e+01
1.255379772186279297e+01
1.253705310821533203e+01
1.252027702331542969e+01
1.250348186492919922e+01
1.248671817779541016e+01
1.246998405456542969e+01
1.245317459106445312e+01
1.243637943267822266e+01
1.241964530944824219e+01
1.240288162231445312e+01
1.238609027862548828e+01
1.236934089660644531e+01
1.235257720947265625e+01
1.233584308624267578e+01
1.231901741027832031e+01
1.230225753784179688e+01
1.228546237945556641e+01
1.226872825622558594e+01
1.225196838378906250e+01
1.223520374298095703e+01
1.221845436096191406e+01
1.220166015625000000e+01
1.218491077423095703e+01
1.210107803344726562e+01
1.208429813385009766e+01
1.206755256652832031e+01
1.205074310302734375e+01
1.203399372100830078e+01
1.201722908020019531e+01
1.200043487548828125e+01
1.198367023468017578e+01
1.196690940856933594e+01
1.195011520385742188e+01
1.193338108062744141e+01
1.191661643981933594e+01
1.189985275268554688e+01
1.188302707672119141e+01
1.186627864837646484e+01
1.184953308105468750e+01
1.183275318145751953e+01
1.181602382659912109e+01
1.179922866821289062e+01
1.178247928619384766e+01
1.176571559906005859e+01
1.174893569946289062e+01
1.173212528228759766e+01
1.171539211273193359e+01
1.169861221313476562e+01
1.168183612823486328e+01
1.166508769989013672e+01
1.164830780029296875e+01
1.156447505950927734e+01
1.154769515991210938e+01
1.153096485137939453e+01
1.151415538787841797e+01
1.149740600585937500e+01
1.148065662384033203e+01
1.146386241912841797e+01
1.144709777832031250e+01
1.143031787872314453e+01
1.141355419158935547e+01
1.139679718017578125e+01
1.138003349304199219e+01
1.136326885223388672e+01
1.134648895263671875e+01
1.132975578308105469e+01
1.131294536590576172e+01
1.129621124267578125e+01
1.127940177917480469e+01
1.126265239715576172e+01
1.124589157104492188e+01
1.122909736633300781e+01
1.121236324310302734e+01
1.119559860229492188e+01
1.117882347106933594e+01
1.116205883026123047e+01
1.114524841308593750e+01
1.112849998474121094e+01
1.111176586151123047e+01
1.102792167663574219e+01
1.101111125946044922e+01
1.099436187744140625e+01
1.097759819030761719e+01
1.096078777313232422e+01
1.094407272338867188e+01
1.092730903625488281e+01
1.091052913665771484e+01
1.089376449584960938e+01
1.087695503234863281e+01
1.086023616790771484e+01
1.084344100952148438e+01
1.082669258117675781e+01
1.080991268157958984e+01
1.079311847686767578e+01
1.077639961242675781e+01
1.075960445404052734e+01
1.074284839630126953e+01
1.072604179382324219e+01
1.070929241180419922e+01
1.069254398345947266e+01
1.067579460144042969e+01
1.065901470184326172e+01
1.064223575592041016e+01
1.062550163269042969e+01
1.060870647430419922e+01
1.059194278717041016e+01
1.057516670227050781e+01
1.049135684967041016e+01
1.047453498840332031e+01
1.045780467987060547e+01
1.044099903106689453e+01
1.042424583435058594e+01
1.040750026702880859e+01
1.039068698883056641e+01
1.037395668029785156e+01
1.035716533660888672e+01
1.034041309356689453e+01
1.032368278503417969e+01
1.030685424804687500e+01
1.029009342193603516e+01
1.027332496643066406e+01
1.025654983520507812e+01
1.023979663848876953e+01
1.022303581237792969e+01
1.020628356933593750e+01
1.018950748443603516e+01
1.017273139953613281e+01
1.015597152709960938e+01
1.013919544219970703e+01
1.012241172790527344e+01
1.010562133789062500e+01
1.008889865875244141e+01
1.007215309143066406e+01
1.005535507202148438e+01
1.003857898712158203e+01
9.954738616943359375e+00
9.937977790832519531e+00
9.921216964721679688e+00
9.904449462890625000e+00
9.887681007385253906e+00
9.870897293090820312e+00
9.854091644287109375e+00
9.837384223937988281e+00
9.820623397827148438e+00
9.803825378417968750e+00
9.787095069885253906e+00
9.770280838012695312e+00
9.753536224365234375e+00
9.736737251281738281e+00
9.719992637634277344e+00
9.703247070312500000e+00
9.686432838439941406e+00
9.669672966003417969e+00
9.652919769287109375e+00
9.636128425598144531e+00
9.619376182556152344e+00
9.602607727050781250e+00
9.585839271545410156e+00
9.569079399108886719e+00
9.552295684814453125e+00
9.535550117492675781e+00
9.518782615661621094e+00
9.501991271972656250e+00
9.418158531188964844e+00
9.401390075683593750e+00
9.384629249572753906e+00
9.367846488952636719e+00
9.351100921630859375e+00
9.334332466125488281e+00
9.317549705505371094e+00
9.300811767578125000e+00
9.284035682678222656e+00
9.267222404479980469e+00
9.250492095947265625e+00
9.233732223510742188e+00
9.216979026794433594e+00
9.200172424316406250e+00
9.183404922485351562e+00
9.166674613952636719e+00
9.149829864501953125e+00
9.133100509643554688e+00
9.116347312927246094e+00
9.099586486816406250e+00
9.082834243774414062e+00
9.066012382507324219e+00
9.049259185791015625e+00
9.032506942749023438e+00
9.015715599060058594e+00
8.998962402343750000e+00
8.982172012329101562e+00
8.965449333190917969e+00
8.881601333618164062e+00
8.864771842956542969e+00
8.848056793212890625e+00
8.831274032592773438e+00
8.814513206481933594e+00
8.797752380371093750e+00
8.780939102172851562e+00
8.764193534851074219e+00
8.747463226318359375e+00
8.730672836303710938e+00
8.713889122009277344e+00
8.697097778320312500e+00
8.680345535278320312e+00
8.663615226745605469e+00
8.646817207336425781e+00
8.630071640014648438e+00
8.613303184509277344e+00
8.596528053283691406e+00
8.579767227172851562e+00
8.562983512878417969e+00
8.546223640441894531e+00
8.529455184936523438e+00
8.512679100036621094e+00
8.495926856994628906e+00
8.479135513305664062e+00
8.462405204772949219e+00
8.445599555969238281e+00
8.428846359252929688e+00
8.344998359680175781e+00
8.328268051147460938e+00
8.311453819274902344e+00
8.294693946838378906e+00
8.277910232543945312e+00
8.261179924011230469e+00
8.244412422180175781e+00
8.227636337280273438e+00
8.210898399353027344e+00
8.194123268127441406e+00
8.177362442016601562e+00
8.160572052001953125e+00
8.143788337707519531e+00
8.127042770385742188e+00
8.110282897949218750e+00
8.093514442443847656e+00
8.076707839965820312e+00
8.059955596923828125e+00
8.043194770812988281e+00
8.026426315307617188e+00
8.009620666503906250e+00
7.992836952209472656e+00
7.976137638092041016e+00
7.959338665008544922e+00
7.942563056945800781e+00
7.925825595855712891e+00
7.909049510955810547e+00
7.892266273498535156e+00
7.808440685272216797e+00
7.791695594787597656e+00
7.774897098541259766e+00
7.758136749267578125e+00
7.741353034973144531e+00
7.724577426910400391e+00
7.707839965820312500e+00
7.691079139709472656e+00
7.674303531646728516e+00
7.657520294189453125e+00
7.640759468078613281e+00
7.624022006988525391e+00
7.607192993164062500e+00
7.590439796447753906e+00
7.573648929595947266e+00
7.556911468505859375e+00
7.540104866027832031e+00
7.523367404937744141e+00
7.506622314453125000e+00
7.489853858947753906e+00
7.473124027252197266e+00
7.456279754638671875e+00
7.439519405364990234e+00
7.422773838043212891e+00
7.405975341796875000e+00
7.389230251312255859e+00
7.372461795806884766e+00
7.355670928955078125e+00
7.271837711334228516e+00
7.255107879638671875e+00
7.238294124603271484e+00
7.221579551696777344e+00
7.204788208007812500e+00
7.188020229339599609e+00
7.171259880065917969e+00
7.154445648193359375e+00
7.137700557708740234e+00
7.120963096618652344e+00
7.104202270507812500e+00
7.087419033050537109e+00
7.070658683776855469e+00
7.053874969482421875e+00
7.037084102630615234e+00
7.020339012145996094e+00
7.003578186035156250e+00
6.986817836761474609e+00
6.970034599304199219e+00
6.953258514404296875e+00
6.936490535736083984e+00
6.919730186462402344e+00
6.902977466583251953e+00
6.886170864105224609e+00
6.869402885437011719e+00
6.852673053741455078e+00
6.835828304290771484e+00
6.819113731384277344e+00
6.735272884368896484e+00
6.718535423278808594e+00
6.701714038848876953e+00
6.684961318969726562e+00
6.668200492858886719e+00
6.651417255401611328e+00
6.634717941284179688e+00
6.617873191833496094e+00
6.601143360137939453e+00
6.584344863891601562e+00
6.567568778991699219e+00
6.550831317901611328e+00
6.534055709838867188e+00
6.517294883728027344e+00
6.500542163848876953e+00
6.483751296997070312e+00
6.466998100280761719e+00
6.450245380401611328e+00
6.433431625366210938e+00
6.416670799255371094e+00
6.399933338165283203e+00
6.383127212524414062e+00
6.366374492645263672e+00
6.349659442901611328e+00
6.332845687866210938e+00
6.316100597381591797e+00
6.299293994903564453e+00
6.282541275024414062e+00
6.198677539825439453e+00
6.181955337524414062e+00
6.165156841278076172e+00
6.148404121398925781e+00
6.131628036499023438e+00
6.114814281463623047e+00
6.098130226135253906e+00
6.081323623657226562e+00
6.064540386199951172e+00
6.047734260559082031e+00
6.030981063842773438e+00
6.014205455780029297e+00
5.997452735900878906e+00
5.980737686157226562e+00
5.963923931121826172e+00
5.947178840637207031e+00
5.930395126342773438e+00
5.913650035858154297e+00
5.896897315979003906e+00
5.880067825317382812e+00
5.863292217254638672e+00
5.846570014953613281e+00
5.829794406890869141e+00
5.813041210174560547e+00
5.796235084533691406e+00
5.779512882232666016e+00
5.762736797332763672e+00
5.745984077453613281e+00
5.662150859832763672e+00
5.645398139953613281e+00
5.628561496734619141e+00
5.611816406250000000e+00
5.595040321350097656e+00
5.578295230865478516e+00
5.561511993408203125e+00
5.544735908508300781e+00
5.527983188629150391e+00
5.511238098144531250e+00
5.494423866271972656e+00
5.477709293365478516e+00
5.460926055908203125e+00
5.444119453430175781e+00
5.427366733551025391e+00
5.410560607910156250e+00
5.393876075744628906e+00
5.377031803131103516e+00
5.360286712646484375e+00
5.343533515930175781e+00
5.326757907867431641e+00
5.310043334960937500e+00
5.293237209320068359e+00
5.276453495025634766e+00
5.259677886962890625e+00
5.242894649505615234e+00
5.226179599761962891e+00
5.209396362304687500e+00
