-0.33848360,
0.44385148,
-0.33840559,
0.44385150,
-0.33832758,
0.44385145,
-0.33824895,
0.44385145,
-0.33817099,
0.44385146,
-0.33809304,
0.44385147,
-0.33801554,
0.44385148,
-0.33793824,
0.44385148,
-0.33786056,
0.44385147,
-0.33778352,
0.44385147,
-0.33770656,
0.44385147,
-0.33763004,
0.44385148,
-0.33782438,
0.44385147,
-0.33779360,
0.44385143,
-0.33724918,
0.44385148,
-0.33717351,
0.44385143,
-0.33709794,
0.44385149,
-0.33702266,
0.44385146,
-0.33694761,
0.44385144,
-0.33687272,
0.44385146,
-0.33679812,
0.44385149,
-0.33672404,
0.44385150,
-0.33664918,
0.44385146,
-0.33657512,
0.44385148,
0.44385148,
0.44385144,
0.44385146,
0.44385148,
0.44385148,
0.44385148,
0.44385147,
0.44385148,
-0.33606144,
0.44385148,
-0.33598896,
0.44385148,
-0.33591608,
0.44385149,
-0.33584413,
0.44385148,
-0.33577224,
0.44385148,
-0.33570007,
0.44385145,
-0.33562845,
0.44385143,
-0.33555720,
0.44385149,
-0.33548561,
0.44385148,
-0.33541431,
0.44385149,
-0.33534367,
0.44385149,
-0.33527306,
0.44385146,
-0.33548113,
0.44385148,
-0.33546989,
0.44385147,
-0.33492167,
0.44385150,
-0.33485212,
0.44385145,
-0.33478235,
0.44385146,
-0.33471315,
0.44385145,
-0.33464434,
0.44385148,
-0.33457544,
0.44385146,
-0.33450623,
0.44385148,
-0.33443798,
0.44385148,
-0.33436960,
0.44385145,
-0.33430137,
0.44385146,
0.44385151,
0.44385145,
0.44385148,
0.44385147,
0.44385148,
0.44385151,
0.44385148,
0.44385147,
-0.33382949,
0.44385149,
-0.33376296,
0.44385147,
-0.33369635,
0.44385148,
-0.33362987,
0.44385146,
-0.33356423,
0.44385148,
-0.33349803,
0.44385147,
-0.33343223,
0.44385147,
-0.33336670,
0.44385147,
-0.33330133,
0.44385146,
-0.33323605,
0.44385148,
-0.33317104,
0.44385146,
-0.33310621,
0.44385147,
-0.33332842,
0.44385146,
-0.33333708,
0.44385146,
-0.33278488,
0.44385147,
-0.33272146,
0.44385149,
-0.33265764,
0.44385144,
-0.33259424,
0.44385147,
-0.33253159,
0.44385146,
-0.33246835,
0.44385147,
-0.33240555,
0.44385152,
-0.33234305,
0.44385148,
-0.33228048,
0.44385148,
-0.33221842,
0.44385150,
0.44385147,
0.44385147,
0.44385146,
0.44385149,
0.44385150,
0.44385146,
0.44385147,
0.44385151,
-0.33178825,
0.44385148,
-0.33172715,
0.44385148,
-0.33166676,
0.44385149,
-0.33160620,
0.44385147,
-0.33154650,
0.44385148,
-0.33148659,
0.44385154,
-0.33142646,
0.44385150,
-0.33136696,
0.44385149,
-0.33130762,
0.44385148,
-0.33124850,
0.44385149,
-0.33118941,
0.44385148,
-0.33113074,
0.44385149,
-0.33136672,
0.44385147,
-0.33139488,
0.44385148,
-0.33083895,
0.44385149,
-0.33078110,
0.44385145,
-0.33072342,
0.44385148,
-0.33066618,
0.44385147,
-0.33060915,
0.44385145,
-0.33055202,
0.44385148,
-0.33049512,
0.44385148,
-0.33043844,
0.44385149,
-0.33038213,
0.44385147,
-0.33032589,
0.44385144,
0.44385147,
0.44385150,
0.44385147,
0.44385149,
0.44385148,
0.44385147,
0.44385148,
0.44385147,
-0.32993743,
0.44385148,
-0.32988251,
0.44385149,
-0.32982780,
0.44385148,
-0.32977364,
0.44385146,
-0.32971920,
0.44385151,
-0.32966521,
0.44385146,
-0.32961106,
0.44385149,
-0.32955748,
0.44385145,
-0.32950445,
0.44385147,
-0.32945097,
0.44385147,
-0.32939789,
0.44385148,
-0.32934500,
0.44385147,
-0.32959531,
0.44385150,
-0.32964286,
0.44385148,
-0.32908326,
0.44385148,
-0.32903137,
0.44385147,
-0.32897980,
0.44385151,
-0.32892822,
0.44385148,
-0.32887722,
0.44385150,
-0.32882597,
0.44385147,
-0.32877491,
0.44385146,
-0.32872444,
0.44385148,
-0.32867384,
0.44385149,
-0.32862378,
0.44385145,
0.44385147,
0.44385147,
0.44385144,
0.44385146,
0.44385147,
0.44385146,
0.44385146,
0.44385147,
-0.32827662,
0.44385146,
-0.32822793,
0.44385148,
-0.32817900,
0.44385147,
-0.32813092,
0.44385151,
-0.32808259,
0.44385144,
-0.32803454,
0.44385148,
-0.32798629,
0.44385148,
-0.32793848,
0.44385149,
-0.32789142,
0.44385148,
-0.32784387,
0.44385147,
-0.32779661,
0.44385146,
-0.32774962,
0.44385148,
-0.32801410,
0.44385145,
-0.32808129,
0.44385152,
-0.32751759,
0.44385147,
-0.32747193,
0.44385148,
-0.32742606,
0.44385149,
-0.32738078,
0.44385147,
-0.32733517,
0.44385144,
-0.32729050,
0.44385146,
-0.32724520,
0.44385148,
-0.32720057,
0.44385146,
-0.32715605,
0.44385147,
-0.32711156,
0.44385147,
0.44385149,
0.44385150,
0.44385147,
0.44385145,
0.44385148,
0.44385152,
0.44385146,
0.44385147,
-0.32680604,
0.44385148,
-0.32676319,
0.44385147,
-0.32672061,
0.44385149,
-0.32667799,
0.44385144,
-0.32663550,
0.44385150,
-0.32659347,
0.44385144,
-0.32655162,
0.44385148,
-0.32650986,
0.44385147,
-0.32646802,
0.44385148,
-0.32642663,
0.44385146,
-0.32638562,
0.44385149,
-0.32634456,
0.44385150,
-0.32662280,
0.44385149,
-0.32670925,
0.44385144,
-0.32614197,
0.44385149,
-0.32610204,
0.44385148,
-0.32606214,
0.44385146,
-0.32602292,
0.44385147,
-0.32598326,
0.44385148,
-0.32594411,
0.44385146,
-0.32590527,
0.44385148,
-0.32586635,
0.44385146,
-0.32582770,
0.44385150,
-0.32578935,
0.44385145,
0.44385148,
0.44385147,
0.44385147,
0.44385151,
0.44385149,
0.44385150,
0.44385147,
0.44385148,
-0.32552548,
0.44385148,
-0.32548832,
0.44385148,
-0.32545145,
0.44385147,
-0.32541523,
0.44385148,
-0.32537824,
0.44385148,
-0.32534201,
0.44385146,
-0.32530631,
0.44385147,
-0.32527027,
0.44385147,
-0.32523479,
0.44385145,
-0.32519904,
0.44385148,
-0.32516399,
0.44385149,
-0.32512862,
0.44385146,
-0.32542083,
0.44385149,
-0.32552704,
0.44385150,
-0.32495598,
0.44385151,
-0.32492184,
0.44385144,
-0.32488796,
0.44385146,
-0.32485455,
0.44385149,
-0.32482088,
0.44385147,
-0.32478764,
0.44385150,
-0.32475455,
0.44385149,
-0.32472195,
0.44385149,
-0.32468913,
0.44385147,
-0.32465617,
0.44385145,
0.44385147,
0.44385150,
0.44385144,
0.44385147,
0.44385146,
0.44385147,
0.44385147,
0.44385151,
-0.32443367,
0.44385149,
-0.32440276,
0.44385146,
-0.32437188,
0.44385147,
-0.32434127,
0.44385147,
-0.32431079,
0.44385147,
-0.32428026,
0.44385148,
-0.32425015,
0.44385145,
-0.32422028,
0.44385148,
-0.32419050,
0.44385148,
-0.32416093,
0.44385147,
-0.32413166,
0.44385147,
-0.32410250,
0.44385147,
-0.32440803,
0.44385148,
-0.32453385,
0.44385149,
-0.32395898,
0.44385146,
-0.32393070,
0.44385150,
-0.32390300,
0.44385146,
-0.32387531,
0.44385150,
-0.32384751,
0.44385150,
-0.32382038,
0.44385144,
-0.32379320,
0.44385146,
-0.32376594,
0.44385148,
-0.32373927,
0.44385148,
-0.32371260,
0.44385147,
0.44385146,
0.44385145,
0.44385147,
0.44385147,
0.44385148,
0.44385145,
0.44385146,
0.44385147,
-0.32353145,
0.44385148,
-0.32350609,
0.44385148,
-0.32348116,
0.44385149,
-0.32345622,
0.44385150,
-0.32343170,
0.44385146,
-0.32340747,
0.44385145,
-0.32338287,
0.44385148,
-0.32335895,
0.44385142,
-0.32333504,
0.44385148,
-0.32331147,
0.44385148,
-0.32328778,
0.44385151,
-0.32326492,
0.44385148,
-0.32358429,
0.44385146,
-0.32372920,
0.44385151,
-0.32315074,
0.44385147,
-0.32312851,
0.44385145,
-0.32310647,
0.44385146,
-0.32308459,
0.44385148,
-0.32306291,
0.44385148,
-0.32304159,
0.44385148,
-0.32301997,
0.44385149,
-0.32299924,
0.44385145,
-0.32297797,
0.44385149,
-0.32295730,
0.44385147,
0.44385143,
0.44385149,
0.44385149,
0.44385149,
0.44385144,
0.44385146,
0.44385146,
0.44385146,
0.44385146,
0.44385149,
0.44385149,
0.44385147,
0.44385147,
0.44385146,
0.44385146,
0.44385148,
0.44385146,
0.44385146,
0.44385147,
0.44385148,
0.44385145,
0.44385145,
0.44385147,
0.44385150,
0.44385146,
0.44385145,
0.44385148,
0.44385148,
0.44385147,
0.44385145,
0.44385147,
0.44385146,
0.44385145,
0.44385151,
0.44385148,
0.44385145,
0.44385147,
0.44385150,
0.44385151,
0.44385148,
0.44385148,
0.44385150,
0.44385145,
0.44385147,
0.44385149,
0.44385146,
0.44385148,
0.44385152,
0.44385151,
0.44385142,
0.44385145,
0.44385147,
0.44385147,
0.44385146,
0.44385147,
0.44385150,
0.44385145,
0.44385147,
0.44385148,
0.44385147,
0.44385149,
0.44385145,
0.44385150,
0.44385145,
0.44385148,
0.44385144,
0.44385148,
0.44385144,
0.44385146,
0.44385150,
0.44385147,
0.44385144,
0.44385146,
0.44385148,
0.44385150,
0.44385144,
0.44385145,
0.44385149,
0.44385150,
0.44385147,
0.44385151,
0.44385147,
0.44385149,
0.44385148,
0.44385146,
0.44385146,
0.44385147,
0.44385146,
0.44385147,
0.44385148,
0.44385148,
0.44385147,
0.44385151,
0.44385150,
0.44385148,
0.44385150,
0.44385145,
0.44385145,
0.44385149,
0.44385147,
0.44385146,
0.44385145,
0.44385148,
0.44385148,
0.44385147,
0.44385151,
0.44385149,
0.44385146,
0.44385145,
0.44385147,
0.44385148,
0.44385148,
0.44385148,
0.44385147,
0.44385145,
0.44385146,
0.44385149,
0.44385149,
0.44385146,
0.44385149,
0.44385150,
0.44385147,
0.44385150,
0.44385145,
0.44385146,
0.44385144,
0.44385146,
0.44385146,
0.44385147,
0.44385142,
0.44385142,
0.44385146,
0.44385147,
0.44385143,
0.44385149,
0.44385149,
0.44385147,
0.44385143,
0.44385147,
0.44385148,
0.44385146,
0.44385146,
0.44385148,
0.44385148,
0.44385146,
0.44385145,
0.44385147,
0.44385148,
0.44385150,
0.44385146,
0.44385148,
0.44385143,
0.44385145,
0.44385147,
0.44385147,
0.44385145,
0.44385146,
0.44385149,
0.44385146,
0.44385148,
0.44385145,
0.44385149,
0.44385150,
0.44385149,
0.44385150,
0.44385145,
0.44385148,
0.44385149,
0.44385151,
0.44385144,
0.44385149,
0.44385148,
0.44385148,
0.44385148,
0.44385146,
0.44385143,
0.44385149,
0.44385149,
0.44385149,
0.44385149,
0.44385147,
0.44385141,
0.44385146,
0.44385147,
0.44385149,
0.44385149,
0.44385149,
0.44385145,
0.44385146,
0.44385147,
0.44385147,
0.44385150,
0.44385153,
0.44385145,
0.44385149,
0.44385150,
0.44385147,
0.44385150,
0.44385152,
0.44385146,
0.44385143,
0.44385147,
0.44385148,
0.44385146,
0.44385148,
0.44385149,
0.44385147,
0.44385146,
0.44385146,
0.44385148,
0.44385146,
0.44385148,
0.44385147,
0.44385143,
0.44385145,
0.44385145,
0.44385149,
0.44385146,
0.44385148,
0.44385144,
0.44385147,
0.44385146,
0.44385147,
0.44385145,
0.44385150,
0.44385146,
0.44385146,
0.44385145,
0.44385148,
0.44385148,
0.44385145,
0.44385149,
