-0.00801172,
-0.06191039,
-0.00842750,
-0.06191033,
-0.00884287,
-0.06191034,
-0.00925840,
-0.06191036,
-0.00967410,
-0.06191037,
-0.01009005,
-0.06191033,
-0.01050597,
-0.06191037,
-0.01092216,
-0.06191035,
-0.01133912,
-0.06191037,
-0.01175545,
-0.06191036,
-0.01217229,
-0.06191035,
-0.01258939,
-0.06191036,
-0.01319241,
-0.06191036,
-0.01419481,
-0.06191039,
-0.01467746,
-0.06191037,
-0.01509580,
-0.06191036,
-0.01551402,
-0.06191036,
-0.01593269,
-0.06191036,
-0.01635127,
-0.06191039,
-0.01677043,
-0.06191035,
-0.01718962,
-0.06191033,
-0.01760874,
-0.06191035,
-0.01802856,
-0.06191036,
-0.01844817,
-0.06191036,
-0.06191034,
-0.06191035,
-0.06191033,
-0.06191040,
-0.06191037,
-0.06191037,
-0.06191035,
-0.06191038,
-0.02139150,
-0.06191035,
-0.02181279,
-0.06191038,
-0.02223436,
-0.06191038,
-0.02265586,
-0.06191038,
-0.02307762,
-0.06191032,
-0.02349974,
-0.06191035,
-0.02392212,
-0.06191034,
-0.02434422,
-0.06191034,
-0.02476693,
-0.06191032,
-0.02518987,
-0.06191033,
-0.02561283,
-0.06191035,
-0.02603574,
-0.06191038,
-0.02664967,
-0.06191037,
-0.02766385,
-0.06191036,
-0.02815457,
-0.06191041,
-0.02857886,
-0.06191037,
-0.02900342,
-0.06191037,
-0.02942811,
-0.06191035,
-0.02985296,
-0.06191036,
-0.03027809,
-0.06191036,
-0.03070340,
-0.06191036,
-0.03112868,
-0.06191036,
-0.03155456,
-0.06191038,
-0.03198033,
-0.06191037,
-0.06191038,
-0.06191036,
-0.06191034,
-0.06191034,
-0.06191036,
-0.06191037,
-0.06191036,
-0.06191037,
-0.03496663,
-0.06191035,
-0.03539378,
-0.06191035,
-0.03582159,
-0.06191037,
-0.03624955,
-0.06191036,
-0.03667726,
-0.06191038,
-0.03710536,
-0.06191039,
-0.03753381,
-0.06191036,
-0.03796225,
-0.06191037,
-0.03839082,
-0.06191034,
-0.03881969,
-0.06191038,
-0.03924898,
-0.06191036,
-0.03967816,
-0.06191038,
-0.04030279,
-0.06191038,
-0.04132874,
-0.06191037,
-0.04182743,
-0.06191036,
-0.04225799,
-0.06191036,
-0.04268869,
-0.06191036,
-0.04311961,
-0.06191034,
-0.04355019,
-0.06191035,
-0.04398138,
-0.06191036,
-0.04441309,
-0.06191040,
-0.04484460,
-0.06191038,
-0.04527630,
-0.06191035,
-0.04570815,
-0.06191039,
-0.06191037,
-0.06191040,
-0.06191037,
-0.06191040,
-0.06191039,
-0.06191037,
-0.06191037,
-0.06191035,
-0.04873727,
-0.06191036,
-0.04917090,
-0.06191035,
-0.04960455,
-0.06191036,
-0.05003841,
-0.06191035,
-0.05047226,
-0.06191037,
-0.05090662,
-0.06191035,
-0.05134114,
-0.06191038,
-0.05177578,
-0.06191034,
-0.05221065,
-0.06191037,
-0.05264552,
-0.06191038,
-0.05308077,
-0.06191037,
-0.05351608,
-0.06191035,
-0.05415170,
-0.06191036,
-0.05518924,
-0.06191034,
-0.05569603,
-0.06191036,
-0.05613254,
-0.06191036,
-0.05656925,
-0.06191036,
-0.05700614,
-0.06191036,
-0.05744335,
-0.06191034,
-0.05788056,
-0.06191039,
-0.05831802,
-0.06191035,
-0.05875578,
-0.06191033,
-0.05919360,
-0.06191036,
-0.05963170,
-0.06191036,
-0.06191037,
-0.06191036,
-0.06191036,
-0.06191038,
-0.06191038,
-0.06191036,
-0.06191036,
-0.06191037,
-0.06270334,
-0.06191037,
-0.06314299,
-0.06191035,
-0.06358281,
-0.06191035,
-0.06402247,
-0.06191038,
-0.06446289,
-0.06191038,
-0.06490321,
-0.06191037,
-0.06534375,
-0.06191035,
-0.06578440,
-0.06191036,
-0.06622534,
-0.06191038,
-0.06666660,
-0.06191037,
-0.06710792,
-0.06191037,
-0.06754923,
-0.06191035,
-0.06819558,
-0.06191035,
-0.06924454,
-0.06191035,
-0.06975950,
-0.06191034,
-0.07020203,
-0.06191036,
-0.07064509,
-0.06191037,
-0.07108781,
-0.06191038,
-0.07153117,
-0.06191034,
-0.07197444,
-0.06191035,
-0.07241825,
-0.06191037,
-0.07286189,
-0.06191039,
-0.07330589,
-0.06191037,
-0.07375013,
-0.06191041,
-0.06191035,
-0.06191037,
-0.06191037,
-0.06191035,
-0.06191039,
-0.06191034,
-0.06191035,
-0.06191038,
-0.07686443,
-0.06191036,
-0.07730992,
-0.06191035,
-0.07775581,
-0.06191036,
-0.07820184,
-0.06191037,
-0.07864816,
-0.06191036,
-0.07909455,
-0.06191037,
-0.07954121,
-0.06191037,
-0.07998805,
-0.06191036,
-0.08043506,
-0.06191038,
-0.08088222,
-0.06191038,
-0.08132954,
-0.06191037,
-0.08177694,
-0.06191034,
-0.08243411,
-0.06191036,
-0.08349481,
-0.06191035,
-0.08401785,
-0.06191036,
-0.08446642,
-0.06191036,
-0.08491529,
-0.06191037,
-0.08536447,
-0.06191039,
-0.08581393,
-0.06191036,
-0.08626315,
-0.06191037,
-0.08671278,
-0.06191038,
-0.08716281,
-0.06191037,
-0.08761267,
-0.06191033,
-0.08806293,
-0.06191035,
-0.06191037,
-0.06191037,
-0.06191035,
-0.06191038,
-0.06191036,
-0.06191036,
-0.06191037,
-0.06191037,
-0.09121973,
-0.06191035,
-0.09167144,
-0.06191035,
-0.09212348,
-0.06191038,
-0.09257562,
-0.06191038,
-0.09302793,
-0.06191039,
-0.09348014,
-0.06191035,
-0.09393302,
-0.06191035,
-0.09438592,
-0.06191036,
-0.09483881,
-0.06191036,
-0.09529207,
-0.06191036,
-0.09574550,
-0.06191034,
-0.09619920,
-0.06191038,
-0.09686690,
-0.06191037,
-0.09793918,
-0.06191036,
-0.09847005,
-0.06191036,
-0.09892485,
-0.06191037,
-0.09938002,
-0.06191036,
-0.09983485,
-0.06191040,
-0.10029022,
-0.06191034,
-0.10074578,
-0.06191035,
-0.10120135,
-0.06191034,
-0.10165721,
-0.06191036,
-0.10211345,
-0.06191035,
-0.10256977,
-0.06191035,
-0.06191036,
-0.06191036,
-0.06191037,
-0.06191034,
-0.06191033,
-0.06191036,
-0.06191037,
-0.06191034,
-0.10576880,
-0.06191035,
-0.10622651,
-0.06191036,
-0.10668459,
-0.06191035,
-0.10714255,
-0.06191038,
-0.10760102,
-0.06191037,
-0.10805965,
-0.06191036,
-0.10851805,
-0.06191036,
-0.10897693,
-0.06191036,
-0.10943624,
-0.06191038,
-0.10989559,
-0.06191036,
-0.11035493,
-0.06191037,
-0.11081470,
-0.06191037,
-0.11149311,
-0.06191036,
-0.11257685,
-0.06191036,
-0.11311579,
-0.06191034,
-0.11357651,
-0.06191032,
-0.11403738,
-0.06191034,
-0.11449858,
-0.06191039,
-0.11496001,
-0.06191037,
-0.11542155,
-0.06191037,
-0.11588319,
-0.06191034,
-0.11634513,
-0.06191036,
-0.11680714,
-0.06191036,
-0.11726955,
-0.06191036,
-0.06191038,
-0.06191035,
-0.06191036,
-0.06191036,
-0.06191036,
-0.06191037,
-0.06191035,
-0.06191037,
-0.12051073,
-0.06191035,
-0.12097455,
-0.06191036,
-0.12143859,
-0.06191035,
-0.12190270,
-0.06191038,
-0.12236703,
-0.06191036,
-0.12283155,
-0.06191039,
-0.12329652,
-0.06191035,
-0.12376132,
-0.06191035,
-0.12422626,
-0.06191037,
-0.12469179,
-0.06191035,
-0.12515705,
-0.06191038,
-0.12562273,
-0.06191038,
-0.12631221,
-0.06191036,
-0.12740718,
-0.06191034,
-0.12795375,
-0.06191037,
-0.12842069,
-0.06191036,
-0.12888769,
-0.06191037,
-0.12935471,
-0.06191035,
-0.12982214,
-0.06191036,
-0.13028964,
-0.06191039,
-0.13075755,
-0.06191036,
-0.13122537,
-0.06191038,
-0.13169347,
-0.06191038,
-0.13216163,
-0.06191037,
-0.06191035,
-0.06191036,
-0.06191037,
-0.06191036,
-0.06191037,
-0.06191036,
-0.06191038,
-0.06191035,
-0.13544488,
-0.06191035,
-0.13591476,
-0.06191038,
-0.13638462,
-0.06191034,
-0.13685475,
-0.06191039,
-0.13732522,
-0.06191036,
-0.13779566,
-0.06191037,
-0.13826630,
-0.06191035,
-0.13873722,
-0.06191035,
-0.13920857,
-0.06191035,
-0.13967948,
-0.06191035,
-0.14015101,
-0.06191040,
-0.14062262,
-0.06191036,
-0.14132261,
-0.06191036,
-0.14242891,
-0.06191038,
-0.14298369,
-0.06191036,
-0.14345657,
-0.06191036,
-0.14392948,
-0.06191036,
-0.14440256,
-0.06191035,
-0.14487585,
-0.06191035,
-0.14534925,
-0.06191035,
-0.14582304,
-0.06191036,
-0.14629680,
-0.06191037,
-0.14677100,
-0.06191036,
-0.14724509,
-0.06191036,
-0.06191037,
-0.06191036,
-0.06191039,
-0.06191037,
-0.06191038,
-0.06191034,
-0.06191039,
-0.06191038,
-0.06191037,
-0.06191033,
-0.06191036,
-0.06191033,
-0.06191036,
-0.06191034,
-0.06191035,
-0.06191035,
-0.06191037,
-0.06191039,
-0.06191038,
-0.06191036,
-0.06191034,
-0.06191035,
-0.06191034,
-0.06191037,
-0.06191036,
-0.06191035,
-0.06191037,
-0.06191036,
-0.06191037,
-0.06191035,
-0.06191037,
-0.06191036,
-0.06191036,
-0.06191038,
-0.06191035,
-0.06191034,
-0.06191035,
-0.06191034,
-0.06191035,
-0.06191036,
-0.06191035,
-0.06191036,
-0.06191036,
-0.06191035,
-0.06191034,
-0.06191035,
-0.06191036,
-0.06191035,
-0.06191037,
-0.06191036,
-0.06191036,
-0.06191039,
-0.06191037,
-0.06191038,
-0.06191036,
-0.06191033,
-0.06191036,
-0.06191034,
-0.06191035,
-0.06191036,
-0.06191037,
-0.06191039,
-0.06191037,
-0.06191037,
-0.06191035,
-0.06191041,
-0.06191036,
-0.06191036,
-0.06191036,
-0.06191036,
-0.06191037,
-0.06191039,
-0.06191036,
-0.06191036,
-0.06191038,
-0.06191038,
-0.06191037,
-0.06191037,
-0.06191039,
-0.06191037,
-0.06191036,
-0.06191037,
-0.06191034,
-0.06191038,
-0.06191037,
-0.06191034,
-0.06191039,
-0.06191036,
-0.06191035,
-0.06191037,
-0.06191035,
-0.06191036,
-0.06191035,
-0.06191037,
-0.06191036,
-0.06191037,
-0.06191039,
-0.06191037,
-0.06191035,
-0.06191036,
-0.06191039,
-0.06191036,
-0.06191038,
-0.06191039,
-0.06191037,
-0.06191035,
-0.06191034,
-0.06191036,
-0.06191036,
-0.06191034,
-0.06191039,
-0.06191036,
-0.06191035,
-0.06191035,
-0.06191037,
-0.06191036,
-0.06191035,
-0.06191037,
-0.06191035,
-0.06191035,
-0.06191036,
-0.06191039,
-0.06191033,
-0.06191038,
-0.06191034,
-0.06191037,
-0.06191037,
-0.06191036,
-0.06191035,
-0.06191038,
-0.06191036,
-0.06191036,
-0.06191037,
-0.06191036,
-0.06191039,
-0.06191035,
-0.06191035,
-0.06191034,
-0.06191034,
-0.06191035,
-0.06191036,
-0.06191037,
-0.06191036,
-0.06191034,
-0.06191035,
-0.06191037,
-0.06191037,
-0.06191037,
-0.06191037,
-0.06191037,
-0.06191036,
-0.06191036,
-0.06191034,
-0.06191036,
-0.06191037,
-0.06191037,
-0.06191037,
-0.06191035,
-0.06191036,
-0.06191036,
-0.06191034,
-0.06191035,
-0.06191035,
-0.06191037,
-0.06191035,
-0.06191036,
-0.06191034,
-0.06191034,
-0.06191037,
-0.06191037,
-0.06191035,
-0.06191035,
-0.06191037,
-0.06191040,
-0.06191036,
-0.06191037,
-0.06191036,
-0.06191037,
-0.06191036,
-0.06191037,
-0.06191038,
-0.06191040,
-0.06191035,
-0.06191037,
-0.06191036,
-0.06191035,
-0.06191035,
-0.06191036,
-0.06191034,
-0.06191038,
-0.06191037,
-0.06191035,
-0.06191038,
-0.06191035,
-0.06191035,
-0.06191035,
-0.06191034,
-0.06191035,
-0.06191038,
-0.06191036,
-0.06191034,
-0.06191036,
-0.06191034,
-0.06191036,
-0.06191038,
-0.06191035,
-0.06191035,
-0.06191039,
-0.06191038,
-0.06191037,
-0.06191038,
-0.06191037,
-0.06191036,
-0.06191035,
-0.06191034,
-0.06191037,
-0.06191036,
-0.06191037,
-0.06191036,
-0.06191036,
-0.06191036,
-0.06191038,
-0.06191033,
-0.06191037,
-0.06191035,
-0.06191034,
-0.06191038,
-0.06191034,
-0.06191033,
-0.06191036,
-0.06191032,
-0.06191037,
