1899757.62411608,
4308969.51363287,
1916355.11410748,
4354261.21554465,
1933059.98171121,
4399906.48122869,
1949861.70640017,
4445907.81094490,
1966768.54931949,
4492265.77007308,
1983783.45704690,
4538985.47647802,
2000903.39668617,
4586069.91433895,
2018127.85136633,
4633513.36198775,
2035457.97284188,
4681324.26797459,
2052896.20821026,
4729505.54482145,
2070441.78305894,
4778056.38742647,
2088093.32704883,
4826973.58652204,
0.39284542,
-0.04774432,
-0.05080863,
0.07324708,
2484303.26917881,
5943423.10997795,
2504421.73277620,
6000998.42730271,
2524656.99473453,
6058986.38716474,
2545011.65184395,
6117390.53782723,
2565479.19286371,
6176213.70884747,
2586062.65137554,
6235457.71271493,
2606769.97350492,
6295129.28029292,
2627589.40039703,
6355221.90997330,
2648531.86030250,
6415745.26587905,
2669595.33388087,
6476697.66166568,
2690780.97916312,
6538084.90716678,
2712087.82903140,
6599903.29210969,
-0.83264985,
0.34824157,
-0.44477329,
-0.44611713,
3188082.16785723,
8001901.99141920,
3212146.94728189,
8073784.89954381,
3236345.85433280,
8146152.98003945,
3260677.03684267,
8218999.29665382,
3285135.30651501,
8292330.37599069,
3309721.26023462,
8366144.37682803,
3334451.57819190,
8440457.45787854,
3359304.92274172,
8515258.38954310,
3384290.25672980,
8590554.50201084,
3409410.80652733,
8666345.23282665,
3434668.76587537,
8742641.68099743,
3460063.01380242,
8819435.32863866,
0.33647567,
0.23852367,
-0.10625973,
0.16984858,
4025148.66812638,
10551699.37193387,
4053613.80778038,
10640073.03251901,
4082222.09840917,
10728997.12385425,
4110978.43708421,
10818480.34633611,
4139888.69177263,
10908522.26359362,
4168928.89851394,
10999110.93450411,
4198128.79945388,
11090272.42127635,
4227471.96782044,
11181991.45954536,
4256959.75679887,
11274275.45771329,
4286590.82727376,
11367127.40189529,
4316378.92027418,
11460552.52900990,
4346315.80554416,
11554553.46893125,
-0.74204219,
-0.90825215,
-0.74188042,
0.36325739,
5010244.80828310,
13665041.69995195,
5043575.04590764,
13772239.67007745,
5077069.14299197,
13880068.22781247,
5110725.93619093,
13988527.26476684,
5144548.83941923,
14097626.89673448,
5178518.32786665,
14207347.50986887,
5212665.44296668,
14317719.01653874,
5246973.76846716,
14428726.69189246,
5281439.23070126,
14540371.54307815,
5316058.14932978,
14652650.75106029,
5350856.29675457,
14765594.29208019,
5385807.61053847,
14879182.87041229,
-0.32395039,
0.47610051,
-0.52430741,
0.63298602,
6158769.04616046,
17419076.19949701,
6197463.03853796,
17547598.13809364,
6236340.61157963,
17676824.29617209,
6275389.73413338,
17806765.47794607,
6314627.33050483,
17937420.83234232,
6354023.49737206,
18068780.69684312,
6393603.48282454,
18200870.38698763,
6433371.32518338,
18333686.82955712,
6473318.57099463,
18467214.58701136,
6513425.45615890,
18601455.34074977,
6553723.12022693,
18736444.70228243,
6594200.29533071,
18872159.58134298,
0.41733876,
-0.22305548,
-0.07138402,
0.29918544,
7486821.54730132,
21895886.64438685,
7531398.75301975,
22048368.73170585,
7576160.30061997,
22201641.15263060,
7621122.35155809,
22355717.24052661,
7666281.40237833,
22510600.54540205,
7711628.85922381,
22666260.59957549,
7757163.14863552,
22822732.58329367,
7802904.22703920,
22980021.30809900,
7848844.06653671,
23138115.15753981,
7894960.22482651,
23297004.62607646,
7941281.21907940,
23456725.66685610,
7987803.61987176,
23617259.57664799,
0.29121857,
0.05025675,
0.95258233,
0.57338260,
9011161.81586823,
27182450.78097090,
9062159.59195895,
27361699.74666952,
9113346.55064264,
27541815.79626858,
9164751.42678943,
27722832.69534221,
9216368.49816775,
27904735.38283734,
9268202.53364734,
28087533.32342508,
9320237.72296783,
28271213.71807059,
9372492.48355607,
28455800.76426053,
9424965.52800247,
28641289.76693953,
9477640.48790741,
28827668.89704314,
9530530.72610591,
29014960.12796816,
9583633.36118353,
29203164.05819720,
0.26007029,
-0.37901988,
0.19459086,
0.09247929,
10749268.60918495,
33370704.45373084,
10807232.72833886,
33579663.68754238,
10865405.99314315,
33789587.07362731,
10923818.38559247,
34000505.44207670,
10982449.23506879,
34212392.86634680,
11041315.48899729,
34425286.02715784,
11100411.18652681,
34639163.30505349,
11159744.75213114,
34854037.52653372,
11219306.07664080,
35069906.41825850,
11279094.88039849,
35286761.63692141,
11339116.28415453,
35504635.81964602,
11399368.23577455,
35723505.35268642,
0.51089127,
-0.64894772,
-0.15507667,
-0.33387963,
12719259.96376980,
40557498.72633720,
12784765.61766115,
40799274.51702905,
12850517.15584996,
41042122.48670013,
12916510.30238862,
41286055.32446719,
12982745.66292746,
41531061.41883416,
13049236.34991972,
41777164.29833794,
13115969.79217067,
42024355.22613314,
13182950.38362758,
42272649.40646890,
13250182.17277393,
42522031.09560788,
13317657.53659650,
42772519.89455843,
13385398.71551750,
43024111.99622154,
13453383.27798067,
43276804.53249893,
-0.50199890,
-0.95463404,
-0.08965024,
0.21309998,
5573561.35035170,
53683196.00383721,
5596986.62464791,
53986660.01328304,
5620497.09806738,
54291420.85687521,
5644069.87298940,
54597464.81603260,
5667685.45598849,
54904788.39020753,
5691393.47466835,
55213428.53386658,
5715144.24215280,
55523346.82356856,
5738960.98004358,
55834568.07781114,
5762835.35384400,
56147094.77361234,
5786775.52012243,
56460936.64009169,
5810796.61841090,
56776097.43952951,
5834867.90410230,
57092562.83231319,
-1.08078008,
-1.24786146,
0.76420514,
-0.28415498,
-10118553.74785825,
32559293.50332912,
-10180413.51702526,
32737522.46509568,
-10242537.41068812,
32916508.39390701,
-10304940.75149733,
33096221.03061097,
-10367653.01488432,
33276647.73463411,
-10430627.33263868,
33457839.63733745,
-10493878.28493180,
33639759.56462440,
-10557421.74376348,
33822407.50473070,
-10621263.25158185,
34005794.97646039,
-10685392.82990769,
34189932.47096561,
-10749801.91976820,
34374820.90791872,
-10814498.95716593,
34560452.32142621,
0.37402689,
-0.38565407,
-0.08249671,
0.31378454,
-29763094.44305027,
2279769.53353450,
-29928071.96162544,
2289346.63620206,
-30093724.16773631,
2298965.06025346,
-30260052.16884221,
2308617.71615733,
-30427084.27195109,
2318278.41476092,
-30594809.51897327,
2327981.48100643,
-30763205.33815609,
2337719.37284893,
-30932306.09462406,
2347475.07000569,
-31102112.05707011,
2357250.32733930,
-31272607.29061195,
2367057.24553033,
-31443800.05694332,
2376895.08973713,
-31615687.08094516,
2386763.42737419,
-0.33055076,
-0.03770216,
0.48120588,
-0.06720770,
272763.95594532,
-10639815.11045013,
273978.09928164,
-10699235.91645872,
275192.18051671,
-10758902.67694884,
276414.46797906,
-10818812.95816682,
277642.11637717,
-10878979.16359872,
278866.38144216,
-10939399.92092543,
280099.10628272,
-11000062.47344928,
281342.48906527,
-11060976.78995395,
282581.77019997,
-11122150.38772110,
283823.19302729,
-11183570.17681649,
285072.19765291,
-11245250.60175905,
286322.45685975,
-11307179.96419806,
0.57633613,
0.14154735,
0.12611612,
-0.16052998,
-22683.51464885,
-19650.81867385,
-22684.57732825,
-19651.36752776,
-22685.89920334,
-19650.88737391,
-22685.07994034,
-19650.51334134,
-22684.62354044,
-19650.01433061,
-22683.70203002,
-19651.32805666,
-22684.33964708,
-19650.58520661,
-22685.12267575,
-19649.77290365,
-22684.68412178,
-19651.05194407,
-22685.50030572,
-19650.17706180,
-22684.50700793,
-19651.06809741,
-22683.91300900,
-19651.46519016,
0.02613435,
-0.22763488,
1.08033638,
-0.63138933,
-8613.63513101,
-15373.49594894,
-8612.94538459,
-15374.04306217,
-8612.56397215,
-15374.64140626,
-8613.00166802,
-15374.45449156,
-8613.56135762,
-15373.63566244,
-8613.39608056,
-15373.46396494,
-8613.35256974,
-15373.10145879,
-8613.75029923,
-15373.87093922,
-8613.62741680,
-15375.05569081,
-8613.18482648,
-15374.31989354,
-8612.63176836,
-15373.23741680,
-8614.20488342,
-15375.06799131,
-0.52228941,
-0.08358884,
0.19518360,
0.00092281,
0.38275598,
0.48027333,
-0.63257357,
-0.39836964,
-0.21918046,
-0.11515168,
0.78112824,
-0.18188684,
0.16364377,
-0.68385299,
-0.23493298,
-0.31944618,
0.15264874,
-0.09601719,
-0.11251778,
-0.73043038,
1.11949654,
-0.43226237,
-0.63981734,
1.11458928,
-0.67328673,
-0.00101798,
-0.69060122,
0.81476036,
0.03952708,
0.02049457,
-0.95193056,
0.15309762,
0.76021990,
-0.73098472,
0.89490458,
0.33540837,
-0.67205274,
-0.56682694,
-0.26729499,
0.48858628,
0.25373413,
0.44628418,
-0.18119181,
0.56801314,
-0.03684579,
-0.01672287,
-0.47056305,
0.13276843,
0.03936295,
0.37594542,
-0.04220234,
1.18423198,
-0.62680459,
0.96891404,
0.52884001,
0.50094645,
0.61301284,
0.47126910,
-0.48782482,
-0.38166455,
-0.03416919,
0.51488792,
1.16684658,
0.70875597,
0.15227274,
0.47579542,
-0.06524195,
-1.30488763,
0.16457373,
-0.42070638,
0.19133284,
0.72966763,
0.09209059,
-0.03199732,
-0.21923557,
0.30110849,
0.14917369,
-0.34166405,
0.59020351,
0.05517122,
0.61028214,
0.84352372,
-0.26449101,
-0.19448929,
-0.73909151,
0.02193439,
0.32933364,
0.57318986,
-0.47261977,
-0.49105408,
0.88366432,
0.23456961,
0.98445942,
-0.42407625,
0.18911738,
0.50020911,
0.19971897,
-0.56095517,
0.55348394,
-0.84756124,
-0.30096080,
1.12461958,
0.89204117,
0.76897385,
-0.55320734,
-0.43834680,
-0.07183500,
-1.39321363,
1.71260300,
0.51897152,
-0.16110846,
0.55733642,
0.90256050,
-0.10997351,
-0.51016172,
-0.31423762,
0.57349526,
0.73213547,
0.82674719,
0.31414040,
0.39705764,
-0.85301558,
0.11859177,
0.70371193,
-0.54964215,
-0.68146892,
-0.87123454,
-0.30499146,
0.21883897,
-0.22187848,
0.60580658,
-0.16410266,
-0.48341798,
0.25992809,
1.27155117,
0.70468615,
-0.00552923,
-0.15995689,
0.76565303,
1.02527925,
0.55122326,
0.34660541,
1.38846957,
-0.68533193,
0.03864977,
0.07609230,
0.04675514,
-0.75756952,
0.36803657,
0.88284761,
0.01361708,
-0.20307272,
0.65816118,
-0.65574789,
0.47828380,
0.04371099,
0.00749129,
0.47644122,
0.24389997,
-0.59200837,
-0.18253325,
0.12143951,
-0.27941975,
0.36467565,
0.75421985,
1.18636500,
0.31639677,
1.17941807,
0.25066689,
-0.05015115,
-0.24926310,
-0.03824690,
-0.31811259,
0.92296675,
0.44881283,
1.03570053,
-0.15249195,
0.63030438,
1.10148729,
-0.54156279,
-0.03563623,
-0.28355635,
0.94585597,
-0.12047579,
0.32167493,
0.38459388,
-0.24031432,
0.45774062,
-0.84191076,
1.24925464,
0.68974310,
0.87067292,
-0.99572493,
0.18215451,
0.51078087,
-0.96096541,
-0.12450919,
1.20197376,
1.46833445,
1.23728563,
0.33536231,
-0.35319009,
0.57763844,
0.63363811,
0.75875198,
0.16680687,
0.42213327,
0.97677936,
0.78778608,
0.93008622,
0.65545872,
-0.50096519,
-0.47415947,
-0.81404266,
0.25513931,
-0.60137382,
0.54600528,
0.33031754,
0.93128013,
0.38202489,
-0.38094417,
0.28052793,
-0.70723213,
-0.20057952,
-0.35009563,
-0.15377446,
0.52317690,
0.20562389,
0.68844078,
-0.58858559,
1.02938812,
0.03317612,
0.55388659,
0.75894739,
0.38189446,
0.82944290,
0.29160288,
0.46476372,
0.71534924,
-0.05091125,
0.07553161,
-0.89473557,
-0.34387576,
0.24437475,
-0.77943845,
0.03434295,
-0.14713253,
1.18922349,
1.21659443,
0.29516801,
0.05262989,
0.02909683,
0.38080272,
-0.31293110,
0.33689322,
0.71764235,
-0.26250090,
-0.54701706,
-0.53322206,
1.04848912,
0.45845223,
-0.49245421,
-0.18356102,
-0.07296153,
-0.56292261,
0.17714772,
-1.12916018,
-0.20911397,
0.12616007,
0.39846253,
0.05869910,
-0.44387925,
-0.08915632,
-0.84112592,
-0.67029143,
0.55010426,
-1.19260042,
0.13682136,
-0.62591799,
-0.24985172,
0.18966509,
0.50409420,
0.46441864,
0.33581048,
0.38725936,
1.15272230,
-0.08031375,
-0.20345449,
1.51502109,
0.29044874,
-1.10894361,
0.47057920,
-1.42384038,
-0.34889352,
-0.33963581,
0.28380245,
-0.45660498,
-0.25826614,
-0.26039201,
0.00533493,
-0.43173698,
-1.10685139,
0.69749843,
0.26620589,
0.01164749,
-0.70867758,
0.40780855,
1.04278996,
0.43230019,
-0.38964404,
-0.64980311,
-0.22715743,
-0.62897432,
0.48229551,
-0.45761744,
-0.08029212,
0.22308973,
0.99729815,
-0.63154122,
-1.22142472,
-1.85138491,
-0.14758268,
-1.09586286,
-1.03455489,
-0.63075162,
0.08574776,
0.20893588,
0.41292896,
0.24344991,
-0.16806135,
-1.16077313,
-0.38149074,
-0.35974798,
-0.20904007,
0.62326876,
0.89853681,
-1.14908918,
0.32485785,
0.11717086,
0.89186952,
