-2.08731301,
-2.08691811,
-2.16494676,
-2.13423125,
-2.20999515,
-2.22365686,
-2.23729687,
-2.25096207,
-2.26460103,
-2.27825514,
-2.29189753,
-2.30556298,
-2.31919108,
-2.33285674,
-2.34649443,
-2.36014683,
-2.37380578,
-2.38745361,
-2.40110505,
-2.41474533,
-2.42841004,
-2.44205018,
-2.45570812,
-2.46935494,
-2.48300706,
-2.49665415,
-2.51030532,
-2.52394843
-3.09652727,
-2.83671954,
-2.15479270,
-2.39795847,
-0.75469331,
-1.36485555,
-3.07809187,
-6.74369440,
-10.51379374,
-10.63744754,
-10.76110466,
-10.88477116,
-11.00843927,
-11.13210477,
-11.25577612,
-11.37941587,
-11.50310284,
-11.62676876,
-11.75042578,
-11.87409788,
-11.99776554,
-12.12143376,
-12.24508900,
-12.36875683,
-12.49240788,
-12.61607797,
-12.73974862,
-12.86341228
-12.98708632,
-13.11074681,
-13.23441291,
-13.35807387,
-15.67682471,
-14.78563557,
-12.19327264,
-7.28374091,
-2.57270887,
5.60938863,
5.91691062,
0.63473931,
-9.54212844,
-9.62827544,
-9.71442101,
-9.80059602,
-9.88673283,
-9.97287408,
-10.05902861,
-10.14518952,
-10.23134017,
-10.31750344,
-10.40364372,
-10.48979509,
-10.57595530,
-10.66210823,
-10.74825941,
-10.83441097
-10.92057146,
-11.00672523,
-11.09286688,
-11.17902693,
-11.26516163,
-11.35132767,
-11.43748519,
-11.52362360,
-11.37355833,
-21.23515526,
-21.28730467,
-14.69721815,
2.30137455,
23.60707157,
35.48227288,
34.26692709,
10.20894990,
10.23742871,
10.26590979,
10.29439612,
10.32287378,
10.35136376,
10.37983788,
10.40835596,
10.43681146,
10.46527447,
10.49376961,
10.52226020
10.55074251,
10.57922695,
10.60770836,
10.63618265,
10.66465989,
10.69314454,
10.72163646,
10.75011554,
10.77859235,
10.80707562,
10.83556125,
10.86403717,
5.58541923,
-18.91304146,
-32.11476305,
-30.25710936,
-14.77302038,
1.02770083,
25.63206213,
36.73677387,
2.67772319,
2.67326760,
2.66880982,
2.66437456,
2.65990925,
2.65545217,
2.65101984,
2.64656525
2.64211308,
2.63766733,
2.63318826,
2.62873960,
2.62430512,
2.61984047,
2.61539129,
2.61093548,
2.60646280,
2.60199201,
2.59756526,
2.59312680,
2.58867206,
2.58422472,
2.57974697,
2.57531044,
16.32044367,
-1.71667400,
-28.89598571,
-40.78967914,
-15.98886760,
2.36261926,
29.90468356,
41.90601559,
2.53520558,
2.53077185,
2.52630011,
2.52184634
2.51739572,
2.51296405,
2.50849298,
2.50403628,
2.49958736,
2.49514498,
2.49068593,
2.48624367,
2.48178417,
2.47732108,
2.47288900,
2.46846476,
2.46397457,
2.45951407,
2.45504451,
2.45061113,
2.44613205,
2.44170462,
2.43723961,
2.43279696,
17.39379250,
-3.19409827,
-33.31112869,
-46.10141808,
-17.20473131,
3.69752952,
34.17735195,
47.07525830
2.39269287,
2.38824985,
2.38379897,
2.37933454,
2.37488583,
2.37044495,
2.36600389,
2.36153236,
2.35705754,
2.35261288,
2.34817301,
2.34374596,
2.33929861,
2.33480088,
2.33033110,
2.32591173,
2.32146680,
2.31699684,
2.31254590,
2.30809385,
2.30363532,
2.29917491,
2.29474111,
2.29028582,
18.46714161,
-4.67153808,
-37.72631144,
-51.41315205
-18.42059145,
5.03245724,
38.45000994,
52.24447600,
2.25020107,
2.24576098,
2.24128665,
2.23682576,
2.23237439,
2.22792170,
2.22350160,
2.21903923,
2.21457611,
2.21010521,
2.20565185,
2.20120170,
2.19676276,
2.19230184,
2.18782878,
2.18340303,
2.17894928,
2.17447720,
2.17004490,
2.16557571,
2.16112776,
2.15667213,
2.15222144,
2.14777472
19.54048367,
-6.14896391,
-42.14147471,
-56.72489110,
-19.63644831,
6.36738212,
42.72265910,
57.41370468,
2.10768603,
2.10322654,
2.09875824,
2.09431734,
2.08985537,
2.08539196,
2.08097444,
2.07652099,
2.07206654,
2.06758393,
2.06312930,
2.05871439,
2.05424901,
2.04978008,
2.04531363,
2.04087236,
2.03641632,
2.03198437,
2.02751486,
2.02308609
2.01862830,
2.01415179,
2.00970136,
2.00525512,
20.61382934,
-7.62637164,
-46.55664216,
-62.03665538,
-20.85231401,
7.70229192,
46.99530762,
62.58293034,
1.96516675,
1.96071923,
1.95627882,
1.95183024,
1.94735670,
1.94287755,
1.93842317,
1.93397858,
1.92955162,
1.92507577,
1.92062909,
1.91617931,
1.91172196,
1.90725378,
1.90281660,
1.89836935
1.89391578,
1.88946024,
1.88500822,
1.88053915,
1.87606947,
1.87164288,
1.86719400,
1.86272905,
21.68716990,
-9.10380397,
-50.97179949,
-67.34838646,
-22.06816832,
9.03721411,
51.26795646,
67.75216858,
1.82265965,
1.81818841,
1.81374860,
1.80931839,
1.80484975,
1.80037720,
1.79594200,
1.79148163,
1.78702099,
1.78256813,
1.77810510,
1.77368241
1.76921483,
1.76475508,
1.76030379,
1.75585578,
1.75139888,
1.74695431,
1.74249198,
1.73803665,
1.73358256,
1.72911309,
1.72465074,
1.72021015,
22.76051318,
-10.58123158,
-55.38695360,
-72.66013849,
-23.28402298,
10.37212645,
55.54060519,
72.92137467,
1.68014617,
1.67565212,
1.67122028,
1.66681359,
1.66234084,
1.65786918,
1.65342110,
1.64896161
1.64451231,
1.64006149,
1.63562487,
1.63116568,
1.62670112,
1.62225784,
1.61778820,
1.61331860,
1.60886291,
1.60443564,
1.59997816,
1.59552893,
1.59107378,
1.58660158,
1.58213255,
1.57768757,
23.83384624,
-12.05867864,
-59.80211782,
-77.97187296,
-24.49987591,
11.70702981,
59.81325227,
78.09061166,
1.53764909,
1.53317283,
1.52869528,
1.52426777
1.51984343,
1.51538669,
1.51090610,
1.50645788,
1.50198104,
1.49754299,
1.49309372,
1.48863064,
1.48421292,
1.47974699,
1.47528422,
1.47081195,
1.46634397,
1.46191203,
1.45747939,
1.45304897,
1.44858652,
1.44412104,
1.43963658,
1.43518425,
24.90719399,
-13.53611711,
-64.21728846,
-83.28361569,
-25.71573275,
13.04195517,
64.08589901,
83.25983765
1.39513439,
1.39067211,
1.38618377,
1.38173483,
1.37730243,
1.37285737,
1.36840466,
1.36393509,
1.35947465,
1.35500359,
1.35058124,
1.34613923,
1.34166328,
1.33722298,
1.33280080,
1.32830418,
1.32385874,
1.31939323,
1.31493113,
1.31048620,
1.30606931,
1.30162113,
1.29714609,
1.29266953,
25.98054325,
-15.01353690,
-68.63244484,
-88.59535166
-26.93160249,
14.37687619,
68.35855243,
88.42906718,
1.25259857,
1.24817042,
1.24371062,
1.23925409,
1.23479832,
1.23032529,
1.22591457,
1.22147381,
1.21698287,
1.21250534,
1.20804563,
1.20360216,
1.19915867,
1.19471605,
1.19025960,
1.18579972,
1.18135091,
1.17688825,
1.17242971,
1.16796565,
1.16352858,
1.15909295,
1.15462608,
1.15017734
27.05388989,
-16.49095743,
-73.04760640,
-93.90709741,
-28.14746817,
15.71178889,
72.63120577,
93.59829164,
1.11009425,
1.10563931,
1.10118445,
1.09673645,
1.09227608,
1.08781453,
1.08335341,
1.07890116,
1.07448350,
1.07002330,
1.06556435,
1.06109835,
1.05666021,
1.05218518,
1.04775611,
1.04330825,
1.03885993,
1.03440130,
1.02994096,
1.02545679
1.02101351,
1.01655559,
1.01212912,
1.00766061,
28.12723654,
-17.96839511,
-77.46278466,
-99.21883183,
-29.36331505,
17.04671191,
76.90385686,
98.76752901,
0.96757982,
0.96312208,
0.95868370,
0.95421199,
0.94975732,
0.94529884,
0.94084938,
0.93641265,
0.93196377,
0.92749159,
0.92303847,
0.91858050,
0.91413210,
0.90969366,
0.90524476,
0.90077101
0.89632729,
0.89187966,
0.88744040,
0.88298865,
0.87850372,
0.87405946,
0.86960816,
0.86516933,
29.20056316,
-19.44583579,
-81.87795075,
-104.53058094,
-30.57918835,
18.38163408,
81.17649729,
103.93676020,
0.82507025,
0.82062131,
0.81617475,
0.81172132,
0.80725374,
0.80279789,
0.79834050,
0.79388109,
0.78943983,
0.78498536,
0.78052266,
0.77606312
0.77163414,
0.76718117,
0.76272435,
0.75826362,
0.75380401,
0.74934546,
0.74491797,
0.74046945,
0.73600763,
0.73154395,
0.72707717,
0.72262838,
30.27391872,
-20.92326299,
-86.29311571,
-109.84231544,
-31.79502483,
19.71654052,
85.44914607,
109.10600042,
0.68254436,
0.67810663,
0.67366094,
0.66920780,
0.66474771,
0.66030043,
0.65582607,
0.65137353
0.64690825,
0.64248297,
0.63799564,
0.63354931,
0.62911639,
0.62466608,
0.62023371,
0.61577603,
0.61127521,
0.60682966,
0.60235624,
0.59792963,
0.59347725,
0.58903217,
0.58458663,
0.58013122,
31.34728533,
-22.40065900,
-90.70827516,
-115.15405113,
-33.01089045,
21.05146154,
89.72181697,
114.27521687,
0.54004302,
0.53558202,
0.53114102,
0.52668480
0.52222682,
0.51778335,
0.51332670,
0.50887694,
0.50442010,
0.49997503,
0.49549193,
0.49104188,
0.48657235,
0.48216294,
0.47770506,
0.47322886,
0.46878700,
0.46431835,
0.45986781,
0.45542905,
0.45095299,
0.44651282,
0.44205129,
0.43759368,
32.42063290,
-23.87809191,
-95.12343275,
-120.46579245,
-34.22675535,
22.38637063,
93.99445288,
119.44443781
0.39752055,
0.39305990,
0.38860619,
0.38415528,
0.37970067,
0.37526245,
0.37081475,
0.36636344,
0.36189815,
0.35742933,
0.35299907,
0.34850503,
0.34404752,
0.33964283,
0.33520218,
0.33076255,
0.32627167,
0.32180757,
0.31735169,
0.31290774,
0.30846980,
0.30400608,
0.29955050,
0.29509739,
33.49395106,
-25.35552529,
-99.53859276,
-125.77754252
-35.44261661,
23.72128827,
98.26708918,
124.61367545,
0.25500610,
0.25056479,
0.24610627,
0.24164522,
0.23719360,
0.23274648,
0.22828117,
0.22385058,
0.21938795,
0.21494074,
0.21049410,
0.20602996,
0.20156676,
0.19709719,
0.19268847,
0.18823315,
0.18377143,
0.17930815,
0.17484461,
0.17040002,
0.16595791,
0.16148314,
0.15704311,
0.15257884
34.56729158,
-26.83295203,
-103.95374396,
-131.08928272,
-36.65846078,
25.05619273,
102.53975142,
129.78288537,
0.11251006,
0.10805967,
0.10361073,
0.09914004,
0.09469326,
0.09024484,
0.08578476,
0.08132664,
0.07689050,
0.07242203,
0.06795873,
0.06353811,
0.05905451,
0.05458004,
0.05014911,
0.04570223,
0.04125334,
0.03680225,
0.03233994,
0.02786062
0.02343511,
0.01897286,
0.01453786,
0.01004477,
35.64063760,
-28.31038985,
-108.36891790,
-136.40101660,
-37.87432841,
26.39112936,
106.81240596,
134.95212186,
-0.03000973,
-0.03446138,
-0.03892136,
-0.04336508,
-0.04781759,
-0.05226572,
-0.05675148,
-0.06118597,
-0.06562444,
-0.07010484,
-0.07455627,
-0.07900335,
-0.08343772,
-0.08789890,
-0.09238636,
-0.09682586
-0.10127350,
-0.10571810,
-0.11016842,
-0.11462925,
-0.11907897,
-0.12355031,
-0.12797982,
-0.13244316,
36.71398535,
-29.78782314,
-112.78407623,
-141.71275625,
-39.09016987,
27.72604346,
111.08504141,
140.12134733,
-0.17252263,
-0.17696804,
-0.18143519,
-0.18589877,
-0.19034009,
-0.19477102,
-0.19924375,
-0.20368487,
-0.20814193,
-0.21258801,
-0.21707713,
-0.22152790
