-5676345.41568101,
-3698660.20022018,
-5748347.84319578,
-3745526.00503043,
-5821035.78196256,
-3792836.90752099,
-5894411.87892436,
-3840594.70413078,
-5767332.06781849,
-3208125.30258181,
-4538344.22357008,
-1944347.74727081,
-0.52727428,
-0.59159564,
-0.70549698,
-0.46449642,
-5130212.43297693,
-2552226.55176844,
-5192847.27318091,
-2583382.42320405,
-5256056.51687850,
-2614823.32395706,
-5319842.07701365,
-2646550.65607930,
-4959741.60855171,
-1303697.84240429,
-3183566.47416115,
-610962.38019375,
-0.48054501,
-0.41090048,
-0.23847728,
-0.47737511,
-3285610.43898504,
-1002461.18949870,
-3324315.04040866,
-1014256.40983092,
-3363360.51835489,
-1026156.18276418,
-3402750.06896864,
-1038160.36621341,
-1978389.36825875,
-940260.79104689,
-2243982.26693786,
-430623.37345790,
-0.56073888,
-0.30117273,
-0.62643926,
-0.49792763,
-5003689.46200622,
-2965715.77685350,
-5062569.61252985,
-3000754.36842941,
-5121969.18317138,
-3036102.48860791,
-5181890.29086673,
-3071760.90639878,
-5535937.92673150,
-2870240.27566521,
-4870129.58060164,
-2694486.31442269,
-0.38550976,
-0.41510634,
-0.49976592,
-0.37626494,
-8341254.33256009,
-5432995.39061528,
-8437327.18641417,
-5495515.16460221,
-8534231.52302306,
-5558575.28337258,
-8631969.13917658,
-5622174.77216375,
-8438249.01715939,
-4691504.53599022,
-6620859.77401607,
-2826435.35404043,
-0.45973520,
-0.50846160,
-0.27870339,
-0.45097473,
-7436433.09983119,
-3699424.06606906,
-7519186.37507588,
-3740590.78590918,
-7602629.70928520,
-3782102.49664532,
-7686766.30863345,
-3823959.73613732,
-7163850.58750063,
-1880031.29536711,
-4563368.54900316,
-862886.82739857,
-0.40382699,
-0.39469525,
-0.32590142,
-0.25001211,
-4703436.17115149,
-1434553.15987196,
-4754072.93814987,
-1449985.43240608,
-4805120.73430991,
-1465541.69402084,
-4856578.99425848,
-1481223.20763246,
-2829167.30860490,
-1334716.51866187,
-3207446.47687719,
-611916.85187578,
-0.36491062,
-0.44244596,
-0.32441930,
-0.43780709,
-7159978.29561827,
-4249564.16765399,
-7236970.17261466,
-4295428.42917096,
-7314579.39270860,
-4341663.96711227,
-7392810.99868659,
-4388270.07211971,
-7887561.58822978,
-4095489.21955861,
-6932437.33792286,
-3839314.73752565,
-0.30782724,
-0.56060056,
-0.72111235,
-0.50591222,
-11850366.34505493,
-7716326.71873390,
-11975359.42202186,
-7797649.79803428,
-12101335.92191526,
-7879615.79367729,
-12228306.25717650,
-7962227.84513017,
-11944776.45996807,
-6638813.19890643,
-9351776.74853682,
-3982230.14112054,
-0.31772851,
-0.42542767,
-0.38125984,
-0.23479437,
-10446108.45229246,
-5196763.50976390,
-10552889.17054043,
-5249892.43577033,
-10660492.60266602,
-5303426.45928569,
-10768913.81594233,
-5357372.75355251,
-10030351.12647950,
-2631215.17743443,
-6353349.70229267,
-1188551.97315476,
-0.43068178,
-0.35629445,
-0.28156146,
-0.37965905,
-6537244.16792266,
-1993406.00991021,
-6602050.64056918,
-2013155.61765377,
-6667333.47978679,
-2033052.04278502,
-6733100.81587316,
-2053094.85564257,
-3930153.55386368,
-1842819.08580142,
-4452942.55726718,
-846464.32409067,
-0.16294840,
-0.48703558,
-0.46997175,
-0.46105354,
-9947251.06196797,
-5910772.10903367,
-10045721.66333494,
-5969486.36660795,
-10144923.14714012,
-6028636.77284382,
-10244857.79176081,
-6088229.04940866,
-10918184.52585153,
-5676943.58846461,
-9589395.16785664,
-5316120.28260719,
-0.30176745,
-0.37046392,
-0.30675014,
-0.38004104,
-0.34446092,
-0.41504249,
-0.74978732,
-0.45189228,
-0.52494684,
-0.39757236,
-0.30850317,
-0.45264406,
-0.46120556,
-0.43808004,
-0.50116810,
-0.44817564,
-0.46175528,
-0.49747915,
-0.41801153,
-0.47576392,
-0.39472742,
-0.41268854,
-0.26489667,
-0.45821300,
-0.31937967,
-0.61434525,
-0.39765515,
-0.25220904,
-0.61015464,
-0.45943642,
-0.40356916,
-0.50113299,
-0.48776124,
-0.61929348,
-0.41445794,
-0.54876026,
-0.45733884,
-0.36532038,
-0.43258668,
-0.27845257,
-0.39131853,
-0.26212317,
-0.40508826,
-0.53271219,
-0.51196052,
-0.51479186,
-0.39551759,
-0.38432373,
-0.47227258,
-0.36358516,
-0.34307247,
-0.69214539,
-0.33178463,
-0.37746890,
-0.43359142,
-0.37220373,
-0.39174559,
-0.48935802,
-0.51412475,
-0.46684539,
-0.44748330,
-0.49167472,
-0.64726528,
-0.32001771,
-0.49586608,
-0.33086965,
-0.50933883,
-0.32921685,
