836906.56355314,
-769940.92809070,
842604.97092721,
-777870.98899568,
848335.10426320,
-785861.74532238,
854094.67619504,
-793912.97856085,
859881.05394984,
-802025.50203993,
865700.57477852,
-810197.80448510,
871550.58062008,
-818434.39606077,
877428.66821659,
-826732.71906738,
883340.81973163,
-835092.58887907,
889281.07720835,
-843514.15577077,
895254.59180112,
-852002.60072459,
901260.68357875,
-860551.04568800,
-0.32169155,
0.04699079,
1.13909746,
-0.09221161,
1034810.92759830,
-1055261.84053421,
1041536.41823338,
-1065283.19410029,
1048297.83683813,
-1075374.74164592,
1055097.60488054,
-1085538.17374401,
1061931.67436673,
-1095771.55866390,
1068794.63131389,
-1106077.78473805,
1075695.09793733,
-1116455.80183361,
1082632.01489420,
-1126905.21811061,
1089600.68542328,
-1137427.38099497,
1096606.53852004,
-1148024.54017815,
1103647.99116496,
-1158691.66957076,
1110728.40435648,
-1169434.99572967,
1.34828900,
0.05859611,
0.35558679,
-0.52000276,
1267880.13545233,
-1412610.38939160,
1275780.54234394,
-1425057.84837289,
1283716.25505666,
-1437585.94327897,
1291694.97246956,
-1450196.33362857,
1299717.63265129,
-1462887.53208161,
1307780.83702952,
-1475660.35569211,
1315884.12936964,
-1488516.90218474,
1324025.30194574,
-1501455.83155315,
1332203.05234425,
-1514480.05097217,
1340423.46478880,
-1527588.96902946,
1348684.52287746,
-1540780.04084657,
1356985.83146485,
-1554055.66605758,
-1.10020925,
0.10976649,
0.07287413,
0.20849310,
1541019.09584092,
-1853033.25833343,
1550259.09226103,
-1868261.79573740,
1559542.84543051,
-1883581.90236190,
1568873.91861604,
-1898996.14480192,
1578246.24211395,
-1914504.35307622,
1587661.46356517,
-1930107.66539055,
1597120.46267495,
-1945805.33653425,
1606634.77045172,
-1961598.49676720,
1616189.78591083,
-1977483.70327146,
1625790.86653320,
-1993464.01321806,
1635435.56772342,
-2009547.41108816,
1645125.17199191,
-2025719.37089037,
-0.24803091,
1.32736017,
0.61353509,
-0.84508240,
1859592.19578695,
-2388338.34322387,
1870345.18886016,
-2406728.60182662,
1881145.13886478,
-2425226.73729344,
1891991.65993769,
-2443832.04054480,
1902893.98726017,
-2462541.09858681,
1913845.40616584,
-2481356.02005422,
1924838.83757172,
-2500278.70501268,
1935892.21010657,
-2519309.57710081,
1946996.27810598,
-2538446.30248386,
1958147.46558062,
-2557694.72181318,
1969351.29315859,
-2577045.81826465,
1980609.13909088,
-2596512.33207181,
-0.04012960,
0.36222624,
0.71804115,
0.58130947,
2229353.20737294,
-3031112.75252679,
2241802.76740109,
-3053072.90158669,
2254303.92210198,
-3075153.70080190,
2266860.97990055,
-3097353.79685017,
2279480.61482476,
-3119672.46342241,
2292160.53208840,
-3142111.75434519,
2304882.98982550,
-3164668.79200967,
2317667.04587699,
-3187346.25297946,
2330516.40779022,
-3210147.31511491,
2343423.85061785,
-3233065.27558569,
2356381.47763258,
-3256108.03703808,
2369400.97403635,
-3279272.89075671,
-0.07267241,
-0.47192900,
0.46045133,
0.34098618,
2656530.66629764,
-3794709.95046668,
2670874.85649482,
-3820674.60367717,
2685275.84970259,
-3846768.68363400,
2699745.46292802,
-3872994.39430436,
2714268.55698969,
-3899349.29267261,
2728868.37909694,
-3925851.26828811,
2743530.60179363,
-3952474.75015701,
2758260.88468163,
-3979237.68655840,
2773057.75908492,
-4006129.95764252,
2787918.09435092,
-4033162.34716539,
2802830.77360885,
-4060330.59341865,
2817813.30226261,
-4087633.77052210,
0.84867910,
1.53932821,
0.25360571,
0.87333720,
3147750.10907586,
-4693268.91595676,
3164214.37510664,
-4723681.78998595,
3180745.63492027,
-4754243.78753601,
3197341.34674542,
-4784953.12916606,
3214009.65898803,
-4815810.57517189,
3230750.93473359,
-4846808.61258725,
3247566.65954710,
-4877965.90637902,
3264445.90656894,
-4909268.53686051,
3281398.54146855,
-4940717.64995088,
3298426.78885934,
-4972321.81721159,
3315523.50869021,
-5004074.41576325,
3332694.82185612,
-5035975.03606487,
0.07050932,
0.32347545,
0.28491532,
0.60094766,
3710128.78243997,
-5741669.53755309,
3728921.43477684,
-5777017.31330428,
3747804.13729098,
-5812525.87152981,
3766761.29223607,
-5848195.16422961,
3785802.89194968,
-5884031.39423634,
3804908.73810785,
-5920026.85042638,
3824089.97834575,
-5956186.22471845,
3843346.04668282,
-5992514.62927683,
3862683.25237658,
-6029006.66133816,
3882110.36521490,
-6065664.71537665,
3901607.93055341,
-6102484.22088164,
3921185.88768171,
-6139477.31157123,
-0.30044943,
-0.32433354,
-0.45040109,
0.50190879,
4351113.62019775,
-6955597.81208693,
4372498.62026044,
-6996373.82279363,
4393968.94573476,
-7037336.44607412,
4415521.50691483,
-7078470.61845366,
4437161.98370294,
-7119780.32609153,
4458892.13074203,
-7161284.23166787,
4480701.67293391,
-7202959.94211733,
4502598.33264014,
-7244811.92765290,
4524579.46079513,
-7286849.29377995,
4546639.14713157,
-7329066.46686754,
4568784.74212876,
-7371473.71584924,
4591022.22526929,
-7414056.67044768,
0.40364772,
0.42956967,
0.72263600,
0.84342208,
-42254956.66084433,
-5862900.35737631,
-42481174.86764060,
-5894812.37282047,
-42708290.64569177,
-5926858.71094376,
-42936304.84209815,
-5959037.83034816,
-43165231.46806625,
-5991345.36776065,
-43395068.49936474,
-6023781.25609517,
-43625797.96135200,
-6056356.13445411,
-43857446.16145149,
-6089057.67863549,
-44090002.99244090,
-6121887.73619631,
-44323477.80129194,
-6154854.93051936,
-44557875.48974228,
-6187951.04706546,
-44793184.36342195,
-6221183.34574263,
0.16802978,
0.08579851,
0.13208351,
0.17160466,
647230.87782537,
2067885.90251521,
660259.02758077,
2080897.33270941,
673361.94006909,
2093974.94719141,
686576.70081654,
2107112.75652247,
699889.37936010,
2120303.62057240,
713279.53005711,
2133565.14871944,
726786.89075056,
2146884.23502834,
740395.81110197,
2160263.75102640,
754096.50842033,
2173701.58124872,
767898.29850912,
2187202.98596876,
781794.83869386,
2200770.32242749,
795800.32573339,
2214396.20280625,
0.40705172,
1.01891747,
1.18888794,
0.64043065,
19629627.97865150,
1355414.08994590,
19743542.87070726,
1364976.26729787,
19857938.74224025,
1374591.12540806,
19972832.51907354,
1384254.19121601,
20088233.05957003,
1393962.65684565,
20204122.62773139,
1403720.30323253,
20320508.75572643,
1413528.63085386,
20437402.34669876,
1423385.43311182,
20554799.68066461,
1433288.42037643,
20672701.95381949,
1443244.69887522,
20791109.64922315,
1453248.51715816,
20910023.20423137,
1463301.85128246,
0.41310159,
0.63081676,
0.46759174,
0.08065857,
25232156.01141809,
6878412.71806527,
25372440.89784867,
6917180.48979359,
25513310.73117749,
6956115.51983811,
25654763.70980623,
6995214.40762909,
25796805.79626130,
7034474.96115755,
25939440.80199893,
7073903.69665056,
26082663.47107743,
7113497.32132638,
26226477.21735064,
7153255.48015464,
26370883.07734440,
7193179.41324991,
26515882.62553830,
7233268.92255483,
26661482.09601310,
7273527.03256735,
26807677.11852688,
7313954.27138449,
-0.21143453,
0.65784307,
0.18635081,
0.34951911,
6240.18847955,
11535.33299729,
6241.23321285,
11534.81731752,
6240.21930107,
11535.46667339,
6240.95614828,
11536.34253617,
6240.62955534,
11535.45756401,
6240.67729510,
11535.05606116,
6241.62710238,
11536.75042270,
6240.52079690,
11536.26898513,
6240.31173630,
11535.08922019,
6240.90109940,
11535.40921376,
6241.48070963,
11535.91531175,
6241.32869727,
11535.30540707,
-0.32144499,
0.64187278,
0.78116959,
-0.06152206,
22635.65029816,
16969.72578387,
22636.57728782,
16970.82445487,
22635.78928551,
16971.00842487,
22636.06589589,
16971.65409289,
22635.44066565,
16970.12214987,
22635.84890551,
16970.54467283,
22636.44369700,
16970.93528079,
22635.34816183,
16969.86710057,
22635.64187900,
16971.13436279,
22635.94755783,
16969.43515078,
22636.11887940,
16970.28529755,
22636.15016108,
16970.19389937,
-0.23865584,
-0.22937005,
0.44402382,
-0.03400073,
-0.64872828,
-0.46186243,
-0.91568474,
-0.90399828,
-2.42483760,
-0.03679109,
-0.12627402,
-0.40331272,
-1.12228315,
-1.06547214,
-0.70443538,
-0.85963350,
-0.21778683,
-1.70173881,
-0.56729750,
-0.67280407,
-0.62761223,
-0.22515814,
-1.53330067,
-1.51115597,
-2.00556483,
-0.34936847,
-1.66143246,
-0.83148823,
1.13771190,
0.23575283,
-0.36131933,
0.15306910,
-0.78765334,
-0.14059452,
-0.56844025,
-1.80226637,
-1.67015696,
-0.36336696,
-0.38245048,
-1.46591579,
-2.55568995,
-0.30471765,
-1.10220060,
-1.21403559,
-2.16489996,
0.43749032,
-1.77515957,
-0.80016663,
-1.14781737,
-0.72927557,
-1.08513216,
-1.21067890,
-0.87916709,
-0.74844059,
-0.99901163,
-0.04983260,
1.23119390,
0.15835716,
0.00808918,
1.16242038,
-0.61475740,
-2.46811487,
-0.82307276,
-0.97222391,
-1.62561826,
-1.23453904,
-1.49242944,
-0.32773536,
-0.71977805,
-0.92377246,
-1.07253877,
-0.14532552,
-1.81986190,
-1.72406233,
-0.88668823,
-1.54172167,
-0.79944877,
-1.78520784,
-1.29727579,
-1.24441022,
-0.30877401,
-1.33346271,
-0.92719758,
-1.67755220,
1.10738809,
1.39384886,
-0.17628464,
0.70335928,
-0.54376508,
-1.28669402,
-1.04670477,
0.10003891,
0.53905012,
-1.27412598,
-1.43263535,
-1.77644881,
0.09576223,
0.22747611,
-1.39147723,
-0.73256154,
-1.00846272,
-1.17461479,
-2.41935639,
-0.65811467,
-1.53487627,
-0.15531741,
-0.94957528,
-0.01100298,
-1.40809141,
-0.70327588,
-0.84507412,
-0.39080565,
-0.17800850,
0.46131675,
1.90869322,
-0.59821084,
-1.78830525,
-0.97486244,
-1.59064871,
-1.01371916,
-1.46586410,
-1.22029247,
-0.59990867,
-0.84640405,
-1.39339566,
-2.70574811,
-1.48385163,
-0.72406522,
-0.21535443,
-1.61510924,
-0.58023293,
-0.30380835,
-0.79055568,
-0.74972364,
-2.03535904,
-1.40305872,
-1.07624717,
-1.16384346,
-0.07803640,
-2.40240154,
0.48295779,
0.37998673,
1.30612786,
0.73586615,
-1.54989089,
-0.15195113,
-2.18977145,
-0.87373938,
-1.27611662,
-0.93908610,
-0.41607385,
-0.28411595,
-1.90866512,
-1.63936275,
-1.03300992,
0.17528601,
-1.21343655,
0.03457096,
-1.13186557,
-1.23473008,
-1.21174481,
-1.39281559,
-0.09830124,
-1.29298676,
-0.73966517,
-1.93186890,
-1.72602904,
-1.53321666,
0.23838418,
0.21304626,
0.90940721,
-0.99800357,
0.16591913,
-1.88139156,
-1.23037177,
-1.01479898,
-0.18062443,
-2.08088234,
-0.58626237,
-0.96251835,
-1.41217450,
-0.66730369,
-1.44479640,
-0.02069779,
-1.87223991,
-1.07810864,
-1.09365507,
-0.76637938,
-1.30934354,
-0.06206503,
-0.62081339,
-2.19783442,
-1.31423933,
-0.49732141,
-0.60416491,
-0.79966979,
0.27329619,
-0.36915348,
0.93318469,
-0.48380844,
-1.51897526,
-1.75569326,
-0.94832054,
-1.26449238,
-1.63973285,
-0.88886063,
-0.76590743,
-0.37819726,
-2.06182527,
-0.53208657,
0.41666014,
-1.03908802,
-0.76748602,
-1.19369874,
-1.07320415,
-0.11391960,
-0.44977028,
-2.01788081,
-0.39905567,
-0.96391609,
-1.53130469,
-1.72964806,
-0.38056633,
-0.95177212,
1.14709101,
1.10380780,
0.11913556,
-0.24254973,
-1.03495911,
-0.68881640,
-0.36778940,
0.81634101,
-0.49794977,
0.94514370,
0.09396740,
-0.16739301,
-0.03541592,
0.12761728,
0.70097440,
-0.25751168,
0.05833121,
0.59724706,
0.70377436,
0.07282233,
0.51486347,
0.75553107,
0.96383326,
1.69473593,
1.16228271,
-0.29903844,
0.48179375,
-0.06966248,
-0.09384635,
1.22337039,
0.41827252,
1.04372530,
0.07303172,
-0.35304545,
1.02249844,
0.04756659,
-0.21161772,
0.84402724,
0.46038787,
0.46830146,
0.63041341,
0.06037584,
0.04536870,
0.33878994,
0.13574200,
0.60931796,
-0.32713175,
0.79968159,
0.65795492,
0.44240498,
0.97988023,
-0.24017456,
0.05085202,
-0.46156002,
-0.39943617,
-0.00085458,
-0.91797526,
0.56707561,
0.02883313,
0.39782173,
0.48462806,
-0.51883838,
0.70678342,
0.32686604,
-0.14300199,
-0.77245547,
-0.01297677,
0.91651767,
0.12266057,
0.06715675,
1.00973734,
0.61782581,
-0.05024478,
0.23239368,
0.82498656,
-0.17667974,
-0.08214286,
-0.58607827,
0.02114291,
0.31018524,
-0.61510398,
1.05700987,
1.07814893,
0.31078431,
0.38079682,
-0.39917768,
0.58240856,
0.22695503,
-0.50848354,
0.35544816,
-0.95280244,
0.84101450,
0.05970905,
0.34397384,
0.36881808,
0.43358626,
0.00004060,
-0.25773065,
1.11182567,
1.84832542,
1.52060210,
-0.56133281,
0.09341704,
0.26961957,
0.66081425,
0.16836726,
0.33919946,
-0.22076502,
-0.11331943,
0.60883513,
-0.91188179,
1.12033337,
0.61525319,
-0.44015877,
0.85641559,
-0.53409551,
