5469.38,
5464.82,
5460.27,
5455.71,
5451.15,
5446.6,
5442.04,
5437.49,
5432.93,
5428.37,
5423.82,
5419.26,
5414.71,
5410.15,
5405.59,
5401.04,
5396.48,
5391.93,
5387.37,
5382.81,
5378.26,
5373.7,
5369.15,
5364.59,
5360.04,
5355.48,
5350.92,
5346.37
5341.81,
5337.26,
5332.7,
5328.14,
5323.59,
5319.03,
5314.48,
5309.92,
5305.36,
5300.81,
5296.25,
5291.7,
5287.14,
5282.58,
5278.03,
5273.47,
5268.92,
5264.36,
5259.8,
5255.25,
5250.69,
5246.14,
5241.58,
5237.02,
5232.47,
5227.91,
5223.36,
5218.8
5214.24,
5209.69,
5205.13,
5200.58,
5196.02,
5191.46,
5186.91,
5182.35,
5177.8,
5173.24,
5168.69,
5164.13,
5159.57,
5155.02,
5150.46,
5145.91,
5141.35,
5136.79,
5132.24,
5127.68,
5123.13,
5118.57,
5114.01,
5109.46,
5104.9,
5100.35,
5095.79,
5091.23
5086.68,
5082.12,
5077.57,
5073.01,
5068.45,
5063.9,
5059.34,
5054.79,
5050.23,
5045.67,
5041.12,
5036.56,
5032.01,
5027.45,
5022.89,
5018.34,
5013.78,
5009.23,
5004.67,
5000.11,
4995.56,
4991,
4986.45,
4981.89,
4977.33,
4972.78,
4968.22,
4963.67
4959.11,
4954.56,
4950,
4945.44,
4940.89,
4936.33,
4931.78,
4927.22,
4922.66,
4918.11,
4913.55,
4909,
4904.44,
4899.88,
4895.33,
4890.77,
4886.22,
4881.66,
4877.1,
4872.55,
4867.99,
4863.44,
4858.88,
4854.32,
4849.77,
4845.21,
4840.66,
4836.1
4831.54,
4826.99,
4822.43,
4817.88,
4813.32,
4808.76,
4804.21,
4799.65,
4795.1,
4790.54,
4785.98,
4781.43,
4776.87,
4772.32,
4767.76,
4763.2,
4758.65,
4754.09,
4749.54,
4744.98,
4740.43,
4735.87,
4731.31,
4726.76,
4722.2,
4717.65,
4713.09,
4708.53
4703.98,
4699.42,
4694.87,
4690.31,
4685.75,
4681.2,
4676.64,
4672.09,
4667.53,
4662.97,
4658.42,
4653.86,
4649.31,
4644.75,
4640.19,
4635.64,
4631.08,
4626.53,
4621.97,
4617.41,
4612.86,
4608.3,
4603.75,
4599.19,
4594.63,
4590.08,
4585.52,
4580.97
4576.41,
4571.85,
4567.3,
4562.74,
4558.19,
4553.63,
4549.07,
4544.52,
4539.96,
4535.41,
4530.85,
4526.3,
4521.74,
4517.18,
4512.63,
4508.07,
4503.52,
4498.96,
4494.4,
4489.85,
4485.29,
4480.74,
4476.18,
4471.62,
4467.07,
4462.51,
4457.96,
4453.4
4448.84,
4444.29,
4439.73,
4435.18,
4430.62,
4426.06,
4421.51,
4416.95,
4412.4,
4407.84,
4403.28,
4398.73,
4394.17,
4389.62,
4385.06,
4380.5,
4375.95,
4371.39,
4366.84,
4362.28,
4357.72,
4353.17,
4348.61,
4344.06,
4339.5,
4334.95,
4330.39,
4325.83
4321.28,
4316.72,
4312.17,
4307.61,
4303.05,
4298.5,
4293.94,
4289.39,
4284.83,
4280.27,
4275.72,
4271.16,
4266.61,
4262.05,
4257.49,
4252.94,
4248.38,
4243.83,
4239.27,
4234.71,
4230.16,
4225.6,
4221.05,
4216.49,
4211.93,
4207.38,
4202.82,
4198.27
4193.71,
4189.15,
4184.6,
4180.04,
4175.49,
4170.93,
4166.37,
4161.82,
4157.26,
4152.71,
4148.15,
4143.59,
4139.04,
4134.48,
4129.93,
4125.37,
4120.82,
4116.26,
4111.7,
4107.15,
4102.59,
4098.04,
4093.48,
4088.92,
4084.37,
4079.81,
4075.26,
4070.7
4066.14,
4061.59,
4057.03,
4052.48,
4047.92,
4043.36,
4038.81,
4034.25,
4029.7,
4025.14,
4020.58,
4016.03,
4011.47,
4006.92,
4002.36,
3997.8,
3993.25,
3988.69,
3984.14,
3979.58,
3975.02,
3970.47,
3965.91,
3961.36,
3956.8,
3952.24,
3947.69,
3943.13
3938.58,
3934.02,
3929.46,
3924.91,
3920.35,
3915.8,
3911.24,
3906.69,
3902.13,
3897.57,
3893.02,
3888.46,
3883.91,
3879.35,
3874.79,
3870.24,
3865.68,
3861.13,
3856.57,
3852.01,
3847.46,
3842.9,
3838.35,
3833.79,
3829.23,
3824.68,
3820.12,
3815.57
3811.01,
3806.45,
3801.9,
3797.34,
3792.79,
3788.23,
3783.67,
3779.12,
3774.56,
3770.01,
3765.45,
3760.89,
3756.34,
3751.78,
3747.23,
3742.67,
3738.11,
3733.56,
3729,
3724.45,
3719.89,
3715.33,
3710.78,
3706.22,
3701.67,
3697.11,
3692.56,
3688
3683.44,
3678.89,
3674.33,
3669.78,
3665.22,
3660.66,
3656.11,
3651.55,
3647,
3642.44,
3637.88,
3633.33,
3628.77,
3624.22,
3619.66,
3615.1,
3610.55,
3605.99,
3601.44,
3596.88,
3592.32,
3587.77,
3583.21,
3578.66,
3574.1,
3569.54,
3564.99,
3560.43
3555.88,
3551.32,
3546.76,
3542.21,
3537.65,
3533.1,
3528.54,
3523.98,
3519.43,
3514.87,
3510.32,
3505.76,
3501.21,
3496.65,
3492.09,
3487.54,
3482.98,
3478.43,
3473.87,
3469.31,
3464.76,
3460.2,
3455.65,
3451.09,
3446.53,
3441.98,
3437.42,
3432.87
3428.31,
3423.75,
3419.2,
3414.64,
3410.09,
3405.53,
3400.97,
3396.42,
3391.86,
3387.31,
3382.75,
3378.19,
3373.64,
3369.08,
3364.53,
3359.97,
3355.41,
3350.86,
3346.3,
3341.75,
3337.19,
3332.63,
3328.08,
3323.52,
3318.97,
3314.41,
3309.85,
3305.3
3300.74,
3296.19,
3291.63,
3287.08,
3282.52,
3277.96,
3273.41,
3268.85,
3264.3,
3259.74,
3255.18,
3250.63,
3246.07,
3241.52,
3236.96,
3232.4,
3227.85,
3223.29,
3218.74,
3214.18,
3209.62,
3205.07,
3200.51,
3195.96,
3191.4,
3186.84,
3182.29,
3177.73
3173.18,
3168.62,
3164.06,
3159.51,
3154.95,
3150.4,
3145.84,
3141.28,
3136.73,
3132.17,
3127.62,
3123.06,
3118.5,
3113.95,
3109.39,
3104.84,
3100.28,
3095.72,
3091.17,
3086.61,
3082.06,
3077.5,
3072.95,
3068.39,
3063.83,
3059.28,
3054.72,
3050.17
3045.61,
3041.05,
3036.5,
3031.94,
3027.39,
3022.83,
3018.27,
3013.72,
3009.16,
3004.61,
3000.05,
2995.49,
2990.94,
2986.38,
2981.83,
2977.27,
2972.71,
2968.16,
2963.6,
2959.05,
2954.49,
2949.93,
2945.38,
2940.82,
2936.27,
2931.71,
2927.15,
2922.6
2918.04,
2913.49,
2908.93,
2904.37,
2899.82,
2895.26,
2890.71,
2886.15,
2881.59,
2877.04,
2872.48,
2867.93,
2863.37,
2858.82,
2854.26,
2849.7,
2845.15,
2840.59,
2836.04,
2831.48,
2826.92,
2822.37,
2817.81,
2813.26,
2808.7,
2804.14,
2799.59,
2795.03
2790.48,
2785.92,
2781.36,
2776.81,
2772.25,
2767.7,
2763.14,
2758.58,
2754.03,
2749.47,
2744.92,
2740.36,
2735.8,
2731.25,
2726.69,
2722.14,
2717.58,
2713.02,
2708.47,
2703.91,
2699.36,
2694.8,
2690.24,
2685.69,
2681.13,
2676.58,
2672.02,
2667.46
2662.91,
2658.35,
2653.8,
2649.24,
2644.69,
2640.13,
2635.57,
2631.02,
2626.46,
2621.91,
2617.35,
2612.79,
2608.24,
2603.68,
2599.13,
2594.57,
2590.01,
2585.46,
2580.9,
2576.35,
2571.79,
2567.23,
2562.68,
2558.12,
2553.57,
2549.01,
2544.45,
2539.9
2535.34,
2530.79,
2526.23,
2521.67,
2517.12,
2512.56,
2508.01,
2503.45,
2498.89,
2494.34,
2489.78,
2485.23,
2480.67,
2476.11,
2471.56,
2467,
2462.45,
2457.89,
2453.34,
2448.78,
2444.22,
2439.67,
2435.11,
2430.56,
2426,
2421.44,
2416.89,
2412.33
2407.78,
2403.22,
2398.66,
2394.11,
2389.55,
2385,
2380.44,
2375.88,
2371.33,
2366.77,
2362.22,
2357.66,
2353.1,
2348.55,
2343.99,
2339.44,
2334.88,
2330.32,
2325.77,
2321.21,
2316.66,
2312.1,
2307.54,
2302.99,
2298.43,
2293.88,
2289.32,
2284.76
2280.21,
2275.65,
2271.1,
2266.54,
2261.98,
2257.43,
2252.87,
2248.32,
2243.76,
2239.21,
2234.65,
2230.09,
2225.54,
2220.98,
2216.43,
2211.87,
2207.31,
2202.76,
2198.2,
2193.65,
2189.09,
2184.53,
2179.98,
2175.42,
2170.87,
2166.31,
2161.75,
2157.2
2152.64,
2148.09,
2143.53,
2138.97,
2134.42,
2129.86,
2125.31,
2120.75,
2116.19,
2111.64,
2107.08,
2102.53,
2097.97,
2093.41,
2088.86,
2084.3,
2079.75,
2075.19,
2070.63,
2066.08,
2061.52,
2056.97,
2052.41,
2047.85,
2043.3,
2038.74,
2034.19,
2029.63
2025.08,
2020.52,
2015.96,
2011.41,
2006.85,
2002.3,
1997.74,
1993.18,
1988.63,
1984.07,
1979.52,
1974.96,
1970.4,
1965.85,
1961.29,
1956.74,
1952.18,
1947.62,
1943.07,
1938.51,
1933.96,
1929.4,
1924.84,
1920.29,
1915.73,
1911.18,
1906.62,
1902.06
