-405098.75700234,
-1157904.33428794,
-408476.27585462,
-1168333.97916556,
-411860.23370872,
-1178825.05051002,
-415260.15294541,
-1189387.93641868,
-418671.80162146,
-1200011.21034812,
-422088.40808258,
-1210698.10391412,
-425521.57706726,
-1221455.77067155,
-428966.79405732,
-1232276.71220014,
-432419.87944655,
-1243164.34838753,
-435885.13862469,
-1254119.11869504,
-439360.83930094,
-1265139.16192430,
-442846.36504563,
-1276227.19119379,
-0.45636740,
-0.74681638,
-1.24614196,
-0.22402862,
-518382.12132581,
-1524919.57142348,
-522080.96597989,
-1537538.39180043,
-525791.88503784,
-1550228.75651538,
-529507.27130417,
-1562988.78533292,
-533232.82039368,
-1575825.08973653,
-536969.96435740,
-1588732.54138463,
-540712.63399506,
-1601713.43021105,
-544463.77545561,
-1614766.45825196,
-548225.07767991,
-1627896.26026251,
-551993.32105651,
-1641096.93493375,
-555768.41657273,
-1654372.90351444,
-559553.12579169,
-1667722.91084217,
0.27274847,
0.88113927,
0.63271889,
0.40343485,
-640666.11641736,
-1965681.17223207,
-644599.92177170,
-1980730.62885448,
-648540.23811272,
-1995860.42001933,
-652485.90204365,
-2011067.84770797,
-656431.90492540,
-2026354.72224092,
-660384.79523857,
-2041719.99255432,
-664340.43100022,
-2057169.75919020,
-668303.54971111,
-2072699.68857249,
-672272.93769504,
-2088313.51667489,
-676246.02296132,
-2104002.42033477,
-680224.14910419,
-2119781.78392374,
-684205.16580463,
-2135635.70765785,
0.43092948,
0.25155610,
0.18177665,
-0.64419965,
-768646.62992486,
-2488048.72670075,
-772697.76888556,
-2505772.84850211,
-776750.31958680,
-2523586.09988499,
-780798.39125192,
-2541488.58225058,
-784855.08449072,
-2559482.91205743,
-788908.94914984,
-2577560.39410392,
-792965.86120676,
-2595729.85841330,
-797025.46973187,
-2613990.66357979,
-801081.37025478,
-2632335.82117388,
-805133.47632626,
-2650765.79847708,
-809194.38918518,
-2669297.31734228,
-813254.37885159,
-2687913.11885265,
-0.80161761,
-0.68076952,
0.11590897,
0.22704276,
-898323.47473779,
-3100139.07587529,
-902349.39639116,
-3120797.87609884,
-906372.19455575,
-3141560.02493627,
-910398.88431553,
-3162420.72420464,
-914420.59798938,
-3183374.09465609,
-918439.21813415,
-3204425.12170379,
-922454.31139712,
-3225573.05665870,
-926464.15950686,
-3246815.50443117,
-930470.58269439,
-3268162.19062118,
-934475.67594291,
-3289602.03399256,
-938466.36326978,
-3311136.17087959,
-942463.66969158,
-3332778.34552666,
0.26276509,
-0.31021349,
0.53064637,
0.05145613,
-1024992.56415325,
-3810342.55597251,
-1028840.96384900,
-3834213.32113219,
-1032682.80755716,
-3858183.93554509,
-1036520.30557539,
-3882262.05968031,
-1040347.83443058,
-3906443.84436616,
-1044167.01436721,
-3930736.94932398,
-1047976.86487425,
-3955129.76936448,
-1051776.85924362,
-3979628.87960559,
-1055571.58858852,
-4004234.24266866,
-1059351.96357104,
-4028940.62869379,
-1063122.30906520,
-4053761.17058890,
-1066881.98048866,
-4078684.83237621,
0.40328554,
0.95782084,
-0.06499629,
-0.11571260,
-1143246.31696527,
-4627304.38205679,
-1146748.46858680,
-4654660.73974073,
-1150235.23562228,
-4682119.06282535,
-1153702.37368052,
-4709693.20521485,
-1157153.61035517,
-4737382.04608776,
-1160592.74411390,
-4765181.78662863,
-1164015.06429044,
-4793095.99759624,
-1167420.66928847,
-4821130.95701948,
-1170809.51354619,
-4849270.90835598,
-1174180.90526730,
-4877528.75842321,
-1177541.19424570,
-4905909.34949765,
-1180885.38092237,
-4934399.32056483,
0.68778025,
0.61367099,
-0.29034490,
-1.28879730,
-1247010.57328707,
-5559944.31458608,
-1249944.19012790,
-5591047.60449137,
-1252859.44166170,
-5622275.64230037,
-1255750.78541751,
-5653629.21196070,
-1258631.35550129,
-5685106.90962608,
-1261477.25448896,
-5716696.60360918,
-1264302.76452917,
-5748416.12109827,
-1267107.56814671,
-5780262.28833220,
-1269887.63534952,
-5812231.89989248,
-1272648.41896952,
-5844327.09524585,
-1275389.62512178,
-5876540.56750406,
-1278100.05282551,
-5908880.43665841,
-0.54287952,
0.63798180,
0.28899509,
1.28899776,
-1329431.53405962,
-6617397.74494468,
-1331589.37423390,
-6652553.73369661,
-1333708.64252218,
-6687843.79636088,
-1335803.47641524,
-6723266.75198091,
-1337866.17059342,
-6758811.90696241,
-1339905.51260766,
-6794509.07303086,
-1341911.69570086,
-6830327.17857058,
-1343895.14097544,
-6866279.12636931,
-1345853.96686284,
-6902371.02410752,
-1347777.21579060,
-6938587.94495929,
-1349664.13789969,
-6974944.28794763,
-1351526.99399343,
-7011434.25368228,
1.41751077,
0.44213120,
-0.65209220,
0.51967935,
-1383056.21361596,
-7809122.77634330,
-1384176.29959035,
-7848624.12629360,
-1385266.23852325,
-7888280.81116681,
-1386318.34027275,
-7928069.71075041,
-1387317.78530226,
-7967988.84636802,
-1388294.73182892,
-8008073.21954106,
-1389243.32589452,
-8048295.20279776,
-1390143.78805044,
-8088652.89689161,
-1391012.99425796,
-8129154.15634071,
-1391838.48351006,
-8169800.69578786,
-1392634.33742473,
-8210594.57895039,
-1393386.17735585,
-8251526.01787898,
0.20284445,
-0.12529910,
0.14462247,
0.23682086,
-14187899.62720758,
-13301301.76441806,
-14254458.49664040,
-13366942.78575882,
-14321227.24949875,
-13432817.67298406,
-14388220.23010269,
-13498929.66604138,
-14455436.00759533,
-13565286.21699272,
-14522854.92079400,
-13631857.51952534,
-14590496.49737982,
-13698679.07660333,
-14658354.05877180,
-13765732.90879539,
-14726422.46686747,
-13833017.84444000,
-14794723.68656607,
-13900553.32805875,
-14863239.39855832,
-13968315.02090112,
-14931975.12502274,
-14036318.86292730,
-0.12408240,
0.37841909,
0.02061893,
1.19057541,
-6896285.79838528,
5977065.33036847,
-6920179.60320240,
6017711.91055437,
-6944113.89549449,
6058567.98986321,
-6968076.33632977,
6099628.70516304,
-6992077.00058984,
6140887.28243014,
-7016115.41196278,
6182351.90814080,
-7040172.37983545,
6224032.78828554,
-7064267.40476778,
6265913.67332522,
-7088395.73725296,
6307996.58830877,
-7112558.87307698,
6350287.26975977,
-7136753.07764055,
6392791.08891663,
-7160973.12049485,
6435498.32262070,
0.16634748,
-0.08224400,
0.49861390,
-0.14003015,
22547493.42399687,
9660282.65141424,
22681367.20706625,
9717979.08816946,
22815828.27389998,
9775929.07574970,
22950888.83682472,
9834135.30654306,
23086552.06469087,
9892610.26640263,
23222807.63445655,
9951330.83893180,
23359660.29660420,
10010312.42209897,
23497121.75449174,
10069563.55387926,
23635191.22221873,
10129074.76902758,
23773873.45367881,
10188858.82988540,
23913163.65817638,
10248893.14959079,
24053058.15086332,
10309195.01005033,
0.28857146,
-0.15304860,
-0.00179420,
-0.40791035,
47407528.13534304,
27492746.45029111,
47670340.37641190,
27644417.39970429,
47934245.72342856,
27796713.91776996,
48199245.13646048,
27949635.46755254,
48465341.49468225,
28103189.62078316,
48732542.44815348,
28257383.82117777,
49000847.23416382,
28412202.30131564,
49270251.97634968,
28567650.97215541,
49540761.22706939,
28723741.53689032,
49812385.69597460,
28880467.19088518,
50085124.42510251,
29037836.39634711,
50358980.40377864,
29195845.30645442,
-1.13662614,
0.45590734,
-0.11804401,
1.25780092,
-10664.55931418,
-26519.68903688,
-10664.70460088,
-26520.41610821,
-10665.24628289,
-26519.27665859,
-10663.98996578,
-26520.07647581,
-10663.69468906,
-26520.05068610,
-10664.38731788,
-26521.26543164,
-10663.88268896,
-26519.45408691,
-10664.81007339,
-26520.97535200,
-10664.48977188,
-26519.90121039,
-10663.38650197,
-26520.62544460,
-10664.35881433,
-26519.59585606,
-10663.17356957,
-26520.33330607,
0.42136439,
-0.26235723,
0.09375410,
0.49147158,
22473.48678830,
3265.45737561,
22472.88930779,
3265.21855902,
22471.92779462,
3264.95404885,
22473.01415908,
3264.95048186,
22471.85085113,
3264.88988349,
22472.19858784,
3264.53424722,
22471.77004449,
3264.48973633,
22471.85578747,
3264.86718233,
22472.91476647,
3264.07719611,
22471.80691175,
3264.63547443,
22472.11001989,
3264.74659178,
22472.80666962,
3265.44547476,
0.22659149,
-0.21753791,
0.60076228,
0.37410707,
0.17799337,
1.01217622,
-0.18475984,
-0.12600345,
0.14935866,
-0.88528401,
0.45132872,
0.27549123,
-0.40140472,
-0.05927868,
0.58895693,
-1.10409261,
0.25056448,
0.13657320,
-0.47988596,
0.16973990,
-0.29385763,
-0.68897757,
-0.32004908,
-0.40664809,
0.39593358,
0.53975379,
-0.10504932,
-0.07936045,
-0.23926133,
0.56637236,
-0.44748775,
0.49098212,
-0.18173006,
0.73130345,
1.07401295,
-0.55527606,
-0.34977317,
0.70748644,
0.51425331,
0.01671648,
0.20937080,
0.19479583,
-1.33869104,
0.18271467,
-0.35323388,
-0.24281898,
-0.98394591,
-1.08101730,
0.73855806,
0.20855396,
-1.49437456,
-0.03326340,
0.04222068,
0.18331139,
0.34940296,
-0.76684988,
-0.53296703,
0.46030955,
0.30276057,
-0.56780395,
-0.98304229,
0.78121893,
0.26670216,
-1.01186660,
-0.84229158,
-1.11862333,
-1.01969196,
0.38446405,
0.09617381,
-0.54948888,
-0.79207081,
-0.51652846,
0.35244654,
-1.57340656,
-0.08526371,
0.15433704,
-0.55516117,
0.37656728,
-0.05786864,
0.21322101,
0.40007545,
-0.11197334,
-0.13488681,
0.48732807,
-0.25060306,
-0.32820169,
0.40584326,
-0.11879812,
-1.28554647,
1.04691225,
-0.15196754,
0.68801550,
1.10387561,
-0.09236713,
0.72136240,
0.62449132,
0.74640517,
-0.04289381,
-0.35555117,
0.35351749,
-0.62709983,
0.23656065,
0.68911976,
0.53168810,
-0.64392140,
0.97157742,
-0.80650457,
-0.60498565,
0.23758733,
-0.30314709,
-0.25879796,
-0.15750308,
-0.19274975,
0.29510677,
-1.35076456,
-0.31205216,
0.13349610,
-1.01915163,
0.33701978,
0.87886871,
0.32577338,
0.78161952,
-0.19616302,
-0.85318347,
0.92251082,
-0.22186162,
0.34088231,
-0.03773832,
0.14012955,
-0.36782281,
-0.72230384,
-0.36835987,
0.23503937,
0.91956168,
-0.22366021,
0.76786323,
-0.14955365,
1.06235534,
0.42612118,
-0.08735207,
-0.10675037,
-0.39572768,
0.24292310,
0.14442681,
0.29477735,
0.30627091,
0.57215596,
-0.11327663,
-0.24159232,
0.79128784,
0.05274438,
-0.36076152,
-1.04685197,
-0.89279468,
-0.49473990,
-0.14730320,
0.40921870,
0.25723780,
-0.32399429,
0.16261999,
1.06827569,
1.01269394,
-0.48973628,
0.27007205,
-1.05350652,
-0.56950234,
-0.49557666,
-0.10707375,
1.13752928,
-0.74303601,
1.02025139,
0.38915666,
-0.70462041,
0.53223131,
-0.15771724,
0.27865576,
-0.66855166,
0.38764641,
0.26185888,
-0.40191442,
0.75550297,
0.76810977,
-0.59038020,
0.38132797,
0.06437005,
0.32744650,
-0.52974736,
-0.04778400,
0.91495349,
0.63637735,
-0.84447408,
0.64061995,
0.46311299,
0.11922553,
0.32988900,
-1.55140655,
-0.21589812,
0.07685042,
0.18856904,
0.92936179,
0.83975153,
-0.63871426,
0.08620136,
-0.64964786,
-0.00085925,
0.53218309,
-0.27227632,
1.43009555,
0.66208031,
-0.41604196,
0.24198491,
-0.21950157,
0.07349458,
0.12452629,
-0.69842357,
0.39473343,
-0.23469332,
-0.18920748,
-0.15162742,
-0.27554497,
0.61797405,
-1.00584413,
0.22134928,
-0.32278582,
0.21227652,
-0.11696069,
0.07990914,
0.09624819,
0.07147822,
0.59537391,
0.40951195,
-0.35022320,
0.37006135,
-0.02133561,
-0.05261460,
-0.24205915,
-0.26543933,
-2.28286147,
-0.63591627,
-0.98967988,
0.80165257,
0.00878542,
-0.08206804,
0.76669706,
0.20730321,
-0.63299196,
-0.12162296,
0.28308512,
-0.47987800,
-0.14435463,
0.12699477,
0.35722934,
-0.21343992,
-0.17684962,
-0.58453826,
-0.32979266,
-0.14931556,
1.34088833,
0.04382784,
0.92104274,
-0.04933288,
-0.03618660,
0.05931352,
-0.03169663,
-0.93636810,
0.21846027,
-0.25983115,
-0.97978605,
-0.13917165,
0.38420861,
-0.75636020,
0.01047138,
0.16761211,
0.03004950,
0.36251590,
-0.67447399,
0.14624081,
-0.79651798,
-0.75233458,
-0.40187758,
-1.03729658,
1.25229678,
0.30432992,
-0.72843743,
-0.70679856,
-1.54471539,
0.02349046,
0.43281073,
-0.46064061,
1.26873202,
-0.79830432,
0.62062808,
-0.21144228,
0.64069541,
-0.60927484,
-0.25134655,
-0.58712690,
-0.14590690,
-0.35295530,
-1.19270269,
-0.13476112,
0.40891647,
-0.42646711,
-0.44511333,
-0.00308215,
-0.18133586,
-2.26641730,
1.19579629,
-0.41441146,
1.00881314,
0.59624938,
-0.61899054,
-0.56367065,
0.92772367,
0.13539526,
0.77004878,
0.12570931,
0.85325355,
-0.08643206,
-0.17288655,
-0.42897444,
-0.11465596,
0.08599063,
-0.08174940,
0.46240719,
-1.15877975,
-0.36100545,
1.13797827,
0.33416926,
-0.05264517,
0.69339268,
0.47583090,
1.06700066,
-0.11029635,
0.43388667,
-1.13053689,
0.49565475,
-0.01224556,
-0.42513584,
-0.12088919,
