-0.12721822,
0.66348437,
-0.12735695,
0.66348439,
-0.12749395,
0.66348438,
-0.12763075,
0.66348442,
-0.12776797,
0.66348440,
-0.12790565,
0.66348438,
-0.12804340,
0.66348438,
-0.12818062,
0.66348438,
-0.12831849,
0.66348439,
-0.12845673,
0.66348439,
-0.12859498,
0.66348438,
-0.12873312,
0.66348437,
-0.12870682,
0.66348441,
-0.12934432,
0.66348438,
-0.12942747,
0.66348435,
-0.12956667,
0.66348442,
-0.12970638,
0.66348439,
-0.12984591,
0.66348436,
-0.12998556,
0.66348439,
-0.13012557,
0.66348439,
-0.13026560,
0.66348440,
-0.13040590,
0.66348441,
-0.13054652,
0.66348438,
-0.13068700,
0.66348435,
0.66348440,
0.66348441,
0.66348440,
0.66348439,
0.66348438,
0.66348441,
0.66348440,
0.66348441,
-0.13167523,
0.66348439,
-0.13181680,
0.66348439,
-0.13195919,
0.66348441,
-0.13210131,
0.66348435,
-0.13224362,
0.66348439,
-0.13238597,
0.66348439,
-0.13252864,
0.66348439,
-0.13267154,
0.66348440,
-0.13281450,
0.66348444,
-0.13295760,
0.66348437,
-0.13310076,
0.66348437,
-0.13324433,
0.66348440,
-0.13321814,
0.66348440,
-0.13386993,
0.66348441,
-0.13396352,
0.66348441,
-0.13410788,
0.66348441,
-0.13425222,
0.66348436,
-0.13439730,
0.66348440,
-0.13454182,
0.66348439,
-0.13468699,
0.66348437,
-0.13483235,
0.66348439,
-0.13497733,
0.66348435,
-0.13512290,
0.66348440,
-0.13526856,
0.66348435,
0.66348438,
0.66348439,
0.66348439,
0.66348439,
0.66348439,
0.66348439,
0.66348438,
0.66348440,
-0.13629238,
0.66348438,
-0.13643917,
0.66348439,
-0.13658631,
0.66348436,
-0.13673355,
0.66348439,
-0.13688077,
0.66348435,
-0.13702819,
0.66348439,
-0.13717583,
0.66348440,
-0.13732388,
0.66348436,
-0.13747179,
0.66348440,
-0.13761970,
0.66348440,
-0.13776800,
0.66348439,
-0.13791643,
0.66348438,
-0.13789067,
0.66348441,
-0.13855726,
0.66348438,
-0.13866144,
0.66348440,
-0.13881101,
0.66348438,
-0.13896070,
0.66348440,
-0.13911031,
0.66348438,
-0.13925996,
0.66348437,
-0.13940976,
0.66348441,
-0.13956009,
0.66348442,
-0.13971064,
0.66348442,
-0.13986117,
0.66348438,
-0.14001172,
0.66348438,
0.66348441,
0.66348437,
0.66348437,
0.66348437,
0.66348437,
0.66348438,
0.66348437,
0.66348439,
-0.14107079,
0.66348439,
-0.14122276,
0.66348437,
-0.14137496,
0.66348438,
-0.14152718,
0.66348439,
-0.14167942,
0.66348439,
-0.14183222,
0.66348430,
-0.14198507,
0.66348439,
-0.14213778,
0.66348436,
-0.14229074,
0.66348437,
-0.14244401,
0.66348440,
-0.14259727,
0.66348437,
-0.14275075,
0.66348436,
-0.14272485,
0.66348439,
-0.14340586,
0.66348441,
-0.14352051,
0.66348440,
-0.14367529,
0.66348441,
-0.14382982,
0.66348440,
-0.14398421,
0.66348436,
-0.14413934,
0.66348439,
-0.14429443,
0.66348437,
-0.14444988,
0.66348441,
-0.14460524,
0.66348439,
-0.14476046,
0.66348439,
-0.14491649,
0.66348440,
0.66348441,
0.66348438,
0.66348440,
0.66348439,
0.66348438,
0.66348440,
0.66348442,
0.66348439,
-0.14601074,
0.66348440,
-0.14616778,
0.66348438,
-0.14632486,
0.66348439,
-0.14648186,
0.66348435,
-0.14663926,
0.66348438,
-0.14679696,
0.66348438,
-0.14695494,
0.66348441,
-0.14711283,
0.66348439,
-0.14727092,
0.66348437,
-0.14742918,
0.66348438,
-0.14758754,
0.66348441,
-0.14774617,
0.66348437,
-0.14772052,
0.66348438,
-0.14841602,
0.66348440,
-0.14854120,
0.66348439,
-0.14870060,
0.66348438,
-0.14886027,
0.66348441,
-0.14902003,
0.66348441,
-0.14917993,
0.66348437,
-0.14933986,
0.66348439,
-0.14950010,
0.66348438,
-0.14966080,
0.66348440,
-0.14982130,
0.66348441,
-0.14998208,
0.66348436,
0.66348439,
0.66348441,
0.66348441,
0.66348438,
0.66348441,
0.66348440,
0.66348439,
0.66348440,
-0.15111172,
0.66348438,
-0.15127368,
0.66348441,
-0.15143589,
0.66348438,
-0.15159806,
0.66348435,
-0.15176067,
0.66348440,
-0.15192334,
0.66348441,
-0.15208634,
0.66348440,
-0.15224911,
0.66348440,
-0.15241209,
0.66348439,
-0.15257549,
0.66348440,
-0.15273882,
0.66348439,
-0.15290216,
0.66348438,
-0.15287657,
0.66348439,
-0.15358671,
0.66348440,
-0.15372248,
0.66348439,
-0.15388704,
0.66348438,
-0.15405180,
0.66348440,
-0.15421662,
0.66348438,
-0.15438169,
0.66348442,
-0.15454694,
0.66348441,
-0.15471215,
0.66348437,
-0.15487754,
0.66348442,
-0.15504300,
0.66348441,
-0.15520887,
0.66348439,
0.66348438,
0.66348440,
0.66348440,
0.66348438,
0.66348438,
0.66348438,
0.66348438,
0.66348438,
-0.15637362,
0.66348436,
-0.15654049,
0.66348438,
-0.15670782,
0.66348440,
-0.15687528,
0.66348438,
-0.15704292,
0.66348440,
-0.15721053,
0.66348442,
-0.15737805,
0.66348440,
-0.15754603,
0.66348438,
-0.15771444,
0.66348438,
-0.15788229,
0.66348439,
-0.15805073,
0.66348442,
-0.15821945,
0.66348437,
-0.15819400,
0.66348443,
-0.15891833,
0.66348441,
-0.15906457,
0.66348440,
-0.15923403,
0.66348438,
-0.15940386,
0.66348441,
-0.15957358,
0.66348440,
-0.15974345,
0.66348438,
-0.15991382,
0.66348441,
-0.16008385,
0.66348434,
-0.16025436,
0.66348437,
-0.16042499,
0.66348438,
-0.16059600,
0.66348439,
0.66348439,
0.66348437,
0.66348441,
0.66348435,
0.66348440,
0.66348441,
0.66348437,
0.66348440,
-0.16179563,
0.66348439,
-0.16196795,
0.66348436,
-0.16213988,
0.66348436,
-0.16231200,
0.66348443,
-0.16248467,
0.66348442,
-0.16265715,
0.66348440,
-0.16283012,
0.66348440,
-0.16300293,
0.66348439,
-0.16317585,
0.66348443,
-0.16334935,
0.66348440,
-0.16352275,
0.66348437,
-0.16369651,
0.66348438,
-0.16367137,
0.66348438,
-0.16441020,
0.66348440,
-0.16456678,
0.66348440,
-0.16474140,
0.66348442,
-0.16491581,
0.66348436,
-0.16509069,
0.66348439,
-0.16526569,
0.66348439,
-0.16544089,
0.66348438,
-0.16561610,
0.66348438,
-0.16579153,
0.66348440,
-0.16596717,
0.66348437,
-0.16614283,
0.66348440,
0.66348438,
0.66348437,
0.66348439,
0.66348440,
0.66348437,
0.66348438,
0.66348439,
0.66348438,
-0.16737771,
0.66348439,
-0.16755455,
0.66348440,
-0.16773188,
0.66348438,
-0.16790909,
0.66348440,
-0.16808666,
0.66348436,
-0.16826419,
0.66348437,
-0.16844211,
0.66348435,
-0.16862028,
0.66348440,
-0.16879843,
0.66348438,
-0.16897646,
0.66348441,
-0.16915473,
0.66348439,
-0.16933319,
0.66348442,
-0.16930822,
0.66348442,
-0.17006149,
0.66348440,
-0.17022846,
0.66348438,
-0.17040807,
0.66348437,
-0.17058734,
0.66348440,
-0.17076738,
0.66348441,
-0.17094752,
0.66348442,
-0.17112746,
0.66348440,
-0.17130778,
0.66348437,
-0.17148808,
0.66348438,
-0.17166884,
0.66348441,
-0.17184956,
0.66348441,
0.66348443,
0.66348441,
0.66348438,
0.66348440,
0.66348440,
0.66348437,
0.66348436,
0.66348438,
-0.17311886,
0.66348438,
-0.17330105,
0.66348436,
-0.17348317,
0.66348441,
-0.17366559,
0.66348442,
-0.17384814,
0.66348437,
-0.17403064,
0.66348441,
-0.17421326,
0.66348442,
-0.17439588,
0.66348436,
-0.17457918,
0.66348438,
-0.17476258,
0.66348439,
-0.17494599,
0.66348440,
-0.17512930,
0.66348436,
-0.17510446,
0.66348440,
-0.17587196,
0.66348442,
-0.17604923,
0.66348435,
-0.17623372,
0.66348441,
-0.17641837,
0.66348439,
-0.17660313,
0.66348439,
-0.17678803,
0.66348436,
-0.17697305,
0.66348437,
-0.17715838,
0.66348440,
-0.17734381,
0.66348438,
-0.17752917,
0.66348437,
-0.17771495,
0.66348441,
0.66348435,
0.66348439,
0.66348440,
0.66348439,
0.66348439,
0.66348438,
0.66348438,
0.66348439,
0.66348442,
0.66348439,
0.66348439,
0.66348436,
0.66348439,
0.66348439,
0.66348439,
0.66348438,
0.66348444,
0.66348439,
0.66348438,
0.66348443,
0.66348441,
0.66348438,
0.66348439,
0.66348441,
0.66348441,
0.66348439,
0.66348438,
0.66348439,
0.66348436,
0.66348439,
0.66348441,
0.66348437,
0.66348441,
0.66348441,
0.66348438,
0.66348439,
0.66348438,
0.66348441,
0.66348437,
0.66348439,
0.66348439,
0.66348441,
0.66348439,
0.66348438,
0.66348437,
0.66348437,
0.66348439,
0.66348437,
0.66348442,
0.66348440,
0.66348439,
0.66348440,
0.66348437,
0.66348440,
0.66348440,
0.66348437,
0.66348444,
0.66348438,
0.66348439,
0.66348439,
0.66348439,
0.66348439,
0.66348440,
0.66348438,
0.66348440,
0.66348438,
0.66348439,
0.66348438,
0.66348437,
0.66348438,
0.66348443,
0.66348438,
0.66348440,
0.66348442,
0.66348438,
0.66348440,
0.66348442,
0.66348441,
0.66348438,
0.66348437,
0.66348442,
0.66348439,
0.66348440,
0.66348440,
0.66348439,
0.66348442,
0.66348440,
0.66348439,
0.66348440,
0.66348435,
0.66348439,
0.66348441,
0.66348436,
0.66348443,
0.66348440,
0.66348439,
0.66348437,
0.66348438,
0.66348441,
0.66348437,
0.66348439,
0.66348440,
0.66348437,
0.66348438,
0.66348436,
0.66348439,
0.66348441,
0.66348437,
0.66348441,
0.66348442,
0.66348439,
0.66348438,
0.66348437,
0.66348441,
0.66348435,
0.66348440,
0.66348441,
0.66348440,
0.66348440,
0.66348442,
0.66348440,
0.66348440,
0.66348440,
0.66348438,
0.66348438,
0.66348439,
0.66348437,
0.66348441,
0.66348440,
0.66348441,
0.66348441,
0.66348440,
0.66348443,
0.66348442,
0.66348439,
0.66348440,
0.66348441,
0.66348441,
0.66348437,
0.66348441,
0.66348441,
0.66348439,
0.66348438,
0.66348438,
0.66348436,
0.66348436,
0.66348440,
0.66348439,
0.66348437,
0.66348441,
0.66348440,
0.66348439,
0.66348437,
0.66348435,
0.66348441,
0.66348442,
0.66348440,
0.66348437,
0.66348436,
0.66348439,
0.66348442,
0.66348440,
0.66348437,
0.66348440,
0.66348442,
0.66348439,
0.66348443,
0.66348438,
0.66348439,
0.66348441,
0.66348439,
0.66348440,
0.66348438,
0.66348441,
0.66348439,
0.66348440,
0.66348440,
0.66348442,
0.66348438,
0.66348438,
0.66348440,
0.66348441,
0.66348441,
0.66348438,
0.66348440,
0.66348436,
0.66348435,
0.66348438,
0.66348438,
0.66348442,
0.66348439,
0.66348443,
0.66348442,
0.66348440,
0.66348439,
0.66348441,
0.66348438,
0.66348439,
0.66348442,
0.66348437,
0.66348442,
0.66348436,
0.66348437,
0.66348441,
0.66348437,
0.66348438,
0.66348435,
0.66348440,
0.66348441,
0.66348437,
0.66348441,
0.66348439,
0.66348439,
0.66348444,
0.66348437,
0.66348440,
0.66348437,
0.66348440,
0.66348439,
0.66348437,
0.66348439,
0.66348439,
0.66348438,
0.66348439,
0.66348440,
0.66348441,
0.66348444,
0.66348439,
0.66348440,
0.66348439,
0.66348435,
0.66348440,
