1327.56,
1386.88,
1446.21,
1505.53,
1564.86,
1624.18,
1683.51,
1742.83,
1802.16,
1861.48,
1920.81,
1980.13,
2039.46,
2098.78,
2158.11,
2217.44,
2276.76,
2336.09,
2395.41,
2454.74,
2514.06,
2573.39,
2632.71,
2692.04,
2751.36,
2810.69,
2870.01,
2929.34
2988.66,
3047.99,
3107.31,
3166.64,
3225.96,
3285.29,
3344.61,
3403.94,
3463.26,
3522.59,
3581.92,
3641.24,
3700.57,
3759.89,
3819.22,
3878.54,
3937.87,
3997.19,
4056.52,
4115.84,
4175.17,
4234.49,
4293.82,
4353.14,
4412.47,
4471.79,
4531.12,
4590.44
4649.77,
4709.09,
4768.42,
4827.75,
4887.07,
4946.4,
5005.72,
5065.05,
5124.37,
5183.7,
5243.02,
5302.35,
5361.67,
5421,
5480.32,
5539.65,
5598.97,
5658.3,
5717.62,
5776.95,
5836.27,
5895.6,
5954.92,
6014.25,
6073.58,
6132.9,
6192.23,
6251.55
6310.88,
6370.2,
6429.53,
6488.85,
6548.18,
6607.5,
6666.83,
6726.15,
6785.48,
6844.8,
6904.13,
6963.45,
7022.78,
7082.1,
7141.43,
7200.75,
7260.08,
7319.41,
7378.73,
7438.06,
7497.38,
7556.71,
7616.03,
7675.36,
7734.68,
7794.01,
7853.33,
7912.66
7971.98,
8031.31,
8090.63,
8149.96,
8209.28,
8268.61,
8327.93,
8387.26,
8446.58,
8505.91,
8565.24,
8624.56,
8683.89,
8743.21,
8802.54,
8861.86,
8921.19,
8980.51,
9039.84,
9099.16,
9158.49,
9217.81,
9277.14,
9336.46,
9395.79,
9455.11,
9514.44,
9573.76
9633.09,
9692.41,
9751.74,
9811.07,
9870.39,
9929.72,
9989.04,
10048.4,
10107.7,
10167,
10226.3,
10285.7,
10345,
10404.3,
10463.6,
10523,
10582.3,
10641.6,
10700.9,
10760.3,
10819.6,
10878.9,
10938.2,
10997.6,
11056.9,
11116.2,
11175.5,
11234.9
11294.2,
11353.5,
11412.8,
11472.2,
11531.5,
11590.8,
11650.1,
11709.5,
11768.8,
11828.1,
11887.4,
11946.8,
12006.1,
12065.4,
12124.7,
12184.1,
12243.4,
12302.7,
12362.1,
12421.4,
12480.7,
12540,
12599.4,
12658.7,
12718,
12777.3,
12836.7,
12896
12955.3,
13014.6,
13074,
13133.3,
13192.6,
13251.9,
13311.3,
13370.6,
13429.9,
13489.2,
13548.6,
13607.9,
13667.2,
13726.5,
13785.9,
13845.2,
13904.5,
13963.8,
14023.2,
14082.5,
14141.8,
14201.1,
14260.5,
14319.8,
14379.1,
14438.4,
14497.8,
14557.1
14616.4,
14675.7,
14735.1,
14794.4,
14853.7,
14913,
14972.4,
15031.7,
15091,
15150.3,
15209.7,
15269,
15328.3,
15387.6,
15447,
15506.3,
15565.6,
15624.9,
15684.3,
15743.6,
15802.9,
15862.2,
15921.6,
15980.9,
16040.2,
16099.5,
16158.9,
16218.2
16277.5,
16336.8,
16396.2,
16455.5,
16514.8,
16574.1,
16633.5,
16692.8,
16752.1,
16811.4,
16870.8,
16930.1,
16989.4,
17048.7,
17108.1,
17167.4,
17226.7,
17286,
17345.4,
17404.7,
17464,
17523.3,
17582.7,
17642,
17701.3,
17760.6,
17820,
17879.3
17938.6,
17997.9,
18057.3,
18116.6,
18175.9,
18235.2,
18294.6,
18353.9,
18413.2,
18472.5,
18531.9,
18591.2,
18650.5,
18709.9,
18769.2,
18828.5,
18887.8,
18947.2,
19006.5,
19065.8,
19125.1,
19184.5,
19243.8,
19303.1,
19362.4,
19421.8,
19481.1,
19540.4
19599.7,
19659.1,
19718.4,
19777.7,
19837,
19896.4,
19955.7,
20015,
20074.3,
20133.7,
20193,
20252.3,
20311.6,
20371,
20430.3,
20489.6,
20548.9,
20608.3,
20667.6,
20726.9,
20786.2,
20845.6,
20904.9,
20964.2,
21023.5,
21082.9,
21142.2,
21201.5
21260.8,
21320.2,
21379.5,
21438.8,
21498.1,
21557.5,
21616.8,
21676.1,
21735.4,
21794.8,
21854.1,
21913.4,
21972.7,
22032.1,
22091.4,
22150.7,
22210,
22269.4,
22328.7,
22388,
22447.3,
22506.7,
22566,
22625.3,
22684.6,
22744,
22803.3,
22862.6
22921.9,
22981.3,
23040.6,
23099.9,
23159.2,
23218.6,
23277.9,
23337.2,
23396.5,
23455.9,
23515.2,
23574.5,
23633.8,
23693.2,
23752.5,
23811.8,
23871.1,
23930.5,
23989.8,
24049.1,
24108.4,
24167.8,
24227.1,
24286.4,
24345.7,
24405.1,
24464.4,
24523.7
24583,
24642.4,
24701.7,
24761,
24820.3,
24879.7,
24939,
24998.3,
25057.7,
25117,
25176.3,
25235.6,
25295,
25354.3,
25413.6,
25472.9,
25532.3,
25591.6,
25650.9,
25710.2,
25769.6,
25828.9,
25888.2,
25947.5,
26006.9,
26066.2,
26125.5,
26184.8
26244.2,
26303.5,
26362.8,
26422.1,
26481.5,
26540.8,
26600.1,
26659.4,
26718.8,
26778.1,
26837.4,
26896.7,
26956.1,
27015.4,
27074.7,
27134,
27193.4,
27252.7,
27312,
27371.3,
27430.7,
27490,
27549.3,
27608.6,
27668,
27727.3,
27786.6,
27845.9
27905.3,
27964.6,
28023.9,
28083.2,
28142.6,
28201.9,
28261.2,
28320.5,
28379.9,
28439.2,
28498.5,
28557.8,
28617.2,
28676.5,
28735.8,
28795.1,
28854.5,
28913.8,
28973.1,
29032.4,
29091.8,
29151.1,
29210.4,
29269.7,
29329.1,
29388.4,
29447.7,
29507
29566.4,
29625.7,
29685,
29744.3,
29803.7,
29863,
29922.3,
29981.6,
30041,
30100.3,
30159.6,
30218.9,
30278.3,
30337.6,
30396.9,
30456.2,
30515.6,
30574.9,
30634.2,
30693.5,
30752.9,
30812.2,
30871.5,
30930.8,
30990.2,
31049.5,
31108.8,
31168.1
31227.5,
31286.8,
31346.1,
31405.5,
31464.8,
31524.1,
31583.4,
31642.8,
31702.1,
31761.4,
31820.7,
31880.1,
31939.4,
31998.7,
32058,
32117.4,
32176.7,
32236,
32295.3,
32354.7,
32414,
32473.3,
32532.6,
32592,
32651.3,
32710.6,
32769.9,
32829.3
32888.6,
32947.9,
33007.2,
33066.6,
33125.9,
33185.2,
33244.5,
33303.9,
33363.2,
33422.5,
33481.8,
33541.2,
33600.5,
33659.8,
33719.1,
33778.5,
33837.8,
33897.1,
33956.4,
34015.8,
34075.1,
34134.4,
34193.7,
34253.1,
34312.4,
34371.7,
34431,
34490.4
34549.7,
34609,
34668.3,
34727.7,
34787,
34846.3,
34905.6,
34965,
35024.3,
35083.6,
35142.9,
35202.3,
35261.6,
35320.9,
35380.2,
35439.6,
35498.9,
35558.2,
35617.5,
35676.9,
35736.2,
35795.5,
35854.8,
35914.2,
35973.5,
36032.8,
36092.1,
36151.5
36210.8,
36270.1,
36329.4,
36388.8,
36448.1,
36507.4,
36566.7,
36626.1,
36685.4,
36744.7,
36804,
36863.4,
36922.7,
36982,
37041.3,
37100.7,
37160,
37219.3,
37278.6,
37338,
37397.3,
37456.6,
37515.9,
37575.3,
37634.6,
37693.9,
37753.3,
37812.6
37871.9,
37931.2,
37990.6,
38049.9,
38109.2,
38168.5,
38227.9,
38287.2,
38346.5,
38405.8,
38465.2,
38524.5,
38583.8,
38643.1,
38702.5,
38761.8,
38821.1,
38880.4,
38939.8,
38999.1,
39058.4,
39117.7,
39177.1,
39236.4,
39295.7,
39355,
39414.4,
39473.7
39533,
39592.3,
39651.7,
39711,
39770.3,
39829.6,
39889,
39948.3,
40007.6,
40066.9,
40126.3,
40185.6,
40244.9,
40304.2,
40363.6,
40422.9,
40482.2,
40541.5,
40600.9,
40660.2,
40719.5,
40778.8,
40838.2,
40897.5,
40956.8,
41016.1,
41075.5,
41134.8
41194.1,
41253.4,
41312.8,
41372.1,
41431.4,
41490.7,
41550.1,
41609.4,
41668.7,
41728,
41787.4,
41846.7,
41906,
41965.3,
42024.7,
42084,
42143.3,
42202.6,
42262,
42321.3,
42380.6,
42439.9,
42499.3,
42558.6,
42617.9,
42677.2,
42736.6,
42795.9
42855.2,
42914.5,
42973.9,
43033.2,
43092.5,
43151.8,
43211.2,
43270.5,
43329.8,
43389.1,
43448.5,
43507.8,
43567.1,
43626.4,
43685.8,
43745.1,
43804.4,
43863.7,
43923.1,
43982.4,
44041.7,
44101.1,
44160.4,
44219.7,
44279,
44338.4,
44397.7,
44457
44516.3,
44575.7,
44635,
44694.3,
44753.6,
44813,
44872.3,
44931.6,
44990.9,
45050.3,
45109.6,
45168.9,
45228.2,
45287.6,
45346.9,
45406.2,
45465.5,
45524.9,
45584.2,
45643.5,
45702.8,
45762.2,
45821.5,
45880.8,
45940.1,
45999.5,
46058.8,
46118.1
46177.4,
46236.8,
46296.1,
46355.4,
46414.7,
46474.1,
46533.4,
46592.7,
46652,
46711.4,
46770.7,
46830,
46889.3,
46948.7,
47008,
47067.3,
47126.6,
47186,
47245.3,
47304.6,
47363.9,
47423.3,
47482.6,
47541.9,
47601.2,
47660.6,
47719.9,
47779.2
