3.80514263,
-0.32194884,
4.63416892,
4.16073069,
23.14268510,
-21.33151634,
30.79525874,
15.84326827,
8.28506684,
-1.78818995,
11.21116736,
13.98312613,
-25.81820920,
-10.46553547,
32.42657531,
13.59264373,
1.85833958,
4.27103443,
12.14488112,
8.46685036,
-6.18144391,
2.17539611,
25.75476911,
-35.34574767,
29.51076766,
36.89924990,
-8.42622628,
-13.57957996
-0.43175221,
26.51441071,
-26.71992889,
22.81529784,
10.21899629,
-13.07511739,
-42.22154377,
-18.60848371,
-3.94225274,
17.06693836,
-38.76115567,
-54.74419194,
-42.34930673,
-68.35862553,
-61.16710855,
-39.24163721,
13.10700968,
-16.83218086,
-48.15616866,
-59.13989341,
-64.49685487,
-25.22636330,
-20.16047634,
24.24113833,
-29.28393197,
-31.47267488,
-21.11352825,
-34.69587610
-37.04861739,
-17.88606671,
-73.46688956,
-1.33111147,
-18.41812386,
-62.15569347,
-1.82037152,
2.68235649,
-9.46785185,
-111.33411912,
-121.71690514,
-54.74994597,
-75.07322470,
-76.51405062,
-42.99233585,
-52.87605550,
-95.42803437,
-48.41634357,
26.19694333,
-86.06965342,
-79.87668414,
-148.46817035,
-65.42079245,
-4.24679323,
-45.57183201,
-63.24895926,
-85.12475979,
-63.79519595
-103.01231354,
-129.62675919,
-43.29349196,
7.74954441,
-65.51174258,
-97.35556885,
-81.11420621,
-40.69622678,
-68.77519404,
-56.31821220,
-64.02197289,
-103.29448730,
-100.16860850,
-92.86149209,
-40.61730616,
-86.09170190,
-65.79518121,
-54.88194034,
-106.00127739,
-126.89169146,
-62.66272816,
-61.16950583,
-138.62771415,
-27.00135888,
-104.16939732,
-72.63613447,
-61.03395825,
-76.37680263
-72.37255817,
-108.86077694,
-63.86345513,
-108.58623123,
-117.33848046,
-27.65824963,
-79.21181031,
-90.68359707,
-61.92772414,
-105.70212531,
-124.34484696,
-55.22352926,
-79.22256615,
-1.92882390,
-53.63810013,
-59.62760944,
-81.87226942,
-24.35489451,
71.56263484,
0.83991355,
18.62477938,
28.18370990,
65.51587916,
26.61622265,
-31.29999013,
-33.10804509,
76.45353814,
13.72523013
24.50508927,
3.40068242,
-57.52381825,
-12.86487651,
-63.58119779,
3.04672548,
42.25301833,
22.77086929,
12.90810814,
-18.66759349,
-3.90345742,
-30.71019649,
-74.93071121,
-51.35796519,
8.09292571,
-26.11608362,
52.00046470,
55.86623757,
1.14038249,
-36.84011151,
-57.47039081,
88.02607741,
28.83487205,
-51.03357960,
-32.07435701,
-39.84462520,
1.14129270,
35.59647852
51.06392479,
6.48978159,
4.92236566,
49.46845439,
2.28689383,
-51.01571579,
-63.86822064,
-70.19379618,
-13.54343599,
-36.44204050,
-29.62993495,
-56.35937862,
-33.60040539,
48.65530319,
-27.20974388,
-22.88628025,
-34.98208602,
15.64724234,
-76.32862115,
13.10564660,
27.91229685,
15.73088705,
43.30010916,
30.42363816,
51.56038143,
-54.52038218,
-63.18562079,
25.95079225
5.24971531,
-35.09133587,
66.50042048,
-11.04959011,
18.15002841,
61.36800298,
50.28439000,
10.78783110,
-5.23752447,
98.74189061,
40.92047647,
45.21082431,
-7.38320947,
-13.64697844,
3.02662747,
60.95329344,
73.37599488,
44.91059141,
12.24708023,
88.04578004,
41.20174355,
-51.22478432,
-10.47964199,
21.59687027,
-47.29351611,
3.06482982,
-50.33245149,
33.95398602
-61.18039622,
-58.21611171,
67.48851739,
23.73086434,
59.78909894,
25.73337438,
-45.01961766,
32.72052609,
89.86429823,
37.07384750,
-39.12454638,
-16.25766951,
24.17415700,
-15.48386904,
36.88815240,
25.86631545,
35.69197754,
63.31758576,
40.51952327,
70.31577832,
20.99405959,
42.39380988,
17.60112288,
30.35987956,
-33.97975780,
47.89797761,
81.10141270,
-29.53925587
-15.67483044,
-44.32568483,
14.66037111,
30.40870550,
35.67163039,
33.42705145,
-8.05391993,
51.57814400,
99.97913177,
103.88700081,
43.16797289,
-47.93545356,
-94.80489868,
-26.22933804,
13.11034240,
15.73514479,
31.60405708,
26.49039482,
20.88179802,
10.47907204,
18.87993724,
-1.95807425,
-3.65311125,
-65.87167404,
-9.32435478,
36.56429209,
-14.72798566,
18.96014581
13.80269385,
42.89799961,
-48.03678985,
-26.32023834,
-13.04503287,
41.78004348,
3.75340200,
21.84223365,
70.89922870,
10.98729802,
-8.21500142,
-33.25961288,
-36.70933058,
-20.70899656,
0.28705465,
-1.15340432,
33.40238535,
-53.58645272,
-99.64983335,
-9.45094898,
-3.82332511,
29.02124367,
9.82047826,
35.28325526,
35.66463546,
46.46054363,
34.08050806,
-41.20148806
-60.94932069,
-72.21899336,
8.74416825,
59.15435151,
14.45240206,
33.61368599,
-33.79121394,
7.45600245,
39.55986655,
42.92735466,
4.67817808,
82.14763805,
21.47931951,
86.67578923,
30.32539837,
2.67265976,
-59.41484322,
-40.15462126,
109.68922843,
39.44649982,
25.42999914,
-26.72029343,
4.06626707,
-58.54224412,
-39.98226922,
14.90623046,
-14.23820881,
-52.99221802
26.37273155,
53.54771534,
15.72937322,
31.53556842,
26.56755452,
107.56123495,
7.79042491,
16.62110920,
-37.82020651,
-4.10691469,
66.16478583,
16.93014108,
-72.38968730,
-8.60916838,
10.35153292,
-3.95229499,
45.01621176,
39.38323994,
-30.32220130,
-16.31866091,
-8.95688694,
95.77481680,
-12.75260476,
3.38993127,
29.01965598,
50.71034315,
42.48060367,
30.60298492
1.97926939,
-55.02931623,
44.34662498,
43.63349617,
-22.74216346,
8.31581630,
49.68913099,
135.05054587,
109.66680641,
24.41196152,
-35.05290623,
-61.10536861,
3.72849722,
60.82851594,
40.42741072,
11.91602431,
54.75896583,
74.54349379,
16.53019201,
62.58479053,
14.79301671,
-74.68278736,
-38.88465273,
98.66660893,
87.80866717,
19.65557699,
-31.06862920,
73.55480270
37.88340126,
13.91867647,
54.90553020,
70.43729235,
11.58732691,
95.20713342,
35.69716113,
-41.51932382,
-24.37127980,
-41.14708022,
-40.39944339,
32.07488258,
-10.04098811,
6.25612961,
7.96533104,
87.87780937,
30.76171061,
-66.45883342,
-20.87475280,
110.51314795,
66.28285665,
68.78170647,
-23.11076997,
-93.45574260,
-87.51206519,
-1.42265523,
59.98543464,
52.51768225
-15.81997287,
33.54332579,
81.71829006,
-75.51611602,
-19.72148332,
0.90353370,
2.37915818,
77.77952118,
143.99709893,
99.59585730,
-4.45573894,
56.85236546,
-14.65153261,
-38.54097552,
-39.45095252,
-102.08496139,
-106.20422565,
-18.26259549,
93.40564885,
37.64473556,
9.37786848,
107.69820440,
64.50784646,
5.54089217,
-15.82808965,
-41.83757680,
-39.26763787,
0.38336190
3.74281469,
25.28776546,
21.23092459,
20.02256594,
92.00945623,
124.49008438,
13.33739012,
-15.87119136,
59.13646719,
-45.04114724,
36.99055709,
32.64654719,
-42.60954147,
-30.04143529,
49.58680731,
46.65080916,
58.44883095,
58.79159641,
-1.73598016,
-29.54442597,
-14.45993097,
61.50840413,
-23.14848485,
27.86944571,
123.98115753,
28.47122565,
-6.53076999,
4.81281224
-44.01533841,
51.38295922,
25.18783198,
2.82167379,
86.51186271,
84.08442347,
35.73648769,
46.42133031,
-22.25899501,
-92.72018220,
-50.72765561,
16.62978497,
-0.51554650,
83.30128469,
64.05094929,
-81.86432848,
1.16671969,
27.23715780,
-45.39765541,
-25.85173462,
8.82436198,
41.09502866,
63.29000050,
57.41238781,
68.00174280,
-79.48606450,
-19.61471160,
6.38028624
-52.42841063,
-37.10812640,
-29.65118923,
-41.27144881,
90.65670094,
91.22139707,
8.71320828,
60.90384802,
-16.14887086,
33.71354236,
49.37368096,
17.97067687,
-147.05472287,
1.16500365,
56.59879607,
43.69443882,
43.59863503,
-68.35407176,
-43.55610603,
12.83175546,
1.05002790,
-64.15784999,
-16.69423672,
58.28680699,
-7.60493111,
-15.03565789,
-79.31003105,
65.12485938
-0.88087935,
60.54309738,
66.35402090,
-54.69709099,
7.24070108,
38.04519069,
3.71014591,
80.33980273,
2.60723598,
-18.75194324,
79.57987895,
30.80161667,
-24.26271701,
-9.61441272,
-66.66777713,
-10.86784006,
-6.53763241,
-4.96317609,
-21.58241791,
-9.12436369,
-77.38715924,
-42.41266358,
13.66192673,
-34.20541124,
-49.88257271,
38.52611148,
51.78999359,
-10.55651590
2.78683149,
-41.69354332,
-14.08528484,
-58.19285902,
-14.32772118,
45.90978100,
-60.98479667,
47.12128237,
71.55496016,
12.17561618,
57.81462155,
-33.80935046,
-79.83054168,
-4.02378208,
-49.65705742,
-23.92861500,
-59.16273008,
-45.99206083,
15.84186852,
69.78453658,
50.78655937,
9.39383530,
-40.34983459,
-98.49754298,
40.37358042,
28.13147286,
-47.06979933,
-33.01601889
14.40784711,
14.18869872,
-24.91883107,
22.76790624,
-26.83814886,
51.38539086,
1.27397861,
55.16458977,
90.30708393,
-47.02378074,
80.99650737,
34.74338705,
40.96140482,
122.92932357,
90.72451967,
62.26187018,
58.44122856,
3.87267909,
-91.05163067,
34.22196438,
51.12637769,
57.57088676,
-47.60079129,
-33.22860826,
19.37811961,
-45.49805397,
-88.77044872,
96.80357718
62.79913974,
14.37001740,
68.08884713,
49.88510924,
56.78502639,
14.86249052,
40.84855295,
-36.30505771,
49.07429613,
114.54147914,
121.83589841,
22.19818570,
-59.79577757,
13.56875187,
-20.63789613,
-17.13237363,
18.59791534,
-7.69106569,
5.34191372,
1.28312380,
-26.65848800,
-15.44258059,
-44.39648929,
-20.65893309,
-23.01989450,
18.36942754,
12.22488906,
-0.96929187
-22.34428002,
65.50364175,
133.13487005,
-16.80830102,
-45.36045904,
64.54774334,
90.14569615,
122.61285949,
16.19848453,
-16.80827472,
-45.68292681,
67.15035522,
45.82617885,
3.93627930,
-48.80484050,
-23.43851114,
55.88882437,
-16.75159139,
-57.38857940,
-57.81648000,
-45.52843445,
-27.22756081,
-34.83850408,
21.51046202,
25.46232364,
57.40430216,
45.37955562,
12.52406072
-41.58307040,
27.08241378,
58.70647089,
77.58975625,
55.91272609,
107.45828184,
71.37046912,
49.91558486,
102.94732981,
33.96928424,
15.09039567,
8.41419588,
-9.21876463,
-29.13796921,
15.31458273,
64.36169210,
-33.01786631,
-34.48105971,
0.46413030,
41.08732518,
8.09875528,
12.05387161,
50.21212492,
36.01446858,
55.17073013,
-56.08433279,
41.07807584,
6.67958322
-54.30522102,
42.58491642,
18.44456381,
33.32253554,
21.01546207,
43.34433295,
35.90959012,
29.13764304,
-6.43632495,
-22.52882017,
-33.51410561,
68.09472739,
35.77128416,
13.57739826,
-57.63997857,
76.99783643,
74.22753715,
37.05313994,
40.39264834,
-105.86636496,
-40.36621456,
2.51158730,
21.78485528,
-4.22035774,
9.56164935,
32.10725185,
45.22445377,
40.27671060
64.60238950,
75.67059561,
41.84433073,
-24.14332454,
86.23543139,
65.71021428,
21.39793694,
127.01169567,
55.30196801,
49.99385770,
-8.23498836,
3.10506535,
-38.17147100,
-38.53588402,
-9.32780781,
40.03600655,
-43.87114984,
-34.97174193,
15.83555134,
-4.82267786,
-39.23042089,
-18.95664789,
-37.02836164,
8.42618964,
54.66757103,
28.42526079,
54.68353829,
-14.84147810
7.73042462,
44.22224947,
31.43855567,
33.34529818,
26.49460886,
-31.36727566,
-67.64284398,
26.89370007,
-60.86219109,
-19.22938764,
46.00247593,
21.46632364,
17.65216480,
-19.63751205,
-121.59096128,
-73.48520293,
37.58617460,
59.43710554,
68.02142534,
-10.07974501,
3.63041903,
100.06709943,
-20.72479832,
-30.46549877,
23.81109811,
-39.63273941,
68.11268317,
68.57712097
