-2406489.27675269,
-420760.78002468,
-2436907.06209125,
-426362.79113615,
-2467612.70909076,
-432020.39699983,
-2498608.67475735,
-437733.50452842,
-1946884.90135741,
-416544.97499982,
-1511952.90446626,
146129.52700294,
-0.42212734,
-0.43562413,
-0.44949178,
-0.58348982,
-1652120.64205057,
-155734.97075497,
-1672034.66972420,
-157592.78048993,
-1692129.63327255,
-159466.10044232,
-1712404.90198490,
-161354.79480727,
-2113156.88418461,
-281.11152479,
-624901.74749117,
-326907.54293860,
-0.54407021,
-0.49161032,
-0.53992994,
-0.44252751,
-751164.43322399,
-284580.98608396,
-760293.18774403,
-287669.56261136,
-769506.10421860,
-290781.65766321,
-778801.96355063,
-293918.27874281,
417416.50923520,
756945.77553873,
721167.14601115,
78991.84476714,
-0.44892415,
-0.45085117,
-0.43007159,
-0.50047229,
-2053305.69643892,
-693728.76241237,
-2078032.25116736,
-701920.30005263,
-2102981.91030212,
-710183.17267941,
-2128155.16045653,
-718518.46411763,
-1603914.73299893,
-65900.10904274,
-1893853.34740884,
-796304.42718760,
-0.42179849,
-0.45976815,
-0.54647580,
-0.50079876,
-3531910.17143923,
-629226.39466609,
-3572472.55634418,
-636777.47894319,
-3613384.54271894,
-644396.64238538,
-3654649.12309385,
-652083.06523405,
-2834320.97145629,
-612329.93095026,
-2190971.80745511,
204787.08143231,
-0.54355875,
-0.54724127,
-0.43587615,
-0.50333829,
-2384280.74362216,
-223602.37149107,
-2410518.97933901,
-226020.96729609,
-2436972.98708240,
-228458.01014491,
-2463643.10928797,
-230912.54267222,
-3028690.69388663,
20872.81566652,
-873503.84172516,
-459965.26035426,
-0.49172273,
-0.46751751,
-0.41891738,
-0.47978851,
-1087479.27355307,
-396228.38108774,
-1099553.54560886,
-400166.99039873,
-1111731.01543202,
-404135.95364408,
-1124010.61401060,
-408132.41986474,
579141.34395082,
1085620.59731299,
1027467.92779769,
104648.79304120,
-0.44468256,
-0.44308342,
-0.45471002,
-0.44628773,
-2962050.36444575,
-993761.99441955,
-2994604.74446179,
-1004477.41101500,
-3027429.05873028,
-1015280.65256295,
-3060522.38287218,
-1026169.69066184,
-2307550.21151371,
-89161.27163603,
-2709902.65657384,
-1136552.63422030,
-0.47933404,
-0.59603433,
-0.34396372,
-0.46296883,
-5013136.73735673,
-906221.78337977,
-5065887.64434932,
-916126.11318406,
-5119051.46167681,
-926110.01970741,
-5172636.39695293,
-936174.87380182,
-3997808.09603680,
-870853.83514662,
-3079819.72325804,
279192.15988595,
-0.46117530,
-0.47693737,
-0.43240068,
-0.39242955,
-3337365.78651473,
-310905.13833268,
-3371142.35889559,
-313979.65997977,
-3405179.66758890,
-317080.70688519,
-3439474.60265590,
-320201.45481996,
-4214472.05014502,
52843.74913675,
-1193170.54213881,
-629335.20686970,
-0.55004262,
-0.46569755,
-0.44383388,
-0.48088631,
-1526997.71107923,
-537265.14530857,
-1542604.76318863,
-542195.54254348,
-1558329.65990673,
-547159.55419429,
-1574174.75750986,
-552156.35548202,
780695.78226859,
1510499.04956512,
1417059.76272610,
137972.11358160,
-0.48306645,
-0.40867145,
-0.44154326,
-0.56089850,
-4144278.88836299,
-1381788.50629073,
-4186165.96534893,
-1395499.57393699,
-4228369.83500048,
-1409310.25305313,
-4270893.73327345,
-1423226.81125803,
-3222671.50198031,
-119547.41052086,
-3767715.91059118,
-1575164.23132034,
-0.43872782,
-0.53569422,
-0.51826030,
-0.54829828,
-0.50107893,
-0.45219064,
-0.48164244,
-0.50281487,
-0.45895892,
-0.48012510,
-0.53110366,
-0.55548408,
-0.44833768,
-0.41575660,
-0.49373841,
-0.48001263,
-0.46482770,
-0.46875011,
-0.27094762,
-0.53540666,
-0.51726052,
-0.53087972,
-0.56648643,
-0.41306367,
-0.48900893,
-0.49056334,
-0.50400097,
-0.38129211,
-0.37218132,
-0.42191501,
-0.54621837,
-0.29995984,
-0.47427239,
-0.49912547,
-0.46212105,
-0.52242766,
-0.53930560,
-0.49717157,
-0.48852586,
-0.49854141,
-0.55094028,
-0.56971963,
-0.50428031,
-0.60610088,
-0.43941095,
-0.38212385,
-0.53318979,
-0.48555678,
-0.38626507,
-0.57757721,
-0.58768545,
-0.40915483,
-0.43226052,
-0.31466895,
-0.54292720,
-0.45158429,
-0.53076916,
-0.49542199,
-0.46562069,
-0.44710458,
-0.44016393,
-0.44969617,
-0.48984689,
-0.49176281,
-0.41211280,
-0.36667393,
-0.35941235,
-0.54584445,
