-4581.65,
-4715.42,
-4849.2,
-4982.97,
-5116.75,
-5250.52,
-5384.29,
-5518.07,
-5651.84,
-5785.62,
-5919.39,
-6053.17,
-6186.94,
-6320.72,
-6454.49,
-6588.27,
-6722.04,
-6855.82,
-6989.59,
-7123.37,
-7257.14,
-7390.92,
-7524.69,
-7658.47,
-7792.24,
-7926.01,
-8059.79,
-8193.56
-8327.34,
-8461.11,
-8594.89,
-8728.66,
-8862.44,
-8996.21,
-9129.99,
-9263.76,
-9397.54,
-9531.31,
-9665.09,
-9798.86,
-9932.64,
-10066.4,
-10200.2,
-10334,
-10467.7,
-10601.5,
-10735.3,
-10869.1,
-11002.8,
-11136.6,
-11270.4,
-11404.2,
-11537.9,
-11671.7,
-11805.5,
-11939.3
-12073,
-12206.8,
-12340.6,
-12474.4,
-12608.1,
-12741.9,
-12875.7,
-13009.5,
-13143.2,
-13277,
-13410.8,
-13544.6,
-13678.3,
-13812.1,
-13945.9,
-14079.7,
-14213.4,
-14347.2,
-14481,
-14614.8,
-14748.5,
-14882.3,
-15016.1,
-15149.8,
-15283.6,
-15417.4,
-15551.2,
-15684.9
-15818.7,
-15952.5,
-16086.3,
-16220,
-16353.8,
-16487.6,
-16621.4,
-16755.1,
-16888.9,
-17022.7,
-17156.5,
-17290.2,
-17424,
-17557.8,
-17691.6,
-17825.3,
-17959.1,
-18092.9,
-18226.7,
-18360.4,
-18494.2,
-18628,
-18761.8,
-18895.5,
-19029.3,
-19163.1,
-19296.9,
-19430.6
-19564.4,
-19698.2,
-19832,
-19965.7,
-20099.5,
-20233.3,
-20367.1,
-20500.8,
-20634.6,
-20768.4,
-20902.2,
-21035.9,
-21169.7,
-21303.5,
-21437.3,
-21571,
-21704.8,
-21838.6,
-21972.4,
-22106.1,
-22239.9,
-22373.7,
-22507.5,
-22641.2,
-22775,
-22908.8,
-23042.6,
-23176.3
-23310.1,
-23443.9,
-23577.7,
-23711.4,
-23845.2,
-23979,
-24112.8,
-24246.5,
-24380.3,
-24514.1,
-24647.9,
-24781.6,
-24915.4,
-25049.2,
-25183,
-25316.7,
-25450.5,
-25584.3,
-25718.1,
-25851.8,
-25985.6,
-26119.4,
-26253.2,
-26386.9,
-26520.7,
-26654.5,
-26788.3,
-26922
-27055.8,
-27189.6,
-27323.3,
-27457.1,
-27590.9,
-27724.7,
-27858.4,
-27992.2,
-28126,
-28259.8,
-28393.5,
-28527.3,
-28661.1,
-28794.9,
-28928.6,
-29062.4,
-29196.2,
-29330,
-29463.7,
-29597.5,
-29731.3,
-29865.1,
-29998.8,
-30132.6,
-30266.4,
-30400.2,
-30533.9,
-30667.7
-30801.5,
-30935.3,
-31069,
-31202.8,
-31336.6,
-31470.4,
-31604.1,
-31737.9,
-31871.7,
-32005.5,
-32139.2,
-32273,
-32406.8,
-32540.6,
-32674.3,
-32808.1,
-32941.9,
-33075.7,
-33209.4,
-33343.2,
-33477,
-33610.8,
-33744.5,
-33878.3,
-34012.1,
-34145.9,
-34279.6,
-34413.4
-34547.2,
-34681,
-34814.7,
-34948.5,
-35082.3,
-35216.1,
-35349.8,
-35483.6,
-35617.4,
-35751.2,
-35884.9,
-36018.7,
-36152.5,
-36286.3,
-36420,
-36553.8,
-36687.6,
-36821.4,
-36955.1,
-37088.9,
-37222.7,
-37356.5,
-37490.2,
-37624,
-37757.8,
-37891.6,
-38025.3,
-38159.1
-38292.9,
-38426.7,
-38560.4,
-38694.2,
-38828,
-38961.8,
-39095.5,
-39229.3,
-39363.1,
-39496.8,
-39630.6,
-39764.4,
-39898.2,
-40031.9,
-40165.7,
-40299.5,
-40433.3,
-40567,
-40700.8,
-40834.6,
-40968.4,
-41102.1,
-41235.9,
-41369.7,
-41503.5,
-41637.2,
-41771,
-41904.8
-42038.6,
-42172.3,
-42306.1,
-42439.9,
-42573.7,
-42707.4,
-42841.2,
-42975,
-43108.8,
-43242.5,
-43376.3,
-43510.1,
-43643.9,
-43777.6,
-43911.4,
-44045.2,
-44179,
-44312.7,
-44446.5,
-44580.3,
-44714.1,
-44847.8,
-44981.6,
-45115.4,
-45249.2,
-45382.9,
-45516.7,
-45650.5
-45784.3,
-45918,
-46051.8,
-46185.6,
-46319.4,
-46453.1,
-46586.9,
-46720.7,
-46854.5,
-46988.2,
-47122,
-47255.8,
-47389.6,
-47523.3,
-47657.1,
-47790.9,
-47924.7,
-48058.4,
-48192.2,
-48326,
-48459.8,
-48593.5,
-48727.3,
-48861.1,
-48994.9,
-49128.6,
-49262.4,
-49396.2
-49530,
-49663.7,
-49797.5,
-49931.3,
-50065.1,
-50198.8,
-50332.6,
-50466.4,
-50600.2,
-50733.9,
-50867.7,
-51001.5,
-51135.2,
-51269,
-51402.8,
-51536.6,
-51670.3,
-51804.1,
-51937.9,
-52071.7,
-52205.4,
-52339.2,
-52473,
-52606.8,
-52740.5,
-52874.3,
-53008.1,
-53141.9
-53275.6,
-53409.4,
-53543.2,
-53677,
-53810.7,
-53944.5,
-54078.3,
-54212.1,
-54345.8,
-54479.6,
-54613.4,
-54747.2,
-54880.9,
-55014.7,
-55148.5,
-55282.3,
-55416,
-55549.8,
-55683.6,
-55817.4,
-55951.1,
-56084.9,
-56218.7,
-56352.5,
-56486.2,
-56620,
-56753.8,
-56887.6
-57021.3,
-57155.1,
-57288.9,
-57422.7,
-57556.4,
-57690.2,
-57824,
-57957.8,
-58091.5,
-58225.3,
-58359.1,
-58492.9,
-58626.6,
-58760.4,
-58894.2,
-59028,
-59161.7,
-59295.5,
-59429.3,
-59563.1,
-59696.8,
-59830.6,
-59964.4,
-60098.2,
-60231.9,
-60365.7,
-60499.5,
-60633.3
-60767,
-60900.8,
-61034.6,
-61168.4,
-61302.1,
-61435.9,
-61569.7,
-61703.5,
-61837.2,
-61971,
-62104.8,
-62238.6,
-62372.3,
-62506.1,
-62639.9,
-62773.7,
-62907.4,
-63041.2,
-63175,
-63308.7,
-63442.5,
-63576.3,
-63710.1,
-63843.8,
-63977.6,
-64111.4,
-64245.2,
-64378.9
-64512.7,
-64646.5,
-64780.3,
-64914,
-65047.8,
-65181.6,
-65315.4,
-65449.1,
-65582.9,
-65716.7,
-65850.5,
-65984.2,
-66118,
-66251.8,
-66385.6,
-66519.3,
-66653.1,
-66786.9,
-66920.7,
-67054.4,
-67188.2,
-67322,
-67455.8,
-67589.5,
-67723.3,
-67857.1,
-67990.9,
-68124.6
-68258.4,
-68392.2,
-68526,
-68659.7,
-68793.5,
-68927.3,
-69061.1,
-69194.8,
-69328.6,
-69462.4,
-69596.2,
-69729.9,
-69863.7,
-69997.5,
-70131.3,
-70265,
-70398.8,
-70532.6,
-70666.4,
-70800.1,
-70933.9,
-71067.7,
-71201.5,
-71335.2,
-71469,
-71602.8,
-71736.6,
-71870.3
-72004.1,
-72137.9,
-72271.7,
-72405.4,
-72539.2,
-72673,
-72806.8,
-72940.5,
-73074.3,
-73208.1,
-73341.9,
-73475.6,
-73609.4,
-73743.2,
-73877,
-74010.7,
-74144.5,
-74278.3,
-74412.1,
-74545.8,
-74679.6,
-74813.4,
-74947.2,
-75080.9,
-75214.7,
-75348.5,
-75482.2,
-75616
-75749.8,
-75883.6,
-76017.3,
-76151.1,
-76284.9,
-76418.7,
-76552.4,
-76686.2,
-76820,
-76953.8,
-77087.5,
-77221.3,
-77355.1,
-77488.9,
-77622.6,
-77756.4,
-77890.2,
-78024,
-78157.7,
-78291.5,
-78425.3,
-78559.1,
-78692.8,
-78826.6,
-78960.4,
-79094.2,
-79227.9,
-79361.7
-79495.5,
-79629.3,
-79763,
-79896.8,
-80030.6,
-80164.4,
-80298.1,
-80431.9,
-80565.7,
-80699.5,
-80833.2,
-80967,
-81100.8,
-81234.6,
-81368.3,
-81502.1,
-81635.9,
-81769.7,
-81903.4,
-82037.2,
-82171,
-82304.8,
-82438.5,
-82572.3,
-82706.1,
-82839.9,
-82973.6,
-83107.4
-83241.2,
-83375,
-83508.7,
-83642.5,
-83776.3,
-83910.1,
-84043.8,
-84177.6,
-84311.4,
-84445.2,
-84578.9,
-84712.7,
-84846.5,
-84980.3,
-85114,
-85247.8,
-85381.6,
-85515.4,
-85649.1,
-85782.9,
-85916.7,
-86050.5,
-86184.2,
-86318,
-86451.8,
-86585.6,
-86719.3,
-86853.1
-86986.9,
-87120.7,
-87254.4,
-87388.2,
-87522,
-87655.7,
-87789.5,
-87923.3,
-88057.1,
-88190.8,
-88324.6,
-88458.4,
-88592.2,
-88725.9,
-88859.7,
-88993.5,
-89127.3,
-89261,
-89394.8,
-89528.6,
-89662.4,
-89796.1,
-89929.9,
-90063.7,
-90197.5,
-90331.2,
-90465,
-90598.8
-90732.6,
-90866.3,
-91000.1,
-91133.9,
-91267.7,
-91401.4,
-91535.2,
-91669,
-91802.8,
-91936.5,
-92070.3,
-92204.1,
-92337.9,
-92471.6,
-92605.4,
-92739.2,
-92873,
-93006.7,
-93140.5,
-93274.3,
-93408.1,
-93541.8,
-93675.6,
-93809.4,
-93943.2,
-94076.9,
-94210.7,
-94344.5
-94478.3,
-94612,
-94745.8,
-94879.6,
-95013.4,
-95147.1,
-95280.9,
-95414.7,
-95548.5,
-95682.2,
-95816,
-95949.8,
-96083.6,
-96217.3,
-96351.1,
-96484.9,
-96618.7,
-96752.4,
-96886.2,
-97020,
-97153.8,
-97287.5,
-97421.3,
-97555.1,
-97688.9,
-97822.6,
-97956.4,
-98090.2
-98224,
-98357.7,
-98491.5,
-98625.3,
-98759.1,
-98892.8,
-99026.6,
-99160.4,
-99294.1,
-99427.9,
-99561.7,
-99695.5,
-99829.2,
-99963,
-100097,
-100231,
-100364,
-100498,
-100632,
-100766,
-100899,
-101033,
-101167,
-101301,
-101435,
-101568,
-101702,
-101836
-101970,
-102103,
-102237,
-102371,
-102505,
-102639,
-102772,
-102906,
-103040,
-103174,
-103307,
-103441,
-103575,
-103709,
-103842,
-103976,
-104110,
-104244,
-104378,
-104511,
-104645,
-104779,
-104913,
-105046,
-105180,
-105314,
-105448,
-105582
-105715,
-105849,
-105983,
-106117,
-106250,
-106384,
-106518,
-106652,
-106786,
-106919,
-107053,
-107187,
-107321,
-107454,
-107588,
-107722,
-107856,
-107990,
-108123,
-108257,
-108391,
-108525,
-108658,
-108792,
-108926,
-109060,
-109193,
-109327
