0.31290237,
0.83276118,
0.31288163,
0.83276117,
0.31285997,
0.83276118,
0.31283791,
0.83276120,
0.31281506,
0.83276119,
0.31279212,
0.83276120,
0.31276915,
0.83276117,
0.31274570,
0.83276118,
0.31272176,
0.83276120,
0.31269807,
0.83276120,
0.31267372,
0.83276117,
0.31264888,
0.83276119,
0.31259209,
0.83276117,
0.31228620,
0.83276120,
0.31252144,
0.83276121,
0.31249521,
0.83276120,
0.31246862,
0.83276119,
0.31244170,
0.83276120,
0.31241440,
0.83276117,
0.31238673,
0.83276116,
0.31235880,
0.83276118,
0.31233087,
0.83276116,
0.31230232,
0.83276119,
0.31227335,
0.83276120,
0.83276118,
0.83276120,
0.83276119,
0.83276119,
0.83276120,
0.83276116,
0.83276119,
0.83276119,
0.31206393,
0.83276119,
0.31203309,
0.83276118,
0.31200161,
0.83276119,
0.31197007,
0.83276119,
0.31193807,
0.83276119,
0.31190550,
0.83276119,
0.31187327,
0.83276119,
0.31184046,
0.83276120,
0.31180697,
0.83276120,
0.31177346,
0.83276116,
0.31173997,
0.83276117,
0.31170601,
0.83276119,
0.31163691,
0.83276119,
0.31130957,
0.83276117,
0.31153103,
0.83276120,
0.31149544,
0.83276116,
0.31145871,
0.83276116,
0.31142266,
0.83276119,
0.31138609,
0.83276116,
0.31134898,
0.83276117,
0.31131164,
0.83276116,
0.31127424,
0.83276119,
0.31123628,
0.83276119,
0.31119814,
0.83276117,
0.83276121,
0.83276120,
0.83276119,
0.83276118,
0.83276119,
0.83276116,
0.83276120,
0.83276120,
0.31092262,
0.83276122,
0.31088209,
0.83276120,
0.31084094,
0.83276121,
0.31080004,
0.83276118,
0.31075897,
0.83276118,
0.31071702,
0.83276119,
0.31067460,
0.83276118,
0.31063273,
0.83276119,
0.31058999,
0.83276118,
0.31054727,
0.83276118,
0.31050390,
0.83276120,
0.31046056,
0.83276116,
0.31037948,
0.83276121,
0.31003080,
0.83276119,
0.31023849,
0.83276120,
0.31019347,
0.83276123,
0.31014770,
0.83276118,
0.31010194,
0.83276117,
0.31005617,
0.83276118,
0.31000944,
0.83276119,
0.30996254,
0.83276119,
0.30991572,
0.83276113,
0.30986840,
0.83276118,
0.30982078,
0.83276118,
0.83276119,
0.83276119,
0.83276118,
0.83276118,
0.83276119,
0.83276118,
0.83276117,
0.83276116,
0.30947940,
0.83276117,
0.30942938,
0.83276119,
0.30937924,
0.83276119,
0.30932830,
0.83276116,
0.30927761,
0.83276120,
0.30922658,
0.83276116,
0.30917493,
0.83276117,
0.30912343,
0.83276118,
0.30907154,
0.83276119,
0.30901896,
0.83276118,
0.30896646,
0.83276119,
0.30891346,
0.83276117,
0.30882063,
0.83276118,
0.30845006,
0.83276117,
0.30864484,
0.83276120,
0.30858978,
0.83276120,
0.30853510,
0.83276120,
0.30847958,
0.83276121,
0.30842432,
0.83276120,
0.30836821,
0.83276116,
0.30831230,
0.83276120,
0.30825597,
0.83276116,
0.30819894,
0.83276116,
0.30814209,
0.83276118,
0.83276118,
0.83276119,
0.83276118,
0.83276118,
0.83276118,
0.83276118,
0.83276120,
0.83276119,
0.30773477,
0.83276117,
0.30767542,
0.83276115,
0.30761563,
0.83276119,
0.30755585,
0.83276117,
0.30749566,
0.83276119,
0.30743495,
0.83276119,
0.30737387,
0.83276117,
0.30731287,
0.83276117,
0.30725149,
0.83276115,
0.30718981,
0.83276120,
0.30712786,
0.83276122,
0.30706580,
0.83276117,
0.30696088,
0.83276119,
0.30656872,
0.83276120,
0.30674967,
0.83276119,
0.30668571,
0.83276120,
0.30662126,
0.83276118,
0.30655645,
0.83276121,
0.30649156,
0.83276119,
0.30642637,
0.83276119,
0.30636059,
0.83276117,
0.30629500,
0.83276116,
0.30622883,
0.83276119,
0.30616263,
0.83276122,
0.83276117,
0.83276118,
0.83276119,
0.83276118,
0.83276117,
0.83276118,
0.83276118,
0.83276122,
0.30568960,
0.83276120,
0.30562090,
0.83276119,
0.30555192,
0.83276120,
0.30548230,
0.83276117,
0.30541275,
0.83276116,
0.30534282,
0.83276117,
0.30527242,
0.83276119,
0.30520200,
0.83276118,
0.30513130,
0.83276117,
0.30506039,
0.83276120,
0.30498890,
0.83276121,
0.30491713,
0.83276119,
0.30480042,
0.83276119,
0.30438699,
0.83276118,
0.30455440,
0.83276118,
0.30448100,
0.83276120,
0.30440727,
0.83276119,
0.30433310,
0.83276116,
0.30425902,
0.83276114,
0.30418474,
0.83276113,
0.30410963,
0.83276118,
0.30403423,
0.83276119,
0.30395900,
0.83276117,
0.30388330,
0.83276117,
0.83276119,
0.83276117,
0.83276120,
0.83276117,
0.83276117,
0.83276116,
0.83276119,
0.83276118,
0.30334450,
0.83276117,
0.30326636,
0.83276118,
0.30318806,
0.83276117,
0.30310954,
0.83276122,
0.30303032,
0.83276119,
0.30295152,
0.83276116,
0.30287181,
0.83276120,
0.30279168,
0.83276120,
0.30271161,
0.83276117,
0.30263108,
0.83276120,
0.30255035,
0.83276116,
0.30246948,
0.83276119,
0.30234090,
0.83276120,
0.30190595,
0.83276119,
0.30205984,
0.83276120,
0.30197722,
0.83276118,
0.30189404,
0.83276119,
0.30181094,
0.83276119,
0.30172701,
0.83276123,
0.30164338,
0.83276118,
0.30155913,
0.83276117,
0.30147468,
0.83276119,
0.30138952,
0.83276119,
0.30130455,
0.83276118,
0.83276118,
0.83276119,
0.83276118,
0.83276118,
0.83276119,
0.83276120,
0.83276119,
0.83276119,
0.30070055,
0.83276118,
0.30061340,
0.83276117,
0.30052558,
0.83276117,
0.30043753,
0.83276122,
0.30034912,
0.83276121,
0.30026052,
0.83276119,
0.30017183,
0.83276116,
0.30008246,
0.83276118,
0.29999295,
0.83276116,
0.29990336,
0.83276119,
0.29981323,
0.83276120,
0.29972269,
0.83276119,
0.29958256,
0.83276118,
0.29912662,
0.83276118,
0.29926681,
0.83276119,
0.29917478,
0.83276120,
0.29908239,
0.83276119,
0.29898977,
0.83276119,
0.29889677,
0.83276119,
0.29880335,
0.83276119,
0.29870998,
0.83276117,
0.29861613,
0.83276117,
0.29852217,
0.83276119,
0.29842736,
0.83276119,
0.83276119,
0.83276117,
0.83276118,
0.83276120,
0.83276120,
0.83276118,
0.83276119,
0.83276117,
0.29775890,
0.83276119,
0.29766199,
0.83276117,
0.29756487,
0.83276120,
0.29746756,
0.83276118,
0.29736997,
0.83276119,
0.29727186,
0.83276118,
0.29717377,
0.83276120,
0.29707565,
0.83276121,
0.29697685,
0.83276121,
0.29687750,
0.83276118,
0.29677836,
0.83276117,
0.29667871,
0.83276120,
0.29652637,
0.83276118,
0.29604925,
0.83276117,
0.29617634,
0.83276121,
0.29607494,
0.83276115,
0.29597341,
0.83276117,
0.29587127,
0.83276119,
0.29576904,
0.83276120,
0.29566655,
0.83276118,
0.29556380,
0.83276114,
0.29546069,
0.83276120,
0.29535723,
0.83276116,
0.29525381,
0.83276117,
0.83276116,
0.83276117,
0.83276120,
0.83276120,
0.83276121,
0.83276118,
0.83276117,
0.83276121,
0.29451957,
0.83276118,
0.29441360,
0.83276118,
0.29430744,
0.83276118,
0.29420083,
0.83276118,
0.29409416,
0.83276120,
0.29398703,
0.83276119,
0.29387942,
0.83276121,
0.29377167,
0.83276120,
0.29366379,
0.83276117,
0.29355549,
0.83276117,
0.29344683,
0.83276115,
0.29333809,
0.83276119,
0.29317410,
0.83276120,
0.29267550,
0.83276115,
0.29278924,
0.83276122,
0.29267861,
0.83276122,
0.29256782,
0.83276118,
0.29245631,
0.83276119,
0.29234529,
0.83276121,
0.29223349,
0.83276119,
0.29212125,
0.83276117,
0.29200905,
0.83276116,
0.29189629,
0.83276119,
0.29178351,
0.83276120,
0.83276120,
0.83276120,
0.83276119,
0.83276118,
0.83276118,
0.83276117,
0.83276116,
0.83276120,
0.83276117,
0.83276121,
0.83276118,
0.83276125,
0.83276122,
0.83276123,
0.83276120,
0.83276119,
0.83276121,
0.83276118,
0.83276120,
0.83276115,
0.83276118,
0.83276117,
0.83276120,
0.83276119,
0.83276117,
0.83276116,
0.83276121,
0.83276120,
0.83276117,
0.83276119,
0.83276117,
0.83276117,
0.83276120,
0.83276119,
0.83276120,
0.83276120,
0.83276117,
0.83276117,
0.83276119,
0.83276119,
0.83276117,
0.83276121,
0.83276116,
0.83276123,
0.83276120,
0.83276121,
0.83276118,
0.83276117,
0.83276117,
0.83276121,
0.83276121,
0.83276120,
0.83276118,
0.83276117,
0.83276122,
0.83276124,
0.83276117,
0.83276118,
0.83276118,
0.83276117,
0.83276121,
0.83276117,
0.83276117,
0.83276119,
0.83276118,
0.83276119,
0.83276118,
0.83276121,
0.83276120,
0.83276123,
0.83276118,
0.83276118,
0.83276118,
0.83276121,
0.83276117,
0.83276117,
0.83276120,
0.83276118,
0.83276119,
0.83276117,
0.83276120,
0.83276119,
0.83276121,
0.83276120,
0.83276119,
0.83276121,
0.83276117,
0.83276120,
0.83276116,
0.83276119,
0.83276115,
0.83276116,
0.83276119,
0.83276121,
0.83276119,
0.83276120,
0.83276119,
0.83276116,
0.83276120,
0.83276121,
0.83276120,
0.83276119,
0.83276118,
0.83276121,
0.83276118,
0.83276119,
0.83276117,
0.83276118,
0.83276121,
0.83276118,
0.83276118,
0.83276120,
0.83276120,
0.83276121,
0.83276118,
0.83276119,
0.83276121,
0.83276119,
0.83276118,
0.83276121,
0.83276119,
0.83276117,
0.83276116,
0.83276119,
0.83276121,
0.83276117,
0.83276119,
0.83276120,
0.83276117,
0.83276119,
0.83276118,
0.83276118,
0.83276116,
0.83276118,
0.83276117,
0.83276117,
0.83276116,
0.83276117,
0.83276118,
0.83276117,
0.83276119,
0.83276121,
0.83276120,
0.83276119,
0.83276116,
0.83276121,
0.83276119,
0.83276120,
0.83276118,
0.83276117,
0.83276120,
0.83276120,
0.83276117,
0.83276120,
0.83276120,
0.83276117,
0.83276118,
0.83276121,
0.83276120,
0.83276116,
0.83276120,
0.83276120,
0.83276119,
0.83276119,
0.83276120,
0.83276121,
0.83276117,
0.83276121,
0.83276122,
0.83276116,
0.83276119,
0.83276119,
0.83276123,
0.83276122,
0.83276119,
0.83276119,
0.83276118,
0.83276118,
0.83276119,
0.83276118,
0.83276116,
0.83276114,
0.83276118,
0.83276117,
0.83276120,
0.83276117,
0.83276116,
0.83276119,
0.83276117,
0.83276117,
0.83276119,
0.83276117,
0.83276118,
0.83276120,
0.83276120,
0.83276117,
0.83276118,
0.83276117,
0.83276119,
0.83276118,
0.83276121,
0.83276119,
0.83276120,
0.83276119,
0.83276119,
0.83276123,
0.83276117,
0.83276118,
0.83276118,
0.83276116,
0.83276121,
0.83276120,
0.83276121,
0.83276116,
0.83276120,
0.83276118,
0.83276120,
0.83276118,
0.83276118,
0.83276117,
0.83276120,
0.83276119,
0.83276119,
0.83276121,
0.83276119,
0.83276119,
0.83276119,
0.83276119,
0.83276118,
0.83276118,
0.83276117,
0.83276117,
