-1.24771839,
-0.32659505,
-1.24757564,
-0.32659510,
-1.24743218,
-0.32659510,
-1.24728897,
-0.32659510,
-1.24714604,
-0.32659511,
-1.24700315,
-0.32659509,
-1.24686014,
-0.32659510,
-1.24671668,
-0.32659509,
-1.24657363,
-0.32659510,
-1.24643065,
-0.32659509,
-1.24628763,
-0.32659511,
-1.24614461,
-0.32659509,
-1.24589718,
-0.32659512,
-1.24560409,
-0.32659510,
-1.24542993,
-0.32659507,
-1.24528683,
-0.32659508,
-1.24514408,
-0.32659510,
-1.24500109,
-0.32659513,
-1.24485853,
-0.32659511,
-1.24471581,
-0.32659510,
-1.24457264,
-0.32659508,
-1.24442985,
-0.32659510,
-1.24428729,
-0.32659510,
-1.24414442,
-0.32659512,
-0.32659506,
-0.32659508,
-0.32659509,
-0.32659508,
-0.32659508,
-0.32659512,
-0.32659508,
-0.32659509,
-1.24314544,
-0.32659509,
-1.24300288,
-0.32659508,
-1.24286048,
-0.32659512,
-1.24271790,
-0.32659512,
-1.24257507,
-0.32659509,
-1.24243213,
-0.32659509,
-1.24228979,
-0.32659509,
-1.24214757,
-0.32659514,
-1.24200491,
-0.32659510,
-1.24186253,
-0.32659509,
-1.24171999,
-0.32659510,
-1.24157755,
-0.32659507,
-1.24132736,
-0.32659510,
-1.24102752,
-0.32659515,
-1.24086556,
-0.32659509,
-1.24072297,
-0.32659511,
-1.24058053,
-0.32659508,
-1.24043838,
-0.32659505,
-1.24029575,
-0.32659510,
-1.24015345,
-0.32659509,
-1.24001151,
-0.32659507,
-1.23986904,
-0.32659510,
-1.23972678,
-0.32659507,
-1.23958461,
-0.32659509,
-0.32659509,
-0.32659511,
-0.32659512,
-0.32659509,
-0.32659508,
-0.32659507,
-0.32659511,
-0.32659506,
-1.23858948,
-0.32659510,
-1.23844725,
-0.32659514,
-1.23830481,
-0.32659508,
-1.23816292,
-0.32659510,
-1.23802108,
-0.32659504,
-1.23787918,
-0.32659510,
-1.23773696,
-0.32659510,
-1.23759483,
-0.32659511,
-1.23745291,
-0.32659504,
-1.23731090,
-0.32659511,
-1.23716906,
-0.32659509,
-1.23702720,
-0.32659509,
-1.23677443,
-0.32659509,
-1.23646737,
-0.32659514,
-1.23631765,
-0.32659509,
-1.23617583,
-0.32659511,
-1.23603387,
-0.32659505,
-1.23589222,
-0.32659509,
-1.23575046,
-0.32659510,
-1.23560816,
-0.32659510,
-1.23546674,
-0.32659510,
-1.23532495,
-0.32659511,
-1.23518315,
-0.32659509,
-1.23504149,
-0.32659508,
-0.32659511,
-0.32659509,
-0.32659511,
-0.32659509,
-0.32659510,
-0.32659509,
-0.32659511,
-0.32659513,
-1.23404988,
-0.32659512,
-1.23390831,
-0.32659506,
-1.23376700,
-0.32659508,
-1.23362515,
-0.32659507,
-1.23348376,
-0.32659511,
-1.23334225,
-0.32659509,
-1.23320039,
-0.32659510,
-1.23305886,
-0.32659502,
-1.23291787,
-0.32659512,
-1.23277631,
-0.32659508,
-1.23263463,
-0.32659511,
-1.23249313,
-0.32659511,
-1.23223801,
-0.32659509,
-1.23192388,
-0.32659505,
-1.23178622,
-0.32659507,
-1.23164493,
-0.32659510,
-1.23150399,
-0.32659516,
-1.23136206,
-0.32659505,
-1.23122120,
-0.32659510,
-1.23108010,
-0.32659510,
-1.23093850,
-0.32659510,
-1.23079731,
-0.32659512,
-1.23065605,
-0.32659514,
-1.23051504,
-0.32659508,
-0.32659509,
-0.32659508,
-0.32659512,
-0.32659507,
-0.32659512,
-0.32659511,
-0.32659510,
-0.32659512,
-1.22952677,
-0.32659511,
-1.22938585,
-0.32659511,
-1.22924445,
-0.32659510,
-1.22910354,
-0.32659515,
-1.22896266,
-0.32659510,
-1.22882170,
-0.32659502,
-1.22868082,
-0.32659505,
-1.22853994,
-0.32659510,
-1.22839875,
-0.32659508,
-1.22825768,
-0.32659507,
-1.22811663,
-0.32659510,
-1.22797599,
-0.32659511,
-1.22771828,
-0.32659511,
-1.22739701,
-0.32659512,
-1.22727138,
-0.32659503,
-1.22713048,
-0.32659514,
-1.22698977,
-0.32659508,
-1.22684918,
-0.32659508,
-1.22670839,
-0.32659511,
-1.22656737,
-0.32659512,
-1.22642638,
-0.32659515,
-1.22628614,
-0.32659514,
-1.22614539,
-0.32659512,
-1.22600415,
-0.32659508,
-0.32659509,
-0.32659508,
-0.32659509,
-0.32659508,
-0.32659511,
-0.32659510,
-0.32659506,
-0.32659513,
-1.22501986,
-0.32659514,
-1.22487923,
-0.32659513,
-1.22473891,
-0.32659510,
-1.22459828,
-0.32659510,
-1.22445772,
-0.32659509,
-1.22431666,
-0.32659510,
-1.22417632,
-0.32659507,
-1.22403625,
-0.32659510,
-1.22389546,
-0.32659510,
-1.22375496,
-0.32659509,
-1.22361464,
-0.32659509,
-1.22347444,
-0.32659510,
-1.22321385,
-0.32659513,
-1.22288555,
-0.32659511,
-1.22277225,
-0.32659508,
-1.22263210,
-0.32659511,
-1.22249138,
-0.32659510,
-1.22235122,
-0.32659514,
-1.22221106,
-0.32659506,
-1.22207071,
-0.32659506,
-1.22193037,
-0.32659508,
-1.22178989,
-0.32659511,
-1.22164977,
-0.32659514,
-1.22150983,
-0.32659509,
-0.32659511,
-0.32659509,
-0.32659509,
-0.32659509,
-0.32659510,
-0.32659506,
-0.32659512,
-0.32659515,
-1.22052890,
-0.32659507,
-1.22038853,
-0.32659506,
-1.22024850,
-0.32659508,
-1.22010833,
-0.32659506,
-1.21996814,
-0.32659514,
-1.21982831,
-0.32659514,
-1.21968806,
-0.32659511,
-1.21954810,
-0.32659510,
-1.21940825,
-0.32659512,
-1.21926817,
-0.32659512,
-1.21912813,
-0.32659505,
-1.21898831,
-0.32659509,
-1.21872537,
-0.32659509,
-1.21839056,
-0.32659508,
-1.21828907,
-0.32659509,
-1.21814865,
-0.32659507,
-1.21800914,
-0.32659509,
-1.21786918,
-0.32659510,
-1.21772921,
-0.32659506,
-1.21758957,
-0.32659511,
-1.21744977,
-0.32659514,
-1.21731031,
-0.32659509,
-1.21717033,
-0.32659507,
-1.21703049,
-0.32659509,
-0.32659510,
-0.32659512,
-0.32659512,
-0.32659505,
-0.32659508,
-0.32659511,
-0.32659514,
-0.32659510,
-1.21605244,
-0.32659506,
-1.21591320,
-0.32659510,
-1.21577334,
-0.32659510,
-1.21563379,
-0.32659507,
-1.21549427,
-0.32659509,
-1.21535494,
-0.32659513,
-1.21521545,
-0.32659511,
-1.21507565,
-0.32659510,
-1.21493601,
-0.32659510,
-1.21479685,
-0.32659505,
-1.21465719,
-0.32659509,
-1.21451774,
-0.32659511,
-1.21425249,
-0.32659510,
-1.21390998,
-0.32659512,
-1.21382027,
-0.32659509,
-1.21368115,
-0.32659507,
-1.21354180,
-0.32659513,
-1.21340243,
-0.32659509,
-1.21326333,
-0.32659509,
-1.21312376,
-0.32659504,
-1.21298465,
-0.32659513,
-1.21284485,
-0.32659508,
-1.21270577,
-0.32659509,
-1.21256641,
-0.32659512,
-0.32659508,
-0.32659506,
-0.32659507,
-0.32659511,
-0.32659512,
-0.32659511,
-0.32659510,
-0.32659512,
-1.21159215,
-0.32659510,
-1.21145318,
-0.32659507,
-1.21131411,
-0.32659507,
-1.21117482,
-0.32659509,
-1.21103567,
-0.32659509,
-1.21089649,
-0.32659509,
-1.21075743,
-0.32659506,
-1.21061868,
-0.32659506,
-1.21047966,
-0.32659509,
-1.21034024,
-0.32659508,
-1.21020108,
-0.32659513,
-1.21006189,
-0.32659509,
-1.20979401,
-0.32659510,
-1.20944513,
-0.32659506,
-1.20936751,
-0.32659512,
-1.20922855,
-0.32659509,
-1.20908968,
-0.32659509,
-1.20895055,
-0.32659507,
-1.20881191,
-0.32659511,
-1.20867298,
-0.32659509,
-1.20853418,
-0.32659506,
-1.20839545,
-0.32659511,
-1.20825706,
-0.32659511,
-1.20811755,
-0.32659505,
-0.32659510,
-0.32659511,
-0.32659509,
-0.32659509,
-0.32659509,
-0.32659508,
-0.32659511,
-0.32659511,
-1.20714660,
-0.32659511,
-1.20700773,
-0.32659511,
-1.20686897,
-0.32659510,
-1.20673059,
-0.32659512,
-1.20659185,
-0.32659505,
-1.20645310,
-0.32659507,
-1.20631427,
-0.32659510,
-1.20617572,
-0.32659509,
-1.20603737,
-0.32659513,
-1.20589865,
-0.32659506,
-1.20576053,
-0.32659509,
-1.20562181,
-0.32659511,
-1.20535096,
-0.32659511,
-1.20499469,
-0.32659510,
-1.20492914,
-0.32659511,
-1.20479072,
-0.32659508,
-1.20465238,
-0.32659507,
-1.20451377,
-0.32659510,
-1.20437530,
-0.32659508,
-1.20423699,
-0.32659509,
-1.20409861,
-0.32659513,
-1.20396021,
-0.32659507,
-1.20382163,
-0.32659509,
-1.20368378,
-0.32659508,
-0.32659507,
-0.32659511,
-0.32659509,
-0.32659510,
-0.32659507,
-0.32659509,
-0.32659510,
-0.32659510,
-0.32659511,
-0.32659513,
-0.32659509,
-0.32659507,
-0.32659509,
-0.32659512,
-0.32659506,
-0.32659510,
-0.32659508,
-0.32659505,
-0.32659511,
-0.32659510,
-0.32659511,
-0.32659511,
-0.32659513,
-0.32659510,
-0.32659507,
-0.32659513,
-0.32659512,
-0.32659511,
-0.32659511,
-0.32659507,
-0.32659507,
-0.32659511,
-0.32659508,
-0.32659508,
-0.32659512,
-0.32659510,
-0.32659507,
-0.32659508,
-0.32659513,
-0.32659509,
-0.32659509,
-0.32659508,
-0.32659506,
-0.32659510,
-0.32659508,
-0.32659506,
-0.32659513,
-0.32659508,
-0.32659509,
-0.32659509,
-0.32659509,
-0.32659509,
-0.32659506,
-0.32659511,
-0.32659509,
-0.32659510,
-0.32659513,
-0.32659505,
-0.32659509,
-0.32659509,
-0.32659512,
-0.32659506,
-0.32659509,
-0.32659506,
-0.32659512,
-0.32659507,
-0.32659510,
-0.32659512,
-0.32659509,
-0.32659511,
-0.32659509,
-0.32659511,
-0.32659508,
-0.32659508,
-0.32659511,
-0.32659507,
-0.32659511,
-0.32659507,
-0.32659510,
-0.32659508,
-0.32659509,
-0.32659515,
-0.32659508,
-0.32659507,
-0.32659509,
-0.32659506,
-0.32659509,
-0.32659506,
-0.32659511,
-0.32659509,
-0.32659512,
-0.32659509,
-0.32659514,
-0.32659509,
-0.32659509,
-0.32659512,
-0.32659511,
-0.32659508,
-0.32659508,
-0.32659510,
-0.32659510,
-0.32659508,
-0.32659506,
-0.32659513,
-0.32659508,
-0.32659507,
-0.32659509,
-0.32659511,
-0.32659512,
-0.32659511,
-0.32659510,
-0.32659510,
-0.32659508,
-0.32659510,
-0.32659507,
-0.32659508,
-0.32659513,
-0.32659507,
-0.32659509,
-0.32659506,
-0.32659508,
-0.32659509,
-0.32659510,
-0.32659510,
-0.32659511,
-0.32659510,
-0.32659510,
-0.32659505,
-0.32659513,
-0.32659513,
-0.32659510,
-0.32659510,
-0.32659510,
-0.32659511,
-0.32659509,
-0.32659509,
-0.32659505,
-0.32659507,
-0.32659509,
-0.32659512,
-0.32659509,
-0.32659510,
-0.32659513,
-0.32659505,
-0.32659512,
-0.32659510,
-0.32659508,
-0.32659509,
-0.32659507,
-0.32659510,
-0.32659509,
-0.32659509,
-0.32659510,
-0.32659505,
-0.32659510,
-0.32659512,
-0.32659509,
-0.32659509,
-0.32659510,
-0.32659508,
-0.32659511,
-0.32659509,
-0.32659509,
-0.32659509,
-0.32659509,
-0.32659511,
-0.32659514,
-0.32659508,
-0.32659508,
-0.32659509,
-0.32659507,
-0.32659510,
-0.32659509,
-0.32659506,
-0.32659508,
-0.32659509,
-0.32659506,
-0.32659510,
-0.32659507,
-0.32659508,
-0.32659511,
-0.32659502,
-0.32659510,
-0.32659510,
-0.32659504,
-0.32659511,
-0.32659507,
-0.32659507,
-0.32659506,
-0.32659508,
-0.32659508,
-0.32659508,
-0.32659510,
-0.32659511,
-0.32659505,
-0.32659508,
-0.32659506,
-0.32659508,
-0.32659511,
-0.32659505,
-0.32659514,
-0.32659511,
-0.32659514,
-0.32659509,
-0.32659506,
-0.32659508,
-0.32659511,
-0.32659508,
-0.32659506,
-0.32659508,
-0.32659514,
-0.32659509,
-0.32659508,
-0.32659508,
-0.32659509,
-0.32659509,
-0.32659504,
-0.32659512,
-0.32659510,
-0.32659512,
-0.32659507,
-0.32659512,
-0.32659510,
-0.32659517,
-0.32659510,
-0.32659512,
-0.32659512,
-0.32659508,
-0.32659509,
-0.32659505,
-0.32659509,
-0.32659507,
