-1708441.16239699,
-1720042.96502996,
-1731698.19821905,
-1743417.86671524,
-1755194.11151136,
-1767032.73854380,
-1778933.15789976,
-1790889.73072455,
-1802906.79508346,
-1814985.03475362,
-1827121.05794884,
-1839320.70755942,
-1851580.71401939,
-1863900.97007881,
-1876283.37471882,
-1888726.81542062,
-1901232.50197351,
-1913802.98721909,
-1926430.86502989,
-1939125.14147437,
-1951879.34260685,
-1964700.12138464,
-1977579.36929576,
-1990523.26130369,
-2003528.42272558,
-2016603.04070598,
-2029735.59552573,
-2042935.85040511,
-49594.58466618,
-49599.88075828,
-49598.26475600,
-49598.60478881
-2109899.43725244,
-2123491.17653430,
-2137140.53889557,
-2150862.50062294,
-2164643.90741990,
-2178495.56740881,
-2192412.13421335,
-2206399.16074002,
-2220448.39137890,
-2234565.09852697,
-2248750.89462896,
-2263001.56553099,
-2277320.77253000,
-2291704.60857461,
-2306166.45833593,
-2320692.94663351,
-2335281.66768435,
-2349943.91631108,
-2364672.29473899,
-2379471.64568560,
-2394340.21215126,
-2409278.42533056,
-2424286.94130114,
-2439364.32401088,
-2454512.37851323,
-2469733.21121600,
-2485024.38485166,
-2500384.61403269,
-49603.75999320,
-49600.79751675,
-49599.42397148,
-49598.64690144
-2578249.07901601,
-2594042.14507656,
-2609902.96513514,
-2625837.82259681,
-2641847.26225895,
-2657926.75174830,
-2674082.16777392,
-2690309.01825972,
-2706611.80754077,
-2722984.41513980,
-2739433.92660796,
-2755955.65061167,
-2772556.51360420,
-2789228.33861119,
-2805974.20197066,
-2822801.88270453,
-2839703.52338870,
-2856677.39890000,
-2873726.65974318,
-2890852.03162464,
-2908055.09768739,
-2925335.86554310,
-2942694.70620279,
-2960127.74729200,
-2977635.98539202,
-2995229.55834729,
-3012894.59499099,
-3030639.73342184,
-49600.45114079,
-49600.47786707,
-49597.29680062,
-49599.94738750
-3120540.03789367,
-3138759.60906233,
-3157055.14704101,
-3175432.18382438,
-3193890.55019944,
-3212424.01566399,
-3231045.67758523,
-3249745.22987041,
-3268523.45872507,
-3287387.21787054,
-3306329.89084964,
-3325350.65687161,
-3344457.41258266,
-3363650.18263688,
-3382919.25616710,
-3402272.81800878,
-3421709.89864095,
-3441231.57285624,
-3460832.75825155,
-3480516.32034493,
-3500292.26396273,
-3520144.49363702,
-3540083.80043731,
-3560112.15664473,
-3580218.13889996,
-3600407.64659413,
-3620688.84724951,
-3641055.28597378,
-49600.88423521,
-49600.66884385,
-49603.21279511,
-49602.36300580
-3744164.75546598,
-3765044.51437185,
-3786020.46996426,
-3807072.61729395,
-3828218.98257582,
-3849450.08197200,
-3870774.99471001,
-3892184.69555932,
-3913680.08051272,
-3935266.18651755,
-3956943.29540542,
-3978708.99252608,
-4000563.83483738,
-4022511.55149597,
-4044544.75568932,
-4066673.40253706,
-4088891.24200938,
-4111193.78070384,
-4133590.58966787,
-4156082.12412001,
-4178665.80928150,
-4201339.48834074,
-4224099.45663396,
-4246954.54769644,
-4269908.72765865,
-4292952.06238601,
-4316090.67731937,
-4339318.30758855,
-49597.80729362,
-49600.06564305,
-49597.75637032,
-49601.00940181
-4456874.78291294,
-4480669.92897939,
-4504562.11861886,
-4528549.86475821,
-4552628.19685274,
-4576806.02905420,
-4601074.58199997,
-4625445.39683499,
-4649916.87922039,
-4674476.04699620,
-4699138.33284341,
-4723895.45925192,
-4748754.21578512,
-4773706.49025551,
-4798758.54988484,
-4823909.09378143,
-4849156.85383458,
-4874504.32248179,
-4899954.29936988,
-4925498.83758357,
-4951145.15948293,
-4976893.93844276,
-5002738.80345217,
-5028684.81543265,
-5054731.37638801,
-5080880.07690869,
-5107134.88852622,
-5133487.76584970,
-49598.98207858,
-49596.05535899,
-49599.51335999,
-49598.42049057
-5266777.87921505,
-5293746.67993604,
-5320813.15314056,
-5347987.11128887,
-5375262.70729680,
-5402647.77263989,
-5430132.88810877,
-5457724.15836701,
-5485420.71048419,
-5513222.18331163,
-5541127.00477406,
-5569140.42614158,
-5597258.24838169,
-5625482.14303731,
-5653812.07512089,
-5682253.45478595,
-5710802.52921809,
-5739449.58290000,
-5768212.21401188,
-5797086.65496003,
-5826062.72126781,
-5855146.13253175,
-5884341.75182276,
-5913644.83242249,
-5943056.92175728,
-5972580.09013631,
-6002211.00287634,
-6031956.55557876,
-49600.52716327,
-49600.69598808,
-49599.18173249,
-49600.79249172
-6182317.44862058,
-6212728.88271514,
-6243247.83800009,
-6273884.39598260,
-6304629.41567651,
-6335482.93615355,
-6366454.14101292,
-6397542.71431004,
-6428738.48497243,
-6460050.97630259,
-6491479.17469399,
-6523015.93099889,
-6554672.70804718,
-6586442.58714177,
-6618327.97622756,
-6650329.70393325,
-6682446.53896950,
-6714684.29276559,
-6747029.90625948,
-6779498.78929727,
-6812085.29717816,
-6844785.98219014,
-6877606.64999632,
-6910542.65475653,
-6943596.74975064,
-6976769.23765224,
-7010063.30298041,
-7043474.60480598,
-49599.84683209,
-49600.56403586,
-49598.19801342,
-49598.34960651
-7212322.54796239,
-7246452.18152042,
-7280705.35395053,
-7315079.18728252,
-7349572.62174644,
-7384191.38022643,
-7418925.07048724,
-7453787.48156833,
-7488772.01024275,
-7523878.21385459,
-7559106.67875113,
-7594459.67160381,
-7629938.48840226,
-7665533.56417921,
-7701265.41067635,
-7737114.59250973,
-7773089.69978581,
-7809192.90605761,
-7845417.30895075,
-7881775.46559252,
-7918255.22733130,
-7954855.78262956,
-7991590.10889162,
-8028446.92182357,
-8065431.38479104,
-8102543.99635285,
-8139785.45303789,
-8177159.08636730,
-49598.61763374,
-49596.03927571,
-49600.20578199,
-49598.99259290
-8365943.55344073,
-8404084.47482846,
-8442359.41224963,
-8480765.53561345,
-8519304.30186381,
-8557969.59104523,
-8596770.66360990,
-8635701.26489315,
-8674767.44412714,
-8713963.35801793,
-8753290.10908244,
-8792750.82145634,
-8832346.13651303,
-8872076.64939902,
-8911935.25964675,
-8951934.04066992,
-8992063.54043737,
-9032333.65209898,
-9072732.38993959,
-9113266.64854474,
-9153941.70726591,
-9194748.49814796,
-9235687.73184328,
-9276768.98232471,
-9317990.58894459,
-9359341.55750970,
-9400834.10970205,
-9442459.09993322,
-49600.09826445,
-49598.28061151,
-49598.10231377,
-49602.30584276
-9652688.35600938,
-9695149.02283756,
-9737750.98453067,
-9780493.96846852,
-9823380.30133337,
-9866407.42969115,
-9909578.20304466,
-9952876.00229902,
-9996325.47303559,
-10039916.10005137,
-10083649.63729540,
-10127527.95299061,
-10171544.66273945,
-10215706.79072247,
-10260014.51112460,
-10304465.91533504,
-10349055.99789124,
-10393793.10126400,
-10438677.08090818,
-10483707.88715371,
-10528880.38590136,
-10574201.35941557,
-10619670.13639510,
-10665282.55065262,
-10711041.62391902,
-10756947.25325300,
-10803003.58767573,
-10849202.16026651,
-49598.86258587,
-49600.64390999,
-49595.96008292,
-49602.77929393
-11082434.25884918,
-11129530.05156492,
-11176773.16448870,
-11224169.69585524,
-11271718.12800471,
-11319407.17990678,
-11367255.53828277,
-11415256.19728190,
-11463405.97226312,
-11511708.17716979,
-11560162.72808338,
-11608773.42311408,
-11657532.81776682,
-11706446.77878654,
-11755515.90194677,
-11804735.74099429,
-11854111.33816409,
-11903646.64824345,
-11953327.66654328,
-12003164.59484760,
-12053169.28971971,
-12103325.65507105,
-12153634.84958237,
-12204102.20325970,
-12254725.03865602,
-12305507.79086752,
-12356442.48277764,
-12407542.24083042,
-49597.14563481,
-49602.43097411,
-49599.36283446,
-49601.46865978
-12665398.19319734,
-12717456.39935250,
-12769663.00203381,
-12822035.65249214,
-12874570.82236463,
-12927263.27862442,
-12980116.29852871,
-13033138.43589340,
-13086314.89467383,
-13139656.19739669,
-13193164.21449775,
-13246834.91014966,
-13300663.25670188,
-13354658.71699303,
-13408820.74204358,
-13463140.52017821,
-13517633.90080767,
-13572285.67489501,
-13627102.69065235,
-13682093.78223133,
-13737246.18725459,
-13792564.62969140,
-13848043.38690818,
-13903702.79110863,
-13959516.26533468,
-14015508.58395102,
-14071664.05362611,
-14127990.12997401,
-49601.38537899,
-49601.28662901,
-49598.56148941,
-49600.28847032
-14412161.90386734,
-14469503.75988038,
-14527016.58866026,
-14584705.58029763,
-14642559.38808019,
-14700597.69421273,
-14758796.20492503,
-14817168.68416025,
-14875714.96574400,
-14934431.89416098,
-14993329.94260504,
-15052395.34243834,
-15111645.49605434,
-15171058.11139590,
-15230650.62980539,
-15290417.21200032,
-15350360.64917011,
-15410483.26343844,
-15470782.93103720,
-15531248.88157339,
-15591900.48112126,
-15652729.27700160,
-15713729.02171524,
-15774909.31722942,
-15836270.48755697,
-15897812.77615102,
-15959530.30124689,
-16021432.67870508,
-49598.99558530,
-49601.60186924,
-49597.67564223,
-49598.37727021
-16333630.34427645,
-16396620.33777160,
-16459781.74918591,
-16523128.60828508,
-16586661.58276421,
-16650373.28097134,
-16714272.10969539,
-16778348.37339102,
-16842616.13053605,
-16907068.14074337,
-16971696.89123698,
-17036518.84135703,
-17101518.26878986,
-17166715.20024008,
-17232088.83066691,
-17297659.35612869,
-17363398.02495112,
-17429337.10817511,
-17495466.93516321,
-17561776.85197959,
-17628271.43664374,
-17694966.86998193,
-17761845.47516545,
-17828914.73409713,
-17896172.62128524,
-17963613.03340661,
-18031255.21248690,
-18099081.39955245,
-49597.57706641,
-49601.03510650,
-49598.99306553,
-49598.01286149
-18441106.67260128,
-18510084.19227759,
-18579261.78212342,
-18648632.32309287,
-18718193.17768504,
-18787944.92451848,
-18857902.39547559,
-18928045.32403275,
-18998389.26022788,
-19068929.65970927,
-19139658.35333738,
-19210594.07798098,
-19281717.65837149,
-19353046.28398017,
-19424565.05108454,
-19496291.65116855,
-19568210.06993428,
-19640329.96686344,
-19712639.88972560,
-19785165.09115740,
-19857873.05324708,
-19930793.39952707,
-20003913.44771666,
-20077231.24077164,
-20150752.76663622,
-20224474.72377600,
-20298399.00540384,
-20372524.35483481,
-49599.58404762,
-49600.71877898,
-49600.93472936,
-49597.98136595
-20746200.23276012,
-20821548.86813509,
-20897098.42190265,
-20972856.40915118,
-21048823.63844739,
-21124990.33671205,
-21201374.50471428,
-21277956.35434734,
-21354751.18826642,
-21431755.10714380,
-21508956.47296279,
-21586370.68391191,
-21663995.34064306,
-21741824.98551058,
-21819870.27157796,
-21898123.27249993,
-21976585.88938226,
-22055258.41756851,
-22134147.13343908,
-22213242.48851830,
-22292552.98580181,
-22372071.55240021,
-22451799.68275478,
-22531754.01951807,
-22611912.57926421,
-22692279.03833295,
-22772868.07168062,
-22853671.60492520,
-49597.78080316,
-49598.91186817,
-49600.53819590,
-49598.62339373
-23260904.78944337,
-23343009.48587856,
-23425317.61487676,
-23507845.67953825,
-23590602.99192500,
-23673568.40564340,
-23756750.66483866,
-23840159.95805773,
-23923779.61677664,
-24007618.61971256,
-24091686.67084682,
-24175958.30200480,
-24260465.19269271,
-24345194.10669991,
-24430137.82891574,
-24515306.41570660,
-24600708.88334732,
-24686322.01064874,
-24772157.13998555,
-24858217.97211395,
-24944510.23798478,
-25031009.39052518,
-25117756.48431039,
-25204708.31221119,
-25291897.98854614,
-25379309.79052963,
-25466949.65783498,
-25554812.92668258,
-49603.72295996,
-49598.86744186,
-49600.90102803,
-49600.94763569
-25997558.55027861,
-26086792.37829033,
-26176258.13965095,
-26265944.14558716,
-26355873.89495777,
-26446027.23300893,
-26536409.32039127,
-26627025.12434617,
-26717886.88696152,
-26808955.40022869,
-26900277.49309275,
-26991820.76803837,
-27083595.49486221,
-27175619.89684817,
-27267871.27493419,
-27360351.80072936,
-27453066.02082588,
-27546012.31429293,
-27639205.09163434,
-27732628.27131060,
-27826291.40389701,
-27920188.43593837,
-28014321.45088569,
-28108690.55275668,
-28203314.72680349,
-28298166.73390524,
-28393258.17871436,
-28488588.24322771,
-49602.39033622,
-49598.76399185,
-49598.13757340,
-49601.19642491
-28968855.95765498,
-29065618.56633831,
-29162647.63140808,
-29259897.70890809,
-29357400.08949923,
-29455149.54736412,
-29553137.14360066,
-29651358.92571840,
-29749852.60059742,
-29848574.85466782,
-29947544.66914950,
-30046764.87673718,
-30146221.12572390,
-30245933.07672934,
-30345884.94077849,
-30446085.44388179,
-30546538.52843240,
-30647239.93642151,
-30748186.33416130,
-30849381.04528940,
-30950830.01649710,
-31052524.16985008,
-31154473.62507059,
-31256678.59826383,
-31359122.65751686,
-31461824.39679901,
-31564776.88470814,
-31667982.24802243,
-49598.79564840,
-49599.44957445,
-49602.18837492,
-49602.37229497
-32187822.41634290,
-32292535.15817782,
-32397528.64281370,
-32502768.68166015,
-32608254.12464730,
-32714007.90035940,
-32820013.21189667,
-32926280.87746213,
-33032801.53837749,
-33139600.57017954,
-33246634.58416575,
-33353934.98363317,
-33461498.99368225,
-33569307.41622709,
-33677381.29787616,
-33785729.91344850,
-33894338.77862244,
-34003193.90310033,
-34112329.95313428,
-34221718.39434231,
-34331367.81164488,
-34441289.10677253,
-34551461.60579509,
-34661897.03487878,
-34772614.42774978,
-34883580.98249051,
-34994816.91426485,
-35106323.95709677,
-49600.81367428,
-49599.24180032,
-49600.10952082,
-49599.89238841
-35667855.76111124,
-35780965.83389513,
-35894323.47909059,
-36007976.56012285,
-36121881.69837710,
-36236073.00583645,
-36350531.88411903,
-36465252.29832608,
-36580250.05527910,
-36695511.31110372,
-36811060.88179794,
-36926873.69357851,
-37042958.54325963,
-37159323.61851560,
-37275956.15926619,
-37392855.52013078,
-37510050.17868763,
-37627511.15777408,
-37745243.51936388,
-37863258.34386013,
-37981545.60991937,
-38100105.53409459,
-38218946.95606403,
-38338066.91304239,
-38457455.00188527,
-38577134.73916815,
-38697081.26875123,
-38817327.60445700,
-49599.58799555,
-49598.53617590,
-49600.28260121,
-49599.89650450
-39422696.91719252,
-39544619.02230033,
-39666828.74727981,
-39789299.13094598,
-39912085.27082064,
-40035127.04391380,
-40158468.22959353,
-40282087.81029697,
-40405991.91201195,
-40530191.06379281,
-40654664.86393404,
-40779436.45827923,
-40904499.94831608,
-41029829.57412909,
-41155450.52696139,
-41281372.64965223,
-41407573.19090775,
-41534071.21617437,
-41660843.89317399,
-41787931.43480916,
-41915284.86964387,
-42042949.56548572,
-42170891.30383875,
-42299126.08805920,
-42427661.40499866,
-42556482.39977121,
-42685600.76081789,
-42814997.28589712,
-49600.75383538,
-49596.98748835,
-49600.45427441,
-49597.19791403
-43466478.45860156,
-43597655.45006761,
-43729137.72330418,
-43860919.24056779,
-43992980.28707977,
-44125350.30373666,
-44258011.77192816,
-44390985.55998293,
-44524253.98917468,
-44657817.62659810,
-44791687.86882465,
-44925856.11351232,
-45060318.49420991,
-45195096.26433048,
-45330170.70926498,
-45465539.12842477,
-45601209.79229020,
-45737194.48957533,
-45873481.27637234,
-46010066.20038956,
-46146962.68950766,
-46284162.56761095,
-46421657.63274655,
-46559487.78376417,
-46697602.56504038,
-46836026.30060332,
-46974755.27911016,
-47113783.97366551,
-49600.05227747,
-49601.21164445,
-49600.56091565,
-49599.17206124
-47813616.98414493,
-47954536.24433318,
-48095722.55791612,
-48237250.49119435,
-48379087.63822985,
-48521238.42228147,
-48663685.01219211,
-48806460.75738133,
-48949531.98342650,
-49092933.14411889,
-49236648.71174060,
-49380679.18598296,
-49525030.10353368,
-49669693.80309336,
-49814667.22697517,
-49959956.31507288,
-50105581.05547652,
-50251505.88087214,
-50397757.29139233,
-50544325.00027593,
-50691209.47053535,
-50838403.02796112,
-50985933.02356040,
-51133788.36228959,
-51281963.02809852,
-51430451.03379768,
-51579264.20990543,
-51728408.19109326,
-49601.66243643,
-49601.18312437,
-49600.43118917,
-49600.81341941
-52478950.08401555,
-52630032.67132114,
-52781442.40282873,
-52933186.15333943,
-53085260.25097870,
-53237641.50341273,
-53390360.74694842,
-53543399.16854569,
-53696774.07532048,
-53850475.09954897,
-54004500.49801007,
-54158859.24150883,
-54313557.70580913,
-54468584.53947891,
-54623947.96348636,
-54779631.88559121,
-54935648.66275322,
-55091995.35839782,
-55248693.32352513,
-55405722.24356794,
-55563069.93813207,
-55720770.35214102,
-55878796.21215145,
-56037152.09830062,
-56195852.18567278,
-56354889.56369513,
-56514254.52453338,
-56673974.19856481,
-49597.81326825,
-49600.14479564,
-49597.80294237,
-49601.59273059
-57477622.37650053,
-57639351.22727297,
-57801445.77485748,
-57963878.67670119,
-58126648.87700582,
-58289763.97350568,
-58453226.52130328,
-58617031.78959736,
-58781170.54322836,
-58945649.45241756,
-59110500.72581324,
-59275670.08035375,
-59441195.75444184,
-59607065.88018450,
-59773297.15815273,
-59939858.21544574,
-60106771.07360594,
-60274048.76230145,
-60441627.35084146,
-60609603.30898491,
-60777911.28286574,
-60946578.32496272,
-61115589.79286093,
-61284956.26921070,
-61454668.30276507,
-61624743.96289907,
-61795159.75054417,
-61965955.50782017,
-49600.73754687,
-49600.89481149,
-49602.36837004,
-49600.20552610
-62825133.79250149,
-62998032.09428115,
-63171277.16347408,
-63344902.42833006,
-63518868.27639329,
-63693209.21260490,
-63867897.06714080,
-64042944.83784027,
-64218364.52841302,
-64394142.50192723,
-64570257.05433062,
-64746770.36249228,
-64923603.62738672,
-65100813.16843885,
-65278397.63253175,
-65456351.22183359,
-65634649.99126184,
-65813299.81876222,
-65992348.45688802,
-66171739.62911548,
-66351500.69371213,
-66531618.26694441,
-66712116.07456356,
-66892980.08816400,
-67074220.49765900,
-67255817.38059896,
-67437786.12839857,
-67620107.09280646,
-49599.69631238,
-49598.69367119,
-49601.56027308,
-49598.10260891
-49600.83003022,
-49600.80068828,
-49600.82532935,
-49601.88312086,
-49599.11691793,
-49600.84672289,
-49596.64164912,
-49600.16983784,
-49596.18716058,
-49598.67793150,
-49600.67038034,
-49600.32091894,
-49600.44372201,
-49598.10923591,
-49601.51397557,
-49601.06734333,
-49601.32137616,
-49599.81360319,
-49596.76211198,
-49596.15702519,
-49600.13570929,
-49599.77298439,
-49599.66754880,
-49599.06576376,
-49600.93138139,
-49598.70004646,
-49600.02490263,
-49599.24888715,
-49599.44478268,
-49602.38107030,
-49599.48916366,
-49594.91676414
-49602.06266006,
-49597.57278703,
-49599.47682367,
-49601.05569790,
-49602.97096658,
-49599.61163315,
-49599.06225324,
-49600.48445627,
-49597.31300454,
-49600.45577348,
-49598.00049986,
-49602.14041475,
-49600.44087420,
-49600.36676916,
-49598.82608992,
-49602.17397177,
-49597.43494182,
-49603.40164149,
-49598.53248171,
-49601.00422248,
-49597.88985938,
-49601.64604103,
-49597.61451349,
-49603.01867052,
-49603.01582227,
-49599.33839256,
-49601.46215651,
-49600.62350341,
-49599.18955431,
-49601.86913170,
-49600.12049841,
-49598.02515516
-49599.32602985,
-49598.33682132,
-49598.99528062,
-49601.18416960,
-49599.30720928,
-49599.44489349,
-49603.49721078,
-49602.76704230,
-49602.32941053,
-49600.89710976,
-49598.92121759,
-49602.43888188,
-49602.87211481,
-49599.87090428,
-49599.99577265,
-49600.06670726,
-49598.92138148,
-49601.02918614,
-49598.83879795,
-49602.13147311,
-49600.92627539,
-49600.93772663,
-49598.20377685,
-49603.79374791,
-49596.90029256,
-49601.15877451,
-49596.57340328,
-49599.87240721,
-49601.17439030,
-49597.99378038,
-49598.03165806,
-49601.35952352
-49600.68994110,
-49601.07477958,
-49600.08746004,
-49600.33509337,
-49604.93608574,
-49599.48131535,
-49597.87730457,
-49604.16930205,
-49602.99674491,
-49598.82959218,
-49601.54119312,
-49600.89360700,
-49601.53802038,
-49601.34192333,
-49599.19498446,
-49598.51180728,
-49600.61925194,
-49596.41506678,
-49601.81246657,
-49597.96415038,
-49600.68121387,
-49601.00465339,
-49601.19899356,
-49600.48265399,
-49596.70487553,
-49602.02468837,
-49598.81467162,
-49602.20664552,
-49600.39481304,
-49597.90778508,
-49598.45607652,
-49600.34526005
