-2811.19639794,
-2836.95884462,
-2862.98121420,
-2889.07868684,
-2915.35579407,
-2941.91501608,
-2968.54157397,
-2995.43248033,
-3022.41163637,
-3049.58941788,
-3077.01496864,
-3104.56689620,
-3132.32133198,
-3160.24771448,
-3188.39083679,
-3216.71178476,
-3245.18650508,
-3273.84564238,
-3302.73377176,
-3331.80422754,
-3361.05572220,
-3390.45960769,
-3420.07248980,
-3449.89348929,
-3479.87374116,
-3510.08353487,
-3540.53721309,
-3571.09438842,
-4698.43873219,
-4698.47689946,
-4698.45612922,
-4698.46375368
-3727.02153296,
-3758.81731040,
-3790.76732561,
-3822.95344231,
-3855.36054561,
-3887.95127653,
-3920.71543327,
-3953.72909581,
-3986.90328902,
-4020.41624767,
-4053.99420387,
-4087.81421929,
-4121.89495252,
-4156.10420240,
-4190.51447085,
-4225.24084334,
-4260.11571379,
-4295.18850607,
-4330.52319856,
-4366.07628418,
-4401.85214806,
-4437.74900705,
-4473.95788686,
-4510.32661709,
-4546.93482453,
-4583.77239726,
-4620.86152707,
-4658.11085039,
-4698.47416616,
-4698.44212135,
-4698.42150789,
-4698.46588459
-4847.89598749,
-4886.57411611,
-4925.40940831,
-4964.50361395,
-5003.84367563,
-5043.39368034,
-5083.22103415,
-5123.19097508,
-5163.46141757,
-5203.94067909,
-5244.64968702,
-5285.66287899,
-5326.82941420,
-5368.30690034,
-5409.95793927,
-5451.88264657,
-5494.03304986,
-5536.45392489,
-5579.09476595,
-5621.98141824,
-5665.11160516,
-5708.47281162,
-5752.11617470,
-5796.02493296,
-5840.11674807,
-5884.51753125,
-5929.09859279,
-5973.98429011,
-4698.45273072,
-4698.45087104,
-4698.44768204,
-4698.45957982
-6202.20384760,
-6248.62318373,
-6295.24907124,
-6342.18491386,
-6389.35163903,
-6436.79171768,
-6484.49381971,
-6532.45358481,
-6580.70328675,
-6629.21472233,
-6677.98054108,
-6727.00268448,
-6776.27614499,
-6825.81481930,
-6875.65973439,
-6925.80129589,
-6976.19419560,
-7026.83119936,
-7077.72061553,
-7128.92997069,
-7180.42466830,
-7232.14811849,
-7284.15843101,
-7336.52969131,
-7389.10092767,
-7441.96174226,
-7495.11589644,
-7548.50539484,
-4698.45207544,
-4698.43855761,
-4698.48223594,
-4698.46706021
-7819.94914882,
-7875.05652438,
-7930.47966359,
-7986.27482144,
-8042.26028312,
-8098.58462455,
-8155.20291181,
-8212.06785321,
-8269.29400672,
-8326.72883193,
-8384.50653615,
-8442.61520467,
-8501.00915670,
-8559.65025177,
-8618.64965638,
-8677.92048993,
-8737.52830472,
-8797.40104174,
-8857.65668119,
-8918.10338905,
-8978.95835354,
-9040.10286290,
-9101.48142828,
-9163.24634366,
-9225.30804523,
-9287.70773936,
-9350.35023686,
-9413.36435737,
-4698.42786410,
-4698.47076424,
-4698.40505331,
-4698.46813205
-9733.14607236,
-9798.05363610,
-9863.29241630,
-9928.83694352,
-9994.70169595,
-10060.95671025,
-10127.42814302,
-10194.32767822,
-10261.51574311,
-10329.04925971,
-10396.82570750,
-10465.04585806,
-10533.58728668,
-10602.38792392,
-10671.57557889,
-10741.09331184,
-10810.97818976,
-10881.18097336,
-10951.69312073,
-11022.59888974,
-11093.78783229,
-11165.35569135,
-11237.31604419,
-11309.54754441,
-11382.15591386,
-11455.06054611,
-11528.37738222,
-11602.04249042,
-4698.47141686,
-4698.46288636,
-4698.44554070,
-4698.46188269
-11975.48795315,
-12051.26041439,
-12127.40351095,
-12203.86874195,
-12280.69168666,
-12357.89527571,
-12435.43769769,
-12513.35443540,
-12591.66536643,
-12670.28636554,
-12749.31151238,
-12828.70986501,
-12908.48888390,
-12988.57444761,
-13069.10821065,
-13149.95682278,
-13231.18851955,
-13312.79183320,
-13394.81541196,
-13477.16036066,
-13559.87540847,
-13643.01360929,
-13726.50033522,
-13810.42548607,
-13894.69166370,
-13979.29175608,
-14064.34061331,
-14149.76173891,
-4698.47636393,
-4698.49260572,
-4698.44853914,
-4698.46613059
-14582.66877759,
-14670.41917709,
-14758.57637508,
-14847.12377332,
-14936.04062312,
-15025.39799881,
-15115.13330335,
-15205.22963137,
-15295.79841695,
-15386.69726305,
-15478.04279504,
-15569.83815711,
-15661.93914668,
-15754.48058491,
-15847.45180071,
-15940.86925023,
-16034.59182727,
-16128.80827637,
-16223.41834894,
-16318.45990113,
-16413.89154676,
-16509.76883044,
-16605.99758414,
-16702.68302801,
-16799.79495018,
-16897.34532062,
-16995.33516642,
-17093.65315330,
-4698.45044835,
-4698.44399210,
-4698.48880825,
-4698.47720892
-17591.98454848,
-17692.92811194,
-17794.25380609,
-17896.09637073,
-17998.35499154,
-18100.98652407,
-18204.12210746,
-18307.68553776,
-18411.69498933,
-18516.15175639,
-18621.01122879,
-18726.34922305,
-18832.07602442,
-18938.29202003,
-19045.01644276,
-19152.09995160,
-19259.69181968,
-19367.65059004,
-19476.08926972,
-19585.01536707,
-19694.39286232,
-19804.23003363,
-19914.46178984,
-20025.21470771,
-20136.42771662,
-20248.04073831,
-20360.18603293,
-20472.70293009,
-4698.50453971,
-4698.44900214,
-4698.42560692,
-4698.47753467
-21042.68829631,
-21158.07365148,
-21273.97205275,
-21390.22663538,
-21507.03299124,
-21624.36933650,
-21742.08027879,
-21860.32740283,
-21979.06586946,
-22098.25757192,
-22217.97313241,
-22338.13796168,
-22458.81700549,
-22579.94018229,
-22701.57778808,
-22823.70334018,
-22946.30188409,
-23069.37326155,
-23192.98578225,
-23317.06828230,
-23441.67138019,
-23566.71633550,
-23692.28893080,
-23818.42547246,
-23944.99787882,
-24072.02750803,
-24199.66211189,
-24327.72681638,
-4698.42879976,
-4698.48474434,
-4698.43467618,
-4698.46867132
-24975.73316181,
-25106.92713552,
-25238.53622352,
-25370.73768979,
-25503.45285364,
-25636.64849522,
-25770.38471155,
-25904.60360182,
-26039.40283739,
-26174.71828724,
-26310.48749590,
-26446.90692990,
-26583.72116908,
-26721.14410151,
-26859.04340581,
-26997.51904304,
-27136.54420505,
-27276.04085137,
-27416.15324792,
-27556.73517652,
-27697.88614487,
-27839.58141137,
-27981.75316651,
-28124.59135568,
-28267.91938112,
-28411.78508767,
-28556.22410063,
-28701.11178836,
-4698.45442320,
-4698.47730251,
-4698.46476705,
-4698.45371646
-29434.20342890,
-29582.42237020,
-29731.30189313,
-29880.65867585,
-30030.57867728,
-30181.04228719,
-30332.20738822,
-30483.84638518,
-30635.98742697,
-30788.77470599,
-30942.12966419,
-31096.03740178,
-31250.50313621,
-31405.54685214,
-31561.28017378,
-31717.42954309,
-31874.29430644,
-32031.55078762,
-32189.49189923,
-32348.05536331,
-32507.16653058,
-32666.82730085,
-32827.04811177,
-32987.94622866,
-33149.49025285,
-33311.45830940,
-33474.16207517,
-33637.40601229,
-4698.46222382,
-4698.48918964,
-4698.47877875,
-4698.46934059
-34462.46726461,
-34629.30762876,
-34796.70381884,
-34964.77770380,
-35133.43134670,
-35302.64826542,
-35472.50377835,
-35642.88903457,
-35814.01560729,
-35985.70584319,
-36158.00486978,
-36330.95951913,
-36504.47299527,
-36678.65363431,
-36853.35241508,
-37028.79673368,
-37204.83713441,
-37381.53195579,
-37558.74475188,
-37736.66570590,
-37915.20196628,
-38094.37321913,
-38274.21000005,
-38454.59210345,
-38635.59785188,
-38817.29836307,
-38999.65018491,
-39182.68087812,
-4698.46189671,
-4698.47801494,
-4698.42702303,
-4698.45334094
-40107.20191786,
-40294.10034467,
-40481.57501502,
-40669.70228352,
-40858.55562032,
-41048.04225079,
-41238.10834558,
-41428.92043640,
-41620.33518658,
-41812.53546004,
-42005.17759964,
-42198.65037463,
-42392.69978998,
-42587.50968143,
-42782.98111274,
-42979.00701379,
-43175.80835728,
-43373.20210689,
-43571.34248831,
-43770.22899984,
-43969.66142955,
-44169.76020928,
-44370.61212479,
-44572.24322853,
-44774.31639763,
-44977.18638118,
-45180.77793479,
-45385.02942361,
-4698.40556874,
-4698.44945000,
-4698.44093051,
-4698.44632506
-46416.73615388,
-46625.18370788,
-46834.26282325,
-47044.07603813,
-47254.54573063,
-47465.80630771,
-47677.74403283,
-47890.40312866,
-48103.79546187,
-48317.86916474,
-48532.63259727,
-48748.13009596,
-48964.33398537,
-49181.19916848,
-49398.85925360,
-49617.22065872,
-49836.26619177,
-50056.16535368,
-50276.67278584,
-50497.83022453,
-50719.86669537,
-50942.58095372,
-51166.08611099,
-51390.22285582,
-51615.15818582,
-51840.83533737,
-52067.20829923,
-52294.34132123,
-4698.46518209,
-4698.46481447,
-4698.46201465,
-4698.43044626
-53441.07316687,
-53672.65497975,
-53905.01860057,
-54138.10284668,
-54371.96094915,
-54606.56754306,
-54841.91012428,
-55078.02696476,
-55314.87883861,
-55552.56893156,
-55790.97075448,
-56030.12101126,
-56270.03189766,
-56510.76404268,
-56752.25329042,
-56994.45411028,
-57237.52616285,
-57481.25900196,
-57725.83160327,
-57971.21072411,
-58217.33508175,
-58464.19693002,
-58711.82308126,
-58960.37946650,
-59209.61038126,
-59459.68999037,
-59710.60569591,
-59962.22572836,
-4698.44442134,
-4698.46936314,
-4698.42315222,
-4698.45634870
-61232.24037534,
-61488.63701501,
-61745.84325548,
-62003.81850790,
-62262.67607102,
-62522.32825393,
-62782.72585721,
-63043.99271257,
-63306.13320342,
-63568.98797235,
-63832.65832430,
-64097.25726326,
-64362.55937921,
-64628.71188372,
-64895.61107381,
-65163.38728568,
-65432.05996062,
-65701.60927689,
-65971.78534653,
-66242.94142856,
-66514.86129764,
-66787.73270196,
-67061.33794496,
-67335.78304785,
-67610.99017957,
-67887.11713828,
-68164.18231605,
-68442.01945465,
-4698.47839887,
-4698.40701194,
-4698.47382768,
-4698.45746049
-69844.07831572,
-70126.91065291,
-70410.71140222,
-70695.44868230,
-70980.90162624,
-71267.32550281,
-71554.56125941,
-71842.65330917,
-72131.68994448,
-72421.50701380,
-72712.11125254,
-73003.73346059,
-73296.19914778,
-73589.56454145,
-73883.75966131,
-74178.84184796,
-74474.89708211,
-74771.69785003,
-75069.47948645,
-75368.17892302,
-75667.66684777,
-75968.07440288,
-76269.34766133,
-76571.57391386,
-76874.59712756,
-77178.65631497,
-77483.52181386,
-77789.31605178,
-4698.50915053,
-4698.42859106,
-4698.44039890,
-4698.45932169
-79331.83427269,
-79643.06306141,
-79955.18002734,
-80268.34353156,
-80582.22136892,
-80897.11292735,
-81212.92575610,
-81529.66849220,
-81847.29023226,
-82166.01239211,
-82485.46978213,
-82805.98994085,
-83127.37510556,
-83449.63281839,
-83772.94385448,
-84097.16194312,
-84422.23186987,
-84748.27023079,
-85075.26128555,
-85403.16931006,
-85732.12670060,
-86062.01370333,
-86392.71342262,
-86724.49674607,
-87057.21375806,
-87390.81922011,
-87725.47089789,
-88061.02530198,
-4698.47150517,
-4698.48869349,
-4698.46398895,
-4698.47574954
-89753.34952569,
-90094.73905088,
-90436.96920609,
-90780.34262836,
-91124.62646441,
-91469.91778892,
-91816.06157825,
-92163.28605382,
-92511.40315000,
-92860.51490348,
-93210.71391080,
-93561.95243911,
-93914.11838500,
-94267.24752810,
-94621.27439800,
-94976.42408182,
-95332.61220067,
-95689.64555660,
-96047.82171562,
-96407.00307599,
-96767.05155661,
-97128.23503016,
-97490.38165940,
-97853.48254047,
-98217.63888679,
-98582.85881959,
-98949.04140681,
-99316.22501658,
-4698.48352055,
-4698.42419771,
-4698.41754608,
-4698.45665730
-101167.52820822,
-101540.89253668,
-101915.30543820,
-102290.62669169,
-102667.16173375,
-103044.60485189,
-103423.19537231,
-103802.78322676,
-104183.37562300,
-104565.06426736,
-104947.64996907,
-105331.43903282,
-105716.28583708,
-106101.99541095,
-106488.97517717,
-106876.87325538,
-107265.74960781,
-107655.99591073,
-108047.11981742,
-108439.35370656,
-108832.53795301,
-109227.01716902,
-109622.24732431,
-110018.83166744,
-110416.36034476,
-110814.89653559,
-111214.71047094,
-111615.42087904,
-4698.44682246,
-4698.45554280,
-4698.46243349,
-4698.46833235
-113635.60656652,
-114042.87916700,
-114451.28107318,
-114860.69198441,
-115271.30299351,
-115683.05760223,
-116095.67938515,
-116509.70020948,
-116924.65148271,
-117340.68785437,
-117757.91274727,
-118176.04387805,
-118595.55460844,
-119016.31070937,
-119437.79938682,
-119860.53459585,
-120284.45589370,
-120709.42227194,
-121135.55558808,
-121562.80823222,
-121991.18413271,
-122420.70538935,
-122851.40221008,
-123283.08575142,
-123715.98636247,
-124150.01238776,
-124585.18638103,
-125021.50510968,
-4698.46012625,
-4698.43403452,
-4698.46099861,
-4698.41710671
-127220.19816548,
-127663.45290063,
-128107.82363613,
-128553.46664566,
-129000.24159542,
-129447.89898228,
-129896.94555655,
-130347.09640062,
-130798.55299219,
-131251.06564255,
-131704.72241136,
-132159.52748013,
-132615.53779575,
-133072.73462866,
-133531.31635507,
-133990.87597550,
-134451.55825924,
-134913.44003038,
-135376.64954055,
-135840.83420307,
-136306.34998780,
-136773.19020769,
-137240.94975387,
-137710.19750675,
-138180.55796461,
-138652.04082826,
-139124.68366504,
-139598.65777885,
-4698.46365989,
-4698.44586929,
-4698.45154693,
-4698.42890349
-141986.46206328,
-142467.68229299,
-142950.10834092,
-143433.67554224,
-143918.52221364,
-144404.69478082,
-144892.06102052,
-145380.54188604,
-145870.27741944,
-146361.26792654,
-146853.65012141,
-147347.08655807,
-147841.82826581,
-148337.85329697,
-148834.83893718,
-149333.48411232,
-149833.22095574,
-150334.17754818,
-150836.40176697,
-151339.85087987,
-151844.65167582,
-152350.65643037,
-152857.73932116,
-153366.39848110,
-153876.15795974,
-154387.20677573,
-154899.64275958,
-155413.36936335,
-4698.47225371,
-4698.44320360,
-4698.44978720,
-4698.45719570
-158000.38918732,
-158521.42577700,
-159044.14384668,
-159568.03493735,
-160093.17337236,
-160619.58518271,
-161147.31498515,
-161676.34584186,
-162206.66917600,
-162738.34306037,
-163271.22825266,
-163805.48340813,
-164341.13027116,
-164877.90545211,
-165416.10223312,
-165955.65756549,
-166496.43881170,
-167038.47353175,
-167581.99404115,
-168126.79421623,
-168672.95002533,
-169220.35269179,
-169769.06174863,
-170319.17797640,
-170870.56529179,
-171423.27826082,
-171977.38588624,
-172532.89561019,
-4698.43266305,
-4698.45152036,
-4698.49175725,
-4698.44995789
-175330.47950935,
-175893.97179058,
-176458.91680891,
-177025.10591806,
-177592.57245463,
-178161.66670903,
-178732.09080212,
-179303.77550440,
-179876.93722099,
-180451.34471263,
-181027.04592565,
-181604.18629805,
-182182.64999507,
-182762.71817283,
-183344.00982237,
-183926.86406549,
-184510.76565153,
-185096.25915174,
-185683.28982248,
-186271.30101994,
-186861.25539555,
-187452.32411590,
-188044.75823375,
-188638.67986208,
-189233.89823175,
-189830.49385665,
-190428.56011012,
-191028.10222021,
-4698.45763453,
-4698.43991415,
-4698.46082306,
-4698.45437318
-194046.71057113,
-194654.77784570,
-195264.27124297,
-195874.97925388,
-196487.24339678,
-197100.95228213,
-197716.08008437,
-198332.57952663,
-198950.63978585,
-199570.24666311,
-200191.21459445,
-200813.69286744,
-201437.53658480,
-202062.64234331,
-202689.29896416,
-203317.56628480,
-203947.35552507,
-204578.28556982,
-205210.86333841,
-205844.89153653,
-206480.24923160,
-207117.12736893,
-207755.63722799,
-208395.59825195,
-209037.06864018,
-209679.87176881,
-210324.18173682,
-210969.98079075,
-4698.46213350,
-4698.48000928,
-4698.45709344,
-4698.44603463
-214221.57084022,
-214876.10120553,
-215532.49753147,
-216190.18736739,
-216849.45633273,
-217510.20113686,
-218172.42804989,
-218836.11130938,
-219501.59989396,
-220168.25964736,
-220836.64717224,
-221506.61869100,
-222177.88372572,
-222850.77254803,
-223525.24263373,
-224201.10281873,
-224878.46898513,
-225557.60768236,
-226238.31328202,
-226920.18888341,
-227603.88502545,
-228289.04038436,
-228975.61605765,
-229663.90450169,
-230353.53529964,
-231044.88721895,
-231737.81518752,
-232432.38512174,
-4698.48061921,
-4698.44981396,
-4698.47967109,
-4698.49448003
-4698.47357976,
-4698.46842698,
-4698.47050907,
-4698.46243946,
-4698.45281368,
-4698.43907054,
-4698.47244539,
-4698.44011855,
-4698.46193169,
-4698.46101047,
-4698.45755210,
-4698.48144144,
-4698.44805634,
-4698.45695924,
-4698.46768666,
-4698.48934914,
-4698.48438244,
-4698.47510116,
-4698.46058066,
-4698.44337029,
-4698.47587803,
-4698.47471073,
-4698.46493111,
-4698.45249064,
-4698.45796995,
-4698.44391266,
-4698.44674605,
-4698.47041919,
-4698.44374050,
-4698.47555395,
-4698.44052044,
-4698.43523264
-4698.44144175,
-4698.45290207,
-4698.46289432,
-4698.43460336,
-4698.46150565,
-4698.47404049,
-4698.44462824,
-4698.47552970,
-4698.48305280,
-4698.42751601,
-4698.45808798,
-4698.46528058,
-4698.45539775,
-4698.45573844,
-4698.44549607,
-4698.46851780,
-4698.47598596,
-4698.43064882,
-4698.46636202,
-4698.46305994,
-4698.43827670,
-4698.43294126,
-4698.47539377,
-4698.48677051,
-4698.45692032,
-4698.45540137,
-4698.45637466,
-4698.42996306,
-4698.46172475,
-4698.46042307,
-4698.47910541,
-4698.45931719
-4698.46620541,
-4698.44130365,
-4698.48576601,
-4698.44332634,
-4698.43850089,
-4698.46336492,
-4698.43968239,
-4698.47312269,
-4698.47847429,
-4698.44718997,
-4698.43912299,
-4698.45371450,
-4698.44989493,
-4698.44594567,
-4698.45775837,
-4698.48394903,
-4698.48126558,
-4698.51694127,
-4698.43574152,
-4698.45829181,
-4698.47155557,
-4698.42912403,
-4698.45571356,
-4698.46742868,
-4698.45753636,
-4698.45691154,
-4698.42877032,
-4698.47701815,
-4698.47522965,
-4698.44882244,
-4698.44487635,
-4698.45101368
-4698.48422198,
-4698.44320844,
-4698.45837276,
-4698.45062657,
-4698.48465759,
-4698.47263645,
-4698.46668606,
-4698.49567889,
-4698.43515452,
-4698.47157525,
-4698.47713496,
-4698.46830821,
-4698.46949430,
-4698.46626303,
-4698.46684913,
-4698.47767536,
-4698.44460476,
-4698.45774866,
-4698.45950766,
-4698.41114076,
-4698.45280601,
-4698.45858718,
-4698.48356668,
-4698.50154579,
-4698.44838814,
-4698.44307383,
-4698.45528567,
-4698.45091545,
-4698.45816084,
-4698.44283657,
-4698.45026683,
-4698.46138391
