149937.11257662,
-341093.86812120,
153581.00685141,
-343496.43798273,
157275.98885446,
-345902.68408999,
161023.16392443,
-348312.65890545,
-203702.27363599,
-649366.39607752,
-484883.12157750,
-905742.70693335,
0.69492812,
0.70534033,
0.72653246,
0.66007308,
-1635404.64952341,
-1320331.05501762,
-1653647.72603867,
-1334874.14994011,
-1672041.92190229,
-1349536.88194035,
-1690588.03038263,
-1364319.22275106,
-1178438.83875422,
-964845.00805710,
-1350242.26454820,
-380123.29077911,
0.77102315,
0.55330051,
0.72320221,
0.72059294,
-400198.39591927,
5579.37099173,
-404604.42414343,
5718.36116765,
-409045.92919646,
5859.31628592,
-413523.41834632,
6002.16665082,
446280.43700811,
400369.98739101,
464455.79500775,
381001.29323053,
0.64824266,
0.73938750,
0.74908324,
0.80931227,
1761707.87082911,
1174547.77331848,
1782751.89551332,
1188735.60197525,
1803984.72843961,
1203052.83765064,
1825406.97045464,
1217499.55496748,
2043529.61566985,
1497612.51761850,
1638846.22088716,
825833.84630758,
0.56062552,
0.69051594,
0.77157621,
0.74589974,
293868.79313290,
-419840.68722349,
299353.10706254,
-422348.34355915,
304902.29189991,
-424857.85308126,
310517.80610912,
-427368.33434170,
-233273.01981741,
-884581.01435062,
-656035.43510228,
-1275136.84632597,
0.64436287,
0.63473911,
0.73414537,
0.77697044,
-2298287.01922982,
-1847944.24269168,
-2321784.68914282,
-1866617.97847559,
-2345460.52898046,
-1885432.32890553,
-2369314.47203144,
-1904388.31951451,
-1653987.23056109,
-1369223.08197228,
-1910665.29977052,
-536554.17455460,
0.70388784,
0.74030460,
0.81715042,
0.73038851,
-559925.36903160,
11021.96638874,
-565574.80389989,
11228.12896648,
-571267.10505629,
11436.46545250,
-577001.86159210,
11647.61180078,
644952.38459244,
581412.33500412,
667844.35298460,
554191.84026701,
0.72262810,
0.76645000,
0.84008166,
0.74782777,
2534273.68362365,
1696437.99802679,
2561921.68058731,
1715149.15404124,
2589795.57266216,
1734014.86309968,
2617896.73345912,
1753036.59371549,
2934198.83316200,
2152141.06802366,
2349324.15310968,
1185359.54425276,
0.65850767,
0.79489262,
0.75377484,
0.65512838,
504040.75790056,
-500356.15693930,
511850.53963928,
-502860.08621770,
519738.90349513,
-505363.70562121,
527709.48415452,
-507867.24615576,
-252404.36268830,
-1172057.21973050,
-862257.42569803,
-1740521.76723063,
0.65774562,
0.58815631,
0.84390398,
0.66823644,
-3143251.21152326,
-2518590.96332844,
-3172915.72246039,
-2542108.84453832,
-3202789.73655920,
-2565787.77053253,
-3232871.46538467,
-2589628.46421153,
-2261375.62618088,
-1889560.02891934,
-2630997.73791199,
-739961.22222764,
0.72170627,
0.67581642,
0.67689042,
0.71586259,
-762704.99984304,
18858.46172914,
-769811.53825416,
19147.63853028,
-776966.24541620,
19439.09262083,
-784169.65430655,
19735.24931676,
902897.38331714,
816196.27610355,
931449.67653396,
778919.44495392,
0.71689031,
0.56290835,
0.70755114,
0.81915554,
3537341.83484163,
2376426.76742108,
3572849.74284861,
2400536.72000992,
3608626.28392566,
2424831.51201074,
3644670.26760924,
2449309.96304894,
4087658.48316683,
3001136.60464662,
3269652.90012666,
1653587.46391726,
0.70460832,
0.77305804,
0.77108054,
0.78887006,
0.81318071,
0.68510093,
0.67028592,
0.66861537,
0.57061456,
0.59200072,
0.67949192,
0.75814572,
0.66056919,
0.67055965,
0.66435120,
0.72038930,
0.73162436,
0.76753430,
0.88201873,
0.79197572,
0.70575647,
0.72023714,
0.69819281,
0.66116654,
0.79054605,
0.74811604,
0.86347330,
0.59185863,
0.62474125,
0.66728845,
0.64132837,
0.67307354,
0.82429987,
0.73199705,
0.78472591,
0.72900120,
0.63620729,
0.79578517,
0.74100086,
0.68027377,
0.67645840,
0.83461234,
0.85153284,
0.71076997,
0.75890324,
0.62946992,
0.73257204,
0.57307298,
0.74464419,
0.73070765,
0.71091480,
0.62948062,
0.73275108,
0.70488083,
0.79711173,
0.70698227,
0.78447263,
0.65290955,
0.74223766,
0.69184975,
0.73949940,
0.60024070,
0.68203818,
0.82181311,
0.85101816,
0.81863178,
0.71327073,
0.80214752,
