3560680.36511746,
415308.07958475,
3607419.11806143,
421601.34200810,
3654617.34975858,
427963.99959818,
3702277.22333673,
434396.45715490,
2203250.22946192,
-88261.58364646,
1087893.39154768,
-617998.13268503,
0.73217773,
0.82525879,
0.76172535,
0.75768409,
-1019674.64432873,
-2227172.90912513,
-1030170.84986195,
-2253140.31021012,
-1040745.24088737,
-2279334.32825921,
-1051397.71098733,
-2305755.90745592,
-1691802.54059441,
-1749850.68737491,
-2092566.99174908,
-1686263.85234101,
0.70790441,
0.89068036,
0.92013904,
0.70574264,
-1828944.29280023,
-1704838.29180451,
-1850434.89697072,
-1724638.80147809,
-1872115.99737926,
-1744611.98410447,
-1893988.57162180,
-1764757.91586931,
-1139272.72133334,
-883644.39395130,
-164190.76833074,
-28072.78305163,
0.98573750,
0.94771577,
0.67537779,
0.74773048,
4005942.60085575,
1388785.68599549,
4053272.07891568,
1405415.62609747,
4101018.24753042,
1422195.28865632,
4149182.58759611,
1439123.61371709,
3449294.44780268,
1590313.67419402,
4126294.88459799,
1479751.08269799,
0.74872169,
0.76369569,
0.73316386,
0.80846585,
5298715.43993445,
653197.79836235,
5361642.02558223,
661934.71909774,
5425128.96418039,
670757.02886721,
5489176.81087156,
679665.39330962,
3269566.56170724,
-88527.68833359,
1607837.33528449,
-881380.05489261,
0.86443830,
0.81340931,
0.94189930,
0.77753377,
-1396087.01838366,
-3177319.28326261,
-1409264.43420134,
-3211219.15922960,
-1422533.14610178,
-3245391.58067445,
-1435891.15352528,
-3279835.28164482,
-2432070.65329075,
-2494986.07157631,
-3009477.05726187,
-2396022.13550361,
0.81533827,
0.59170998,
0.71593173,
0.75829532,
-2616309.48630813,
-2428787.48983560,
-2644433.70760633,
-2454596.95290651,
-2672784.18477949,
-2480612.04416850,
-2701364.93042103,
-2506833.96465120,
-1638872.42497232,
-1247079.34642950,
-248824.52964115,
-23973.57610306,
0.78199043,
0.61318876,
0.89752657,
0.69439860,
5740088.37816747,
1999428.47792238,
5802038.84472937,
2021286.41545318,
5864491.70322894,
2043323.73477233,
5927443.13020166,
2065539.69596317,
4929162.78028215,
2283277.71014000,
5885071.03248954,
2112241.67823629,
0.62700178,
0.85194613,
0.79588504,
0.85517701,
7606033.67434519,
977638.95955893,
7688510.34463488,
989368.72761315,
7771655.16718205,
1001199.74506325,
7855472.14593630,
1013134.70659509,
4686636.37810099,
-77466.53020397,
2303949.47820271,
-1217644.44478607,
0.62408820,
0.68662303,
0.75577936,
0.68844555,
-1864412.96716626,
-4403862.89577269,
-1880672.11359431,
-4447172.53316574,
-1897031.49335664,
-4490800.02630921,
-1913495.77129657,
-4534749.42444311,
-3387618.50915676,
-3459001.30828628,
-4194755.79189502,
-3313710.90709362,
0.71857897,
0.77891684,
0.52106039,
0.86950354,
-3634968.37201028,
-3361944.41792408,
-3670975.20360928,
-3394873.24478433,
-3707245.66802440,
-3428041.49487666,
-3743785.98794328,
-3461450.15579370,
-2287185.82630111,
-1714049.97360294,
-363443.54317178,
-17719.75875546,
0.82451195,
0.83138833,
0.75999695,
0.61305532,
7983920.47995501,
2792561.25250799,
8063224.61435508,
2820641.16153583,
8143121.04483935,
2848934.24071373,
8223612.93657061,
2877440.85057317,
6840989.98945081,
3180827.48004336,
8153617.46846583,
2929939.73961629,
0.67037505,
0.75182198,
0.52810387,
0.69013858,
0.77264101,
0.85167715,
0.80595164,
0.69205055,
0.67725376,
0.79349686,
0.92367810,
0.58821250,
0.86638933,
0.52361599,
0.82847828,
0.72519705,
0.84924179,
0.78209138,
0.78321672,
0.86763022,
0.69950952,
0.89592563,
0.79043498,
0.82769873,
0.62937791,
0.70265792,
0.75488935,
0.81291219,
0.75954452,
0.70221252,
0.88756002,
0.80006421,
0.82296962,
0.80607054,
0.71475193,
0.96585728,
0.66529217,
0.92282301,
0.69330390,
0.77156010,
0.75504295,
0.77036150,
0.82618879,
0.59724670,
0.87428955,
0.68918061,
0.77720092,
0.89473487,
0.65797834,
0.59974370,
0.84780751,
0.91918712,
0.92245794,
0.83466132,
0.80506548,
0.75410134,
0.73904781,
0.68645554,
0.77340659,
0.68080153,
0.75687405,
0.84084523,
0.64561487,
0.88643368,
0.93720813,
0.66790826,
0.75475157,
0.62151005,
