-690.78077944,
-692.69108937,
-694.59882279,
-696.50806937,
-698.43059244,
-700.35570750,
-702.27412076,
-704.20227842,
-706.13936021,
-708.07265263,
-710.01112688,
-711.95549632,
-713.90489564,
-715.85451693,
-717.81171148,
-719.77438055,
-721.73331765,
-723.70777893,
-725.67685863,
-727.65210876,
-729.63201154,
-731.61214100,
-733.60097574,
-735.59455641,
-737.59127638,
-739.58614258,
-741.59152864,
-743.60060341,
-3341.79269993,
-3341.79175579,
-3341.79643722,
-3341.79478695
-753.69742595,
-755.72617012,
-757.76390162,
-759.80455500,
-761.84491761,
-763.89104758,
-765.94095195,
-768.00124381,
-770.05953488,
-772.12310928,
-774.19529867,
-776.25840173,
-778.33864722,
-780.41694520,
-782.49566974,
-784.58527406,
-786.67979411,
-788.77488835,
-790.87355599,
-792.97681850,
-795.08603556,
-797.20233046,
-799.31645918,
-801.43493748,
-803.55954526,
-805.68759122,
-807.82584189,
-809.95994521,
-3341.79596659,
-3341.79279849,
-3341.79544901,
-3341.79413359
-820.71185957,
-822.86886698,
-825.03698055,
-827.20344868,
-829.37529784,
-831.56057324,
-833.74233116,
-835.92956355,
-838.11873072,
-840.31797583,
-842.51663406,
-844.72035630,
-846.92950050,
-849.13799314,
-851.35974053,
-853.57814273,
-855.80087381,
-858.03230694,
-860.26871210,
-862.50410192,
-864.74752559,
-866.99213607,
-869.24597618,
-871.50039909,
-873.75855228,
-876.02148119,
-878.29117470,
-880.56374369,
-3341.79386003,
-3341.79497926,
-3341.79543736,
-3341.79370775
-891.98289679,
-894.28209907,
-896.58537862,
-898.89361284,
-901.20555059,
-903.51838367,
-905.84697460,
-908.16531524,
-910.49105651,
-912.82251401,
-915.16551447,
-917.50797217,
-919.85021956,
-922.20487647,
-924.56001174,
-926.91935995,
-929.28032516,
-931.64962161,
-934.02527071,
-936.40370469,
-938.78111132,
-941.16915970,
-943.55754085,
-945.95467450,
-948.35385109,
-950.75855902,
-953.16154851,
-955.57730797,
-3341.79505035,
-3341.79319327,
-3341.79820130,
-3341.79378497
-967.70932562,
-970.14978013,
-972.59337215,
-975.04153305,
-977.49524288,
-979.95506794,
-982.41532808,
-984.88448433,
-987.35506843,
-989.82745840,
-992.30875795,
-994.79187678,
-997.28351263,
-999.78401536,
-1002.28220088,
-1004.78312613,
-1007.29111483,
-1009.80853355,
-1012.32174864,
-1014.84338970,
-1017.37208879,
-1019.89905689,
-1022.43761355,
-1024.97851836,
-1027.51973995,
-1030.06758999,
-1032.62350949,
-1035.18186635,
-3341.79524463,
-3341.79683146,
-3341.79497459,
-3341.79527654
-1048.04866466,
-1050.63778655,
-1053.22891087,
-1055.82479496,
-1058.42962229,
-1061.03331556,
-1063.64375338,
-1066.26243321,
-1068.87702635,
-1071.50027047,
-1074.13249199,
-1076.76667936,
-1079.40937323,
-1082.05221407,
-1084.69604643,
-1087.35092000,
-1090.00993352,
-1092.67021643,
-1095.34308593,
-1098.01569439,
-1100.68565526,
-1103.37293319,
-1106.05645905,
-1108.75158715,
-1111.44603541,
-1114.14829386,
-1116.85327887,
-1119.56568635,
-3341.79588107,
-3341.79416664,
-3341.79362471,
-3341.79547801
-1133.18993403,
-1135.93168579,
-1138.67973556,
-1141.43043286,
-1144.18127461,
-1146.94141919,
-1149.70801125,
-1152.47306542,
-1155.24736189,
-1158.02611831,
-1160.81755103,
-1163.60231755,
-1166.40161228,
-1169.19270418,
-1171.99952215,
-1174.81053459,
-1177.62116605,
-1180.44272733,
-1183.26466511,
-1186.09153113,
-1188.92705859,
-1191.76738812,
-1194.61159425,
-1197.46321089,
-1200.31029758,
-1203.17215047,
-1206.03337466,
-1208.90250179,
-3341.79460628,
-3341.79605589,
-3341.79608936,
-3341.79342798
-1223.31880260,
-1226.22150266,
-1229.12099150,
-1232.03357687,
-1234.94992832,
-1237.86709362,
-1240.79101828,
-1243.72187162,
-1246.65539503,
-1249.59255571,
-1252.53622056,
-1255.49081667,
-1258.44092119,
-1261.40067879,
-1264.36742407,
-1267.33300776,
-1270.31299987,
-1273.29093655,
-1276.27851397,
-1279.26984191,
-1282.26691144,
-1285.26786044,
-1288.27139948,
-1291.28348633,
-1294.29737064,
-1297.32210560,
-1300.34932514,
-1303.38793728,
-3341.79229070,
-3341.79388760,
-3341.79675068,
-3341.79509364
-1318.62710446,
-1321.68586534,
-1324.75363912,
-1327.83156875,
-1330.90261205,
-1333.99161530,
-1337.08393314,
-1340.17792444,
-1343.27809982,
-1346.38779348,
-1349.50171854,
-1352.60913105,
-1355.73150989,
-1358.86029072,
-1361.99189962,
-1365.13335165,
-1368.27524064,
-1371.42539506,
-1374.57963460,
-1377.73331899,
-1380.90078573,
-1384.06946424,
-1387.24333372,
-1390.42615447,
-1393.60808137,
-1396.79962884,
-1399.99907416,
-1403.19827798,
-3341.79580436,
-3341.79359374,
-3341.79428294,
-3341.79124681
-1419.29078009,
-1422.52819286,
-1425.76808970,
-1429.00909032,
-1432.26120623,
-1435.52203922,
-1438.77855456,
-1442.04057147,
-1445.31903690,
-1448.59928307,
-1451.87925682,
-1455.16500327,
-1458.46711221,
-1461.76811643,
-1465.06943929,
-1468.37813039,
-1471.69954462,
-1475.02184882,
-1478.34758773,
-1481.68027472,
-1485.01666019,
-1488.36303541,
-1491.71441454,
-1495.06971502,
-1498.42622071,
-1501.79620527,
-1505.16684950,
-1508.54742799,
-3341.79493423,
-3341.79576877,
-3341.79291500,
-3341.79504898
-1525.52040819,
-1528.92649173,
-1532.34502987,
-1535.76993451,
-1539.19653066,
-1542.62378642,
-1546.06712935,
-1549.51593349,
-1552.96604451,
-1556.42240928,
-1559.88342873,
-1563.35542047,
-1566.82788456,
-1570.30683908,
-1573.78917230,
-1577.28186052,
-1580.77715697,
-1584.27943477,
-1587.78658453,
-1591.30036895,
-1594.82067440,
-1598.34350385,
-1601.87367874,
-1605.41289178,
-1608.95940976,
-1612.50373111,
-1616.06402772,
-1619.61518965,
-3341.79387163,
-3341.79423415,
-3341.79470586,
-3341.79339356
-1637.50244543,
-1641.09688798,
-1644.69718263,
-1648.30706288,
-1651.91302276,
-1655.53428510,
-1659.16549578,
-1662.79034097,
-1666.42201216,
-1670.06015209,
-1673.71649169,
-1677.36531533,
-1681.01990740,
-1684.69174132,
-1688.36623817,
-1692.04369852,
-1695.71763200,
-1699.40586832,
-1703.09980330,
-1706.80007993,
-1710.50432283,
-1714.21400885,
-1717.93462361,
-1721.66167722,
-1725.39144371,
-1729.13598281,
-1732.87663267,
-1736.62180776,
-3341.79507033,
-3341.79441572,
-3341.79434260,
-3341.79440437
-1755.44463067,
-1759.23432133,
-1763.02980636,
-1766.82319677,
-1770.62858261,
-1774.43064247,
-1778.24337016,
-1782.06478602,
-1785.89045837,
-1789.72587945,
-1793.56550331,
-1797.40709078,
-1801.26265660,
-1805.11838456,
-1808.98012072,
-1812.83991267,
-1816.72665479,
-1820.60369224,
-1824.48674047,
-1828.38162259,
-1832.28354963,
-1836.19220554,
-1840.10046674,
-1844.01685565,
-1847.94454765,
-1851.86973538,
-1855.80865035,
-1859.75564106,
-3341.79467726,
-3341.79685510,
-3341.79478997,
-3341.79327668
-1879.56492126,
-1883.54640881,
-1887.52493500,
-1891.52298979,
-1895.51875776,
-1899.52621049,
-1903.53466107,
-1907.55790559,
-1911.58298115,
-1915.61061936,
-1919.64500173,
-1923.69161233,
-1927.73684658,
-1931.79290657,
-1935.85371214,
-1939.92607512,
-1943.99147069,
-1948.07131343,
-1952.16653238,
-1956.26200155,
-1960.35719434,
-1964.46312172,
-1968.57872782,
-1972.69547892,
-1976.81157657,
-1980.95162028,
-1985.08449074,
-1989.22562256,
-3341.79463434,
-3341.79441397,
-3341.79534253,
-3341.79260056
-2010.05193005,
-2014.22733716,
-2018.42181779,
-2022.61574980,
-2026.81378746,
-2031.02414120,
-2035.24077100,
-2039.46734489,
-2043.69056539,
-2047.92777521,
-2052.16535223,
-2056.41588848,
-2060.66720821,
-2064.92106730,
-2069.19274890,
-2073.46413530,
-2077.75192933,
-2082.03488055,
-2086.33207104,
-2090.62835423,
-2094.93614453,
-2099.24576937,
-2103.56288568,
-2107.88714775,
-2112.22911399,
-2116.56666561,
-2120.90986119,
-2125.26158477,
-3341.79413835,
-3341.79400209,
-3341.79376698,
-3341.79422445
-2147.11844757,
-2151.51347750,
-2155.91576035,
-2160.31712163,
-2164.73334121,
-2169.15020196,
-2173.57830900,
-2178.00164757,
-2182.44441241,
-2186.88974608,
-2191.34177725,
-2195.80206017,
-2200.26323992,
-2204.73583807,
-2209.21999216,
-2213.71071689,
-2218.19469011,
-2222.69854128,
-2227.20280278,
-2231.71353879,
-2236.23301071,
-2240.75144549,
-2245.29448555,
-2249.83829744,
-2254.37940744,
-2258.93471749,
-2263.49851971,
-2268.06161193,
-3341.79299707,
-3341.79411783,
-3341.79601549,
-3341.79585728
-2290.99646927,
-2295.60580769,
-2300.22088175,
-2304.83746242,
-2309.46643022,
-2314.10186864,
-2318.74764267,
-2323.40055233,
-2328.05602941,
-2332.71944584,
-2337.38737746,
-2342.06748164,
-2346.74962491,
-2351.44272230,
-2356.13417617,
-2360.84020731,
-2365.55704130,
-2370.27029068,
-2374.99654040,
-2379.73091139,
-2384.46295457,
-2389.21962329,
-2393.97428575,
-2398.73452860,
-2403.49637560,
-2408.27318128,
-2413.05611368,
-2417.84576948,
-3341.79581498,
-3341.79258182,
-3341.79395479,
-3341.79678901
-2441.90004407,
-2446.72474635,
-2451.56670806,
-2456.41176515,
-2461.25996478,
-2466.12309247,
-2470.98873154,
-2475.87283825,
-2480.75218428,
-2485.63737321,
-2490.51875124,
-2495.43057993,
-2500.34035507,
-2505.25177841,
-2510.17582367,
-2515.10400240,
-2520.03944546,
-2524.98800058,
-2529.94596305,
-2534.90141147,
-2539.87132194,
-2544.84234291,
-2549.81689691,
-2554.81786804,
-2559.80452636,
-2564.81198205,
-2569.81693429,
-2574.83518784,
-3341.79498627,
-3341.79542336,
-3341.79371611,
-3341.79228254
-2600.03195537,
-2605.09029695,
-2610.16571849,
-2615.24280612,
-2620.31902562,
-2625.41014091,
-2630.50568784,
-2635.61525901,
-2640.71930496,
-2645.84604567,
-2650.97507075,
-2656.10976708,
-2661.24817538,
-2666.39515959,
-2671.55075125,
-2676.71788304,
-2681.89703438,
-2687.07035753,
-2692.24614982,
-2697.44949751,
-2702.64826014,
-2707.85288392,
-2713.07141716,
-2718.28996490,
-2723.52342746,
-2728.75920331,
-2734.00569082,
-2739.26164277,
-3341.79410088,
-3341.79418806,
-3341.79384440,
-3341.79577691
-2765.64498814,
-2770.94721295,
-2776.25697244,
-2781.56346679,
-2786.88355254,
-2792.21578990,
-2797.55015558,
-2802.88348024,
-2808.23303549,
-2813.58717000,
-2818.95321178,
-2824.34063988,
-2829.71990698,
-2835.10113702,
-2840.50482075,
-2845.91447501,
-2851.32178321,
-2856.74614899,
-2862.16914188,
-2867.59910599,
-2873.04497842,
-2878.49757067,
-2883.94284589,
-2889.42093528,
-2894.89548576,
-2900.37081313,
-2905.86468903,
-2911.35374800,
-3341.79573801,
-3341.79256457,
-3341.79174869,
-3341.79132563
-2938.95321950,
-2944.49548362,
-2950.04300792,
-2955.59781629,
-2961.17149444,
-2966.73972306,
-2972.31251413,
-2977.90653590,
-2983.50215424,
-2989.10553364,
-2994.72972214,
-3000.34518397,
-3005.97585367,
-3011.61522160,
-3017.24828448,
-3022.89938771,
-3028.55156885,
-3034.22404801,
-3039.89913209,
-3045.58659184,
-3051.27394215,
-3056.97481438,
-3062.68996934,
-3068.40638935,
-3074.11687432,
-3079.85245672,
-3085.59290848,
-3091.33340749,
-3341.79473071,
-3341.79292746,
-3341.79319384,
-3341.79574112
-3120.19378400,
-3125.98471007,
-3131.78465655,
-3137.60341868,
-3143.41523316,
-3149.22644063,
-3155.07077144,
-3160.91624832,
-3166.76846262,
-3172.63028753,
-3178.48646883,
-3184.36411604,
-3190.24980252,
-3196.13364599,
-3202.04149921,
-3207.94657664,
-3213.85222060,
-3219.77977312,
-3225.71907964,
-3231.64971119,
-3237.60480856,
-3243.56436111,
-3249.52136574,
-3255.49537347,
-3261.47117468,
-3267.46055294,
-3273.45053203,
-3279.45058774,
-3341.79323594,
-3341.79748610,
-3341.79503019,
-3341.79543569
-3309.58647841,
-3315.64619238,
-3321.71222576,
-3327.77542132,
-3333.84997735,
-3339.94635777,
-3346.03411306,
-3352.13764858,
-3358.25533414,
-3364.37077714,
-3370.50604373,
-3376.62614360,
-3382.77206878,
-3388.93476426,
-3395.09119584,
-3401.25655947,
-3407.44435783,
-3413.62565676,
-3419.81465124,
-3426.02068871,
-3432.23030298,
-3438.44406173,
-3444.67211931,
-3450.91731417,
-3457.15536130,
-3463.40879487,
-3469.67069500,
-3475.94195295,
-3341.79467254,
-3341.79297460,
-3341.79475118,
-3341.79535873
-3507.41730916,
-3513.73842477,
-3520.05201125,
-3526.39103362,
-3532.75543260,
-3539.10448266,
-3545.46501615,
-3551.83271124,
-3558.21064838,
-3564.59630071,
-3570.99387983,
-3577.40033325,
-3583.82198623,
-3590.23230969,
-3596.66629089,
-3603.11116371,
-3609.55331163,
-3616.00945423,
-3622.48022183,
-3628.94755715,
-3635.42070565,
-3641.91529897,
-3648.41720532,
-3654.92699311,
-3661.43764560,
-3667.96804262,
-3674.50670783,
-3681.04267810,
-3341.79436982,
-3341.79353064,
-3341.79574685,
-3341.79371131
-3713.86888517,
-3720.46031996,
-3727.07563916,
-3733.69384406,
-3740.31387140,
-3746.93716381,
-3753.57338188,
-3760.22679742,
-3766.88165598,
-3773.53772922,
-3780.21218379,
-3786.89658109,
-3793.57561552,
-3800.28131136,
-3806.99453265,
-3813.70529143,
-3820.42390424,
-3827.16870538,
-3833.90856341,
-3840.65033421,
-3847.43110508,
-3854.18617185,
-3860.96622221,
-3867.75257167,
-3874.54661379,
-3881.35589964,
-3888.16469752,
-3894.99293309,
-3341.79545538,
-3341.79431607,
-3341.79395071,
-3341.79560986
-3929.23976692,
-3936.12038788,
-3943.00907950,
-3949.89579978,
-3956.79620197,
-3963.71493526,
-3970.64672524,
-3977.57753715,
-3984.50833820,
-3991.45869199,
-3998.41236614,
-4005.37221429,
-4012.34680676,
-4019.32697142,
-4026.32144251,
-4033.32639582,
-4040.34521954,
-4047.35445835,
-4054.37598804,
-4061.42488208,
-4068.48316532,
-4075.52562169,
-4082.60212886,
-4089.66999780,
-4096.75665121,
-4103.84006679,
-4110.95139939,
-4118.05449993,
-3341.79399913,
-3341.79293541,
-3341.79497072,
-3341.79209244
-4153.75344910,
-4160.91927034,
-4168.09074513,
-4175.27275169,
-4182.47150041,
-4189.67519173,
-4196.88241870,
-4204.09700531,
-4211.34166778,
-4218.57242581,
-4225.82496172,
-4233.08717972,
-4240.35146671,
-4247.62986803,
-4254.91485555,
-4262.21322213,
-4269.50408862,
-4276.82627939,
-4284.16213061,
-4291.48363972,
-4298.81310585,
-4306.16878871,
-4313.53490799,
-4320.90723521,
-4328.28975529,
-4335.67571448,
-4343.06965077,
-4350.47816251,
-3341.79547508,
-3341.79474370,
-3341.79261135,
-3341.79484966
-4387.66874315,
-4395.13201867,
-4402.60303302,
-4410.08423522,
-4417.58406038,
-4425.07068709,
-4432.58172007,
-4440.10926201,
-4447.63407208,
-4455.17681537,
-4462.73027550,
-4470.29373812,
-4477.86608162,
-4485.43766387,
-4493.01978856,
-4500.61512599,
-4508.23362327,
-4515.84915718,
-4523.47002965,
-4531.10159556,
-4538.75100808,
-4546.40341159,
-4554.07154969,
-4561.73421589,
-4569.41593155,
-4577.10886169,
-4584.82233182,
-4592.53675447,
-3341.79609823,
-3341.79485347,
-3341.79681295,
-3341.79359455
-3341.79641601,
-3341.79530059,
-3341.79410523,
-3341.79418969,
-3341.79566924,
-3341.79308794,
-3341.79681136,
-3341.79391737,
-3341.79538378,
-3341.79557038,
-3341.79260003,
-3341.79693194,
-3341.79491284,
-3341.79397808,
-3341.79451572,
-3341.79508146,
-3341.79364077,
-3341.79577131,
-3341.79252909,
-3341.79329839,
-3341.79619892,
-3341.79138025,
-3341.79298947,
-3341.79446652,
-3341.79674644,
-3341.79520599,
-3341.79400709,
-3341.79443497,
-3341.79522846,
-3341.79695380,
-3341.79334406,
-3341.79421834
-3341.79448511,
-3341.79233649,
-3341.79392312,
-3341.79633852,
-3341.79469653,
-3341.79473564,
-3341.78752297,
-3341.79155826,
-3341.79417453,
-3341.79461813,
-3341.79445088,
-3341.79383320,
-3341.79427045,
-3341.79522020,
-3341.79493926,
-3341.79471602,
-3341.79279269,
-3341.79573544,
-3341.79578910,
-3341.79532086,
-3341.79380839,
-3341.79540189,
-3341.79479267,
-3341.79392637,
-3341.79400581,
-3341.79195712,
-3341.79336684,
-3341.79347144,
-3341.79335787,
-3341.79700546,
-3341.79188107,
-3341.79348320
-3341.79545898,
-3341.79658709,
-3341.79301925,
-3341.79298804,
-3341.79328891,
-3341.79498150,
-3341.79235413,
-3341.79466923,
-3341.79560593,
-3341.79002862,
-3341.79240027,
-3341.79437587,
-3341.79322984,
-3341.79573836,
-3341.79624217,
-3341.79367146,
-3341.79497485,
-3341.79185394,
-3341.79543590,
-3341.79493015,
-3341.79493099,
-3341.79108480,
-3341.79440058,
-3341.79268916,
-3341.79336845,
-3341.79435669,
-3341.79483863,
-3341.79399123,
-3341.79526099,
-3341.79356195,
-3341.79315764,
-3341.79403383
-3341.79423911,
-3341.79556057,
-3341.79271613,
-3341.79123674,
-3341.79529664,
-3341.79388904,
-3341.79360081,
-3341.79634930,
-3341.79502616,
-3341.79897495,
-3341.79540888,
-3341.79220011,
-3341.79603680,
-3341.79346266,
-3341.79277108,
-3341.79425868,
-3341.79503686,
-3341.79224759,
-3341.79415255,
-3341.79561391,
-3341.79262325,
-3341.79606389,
-3341.79249797,
-3341.79502708,
-3341.79372098,
-3341.79335396,
-3341.79451691,
-3341.79480174,
-3341.79160409,
-3341.79658878,
-3341.79411018,
-3341.79519796
