2372117.19968341,
717745.20762044,
2401772.67386028,
732830.69206183,
2431708.19357825,
748096.97152492,
2461924.74474590,
763550.74245835,
2492421.07062358,
779190.51779906,
2523202.46033585,
795014.36027754,
2554268.21789379,
811029.08378070,
2585622.00200587,
827231.31759015,
2617261.33202032,
843625.06282945,
2649193.98528762,
860209.71582587,
2681417.27695312,
876989.26987466,
2713934.95580121,
893961.82730923,
0.54395724,
0.12475920,
0.57332064,
-0.62902643,
3467928.46966468,
1297875.41105957,
3507374.57078785,
1319487.17013100,
3547159.72226133,
1341326.32752901,
3587277.55746312,
1363394.79442570,
3627739.77662231,
1385694.49613031,
3668545.50548034,
1408225.90346965,
3709691.55087391,
1430993.63953976,
3751186.93951636,
1453993.45957053,
3793030.15305993,
1477229.42352229,
3835221.78765259,
1500704.30534041,
3877764.53520344,
1524418.59768819,
3920661.77632556,
1548371.15732815,
0.45421363,
0.29055683,
0.72502240,
0.46744666,
4906746.99384822,
2109726.61978383,
4957930.88210765,
2139368.64594068,
5009513.95514094,
2169285.11887211,
5061502.35995682,
2199475.05118294,
5113892.55753052,
2229949.00580674,
5166689.43744404,
2260705.57882360,
5219895.47853694,
2291743.22333562,
5273517.42794591,
2323066.13103726,
5327549.30776236,
2354680.02406231,
5381994.29375348,
2386578.85564995,
5436855.64960873,
2418766.91896065,
5492138.69487135,
2451244.10630757,
0.79849983,
1.25313262,
0.78802006,
0.88275599,
6753686.64275327,
3203550.72569530,
6818739.60957408,
3242868.26961539,
6884264.23576512,
3282512.24906306,
6950254.22829006,
3322486.07335480,
7016719.07944851,
3362794.98414284,
7083661.42497178,
3403437.86854021,
7151077.04116667,
3444417.38822394,
7218975.80687443,
3485737.77972500,
7287365.20293562,
3527403.29233161,
7356239.40015368,
3569408.25695200,
7425593.47737948,
3611762.74831735,
7495440.83447518,
3654456.48751901,
0.90795903,
0.52570478,
0.43250101,
-0.07750938,
9079547.26436031,
4634324.39725166,
9160769.90028400,
4685106.76716019,
9242533.06944735,
4736275.47428377,
9324841.70762418,
4787833.66083725,
9407701.60565880,
4839786.10250407,
9491115.38993786,
4892134.60301272,
9575078.64485117,
4944878.33124518,
9659598.00307283,
4998015.30495691,
9744677.58287362,
5051556.61899220,
9830318.62840158,
5105505.13547871,
9916522.66638143,
5159853.08259235,
10003296.44692066,
5214609.57561090,
0.62267020,
0.87050661,
0.63702645,
0.89842371,
11960773.12624096,
6461760.84831821,
12060640.47123924,
6525949.33333721,
12161139.07424536,
6590590.63546424,
12262254.00616730,
6655688.18687891,
12364004.10356259,
6721237.70721943,
12466388.88917988,
6787249.77343599,
12569412.21688872,
6853724.18414295,
12673068.58506933,
6920654.23033364,
12777361.60206451,
6988048.06649285,
12882298.59124125,
7055912.80180118,
12987885.32877103,
7124245.55837512,
13094118.48184753,
7193051.81499607,
0.62261872,
0.89442591,
0.12813446,
1.96877078,
15479495.52101386,
8750312.97575311,
15600667.17480485,
8830003.82410548,
15722551.57499705,
8910213.68366943,
15845150.71905801,
8990947.58866871,
15968467.15996690,
9072201.05350322,
16092499.89462891,
9153982.42650764,
16217251.14656445,
9236297.39634372,
16342734.09563058,
9319139.74392064,
16468944.87453939,
9402506.24806028,
16595881.43094089,
9486409.10295697,
16723545.30143980,
9570858.71220318,
16851955.72472900,
9655844.77012215,
1.23983663,
-0.18373644,
0.02110254,
1.28470797,
19723481.22445291,
11569164.46179706,
19868802.20655598,
11666596.09524422,
20014924.33597652,
11764616.68770156,
20161850.10805855,
11863238.53760278,
20309584.30847179,
11962454.64994304,
20458128.06783058,
12062260.22094280,
20607482.43823390,
12162669.92909124,
20757651.36708407,
12263684.52206852,
20908643.80651813,
12365295.79544728,
21060450.19583882,
12467519.01192473,
21213092.22618189,
12570361.97641142,
21366563.96309483,
12673814.50472761,
-0.00572406,
0.95768260,
0.13091616,
0.06219121,
24786205.75403302,
14992229.46127233,
24958678.04919100,
15109781.33946769,
25132041.61903847,
15228001.26124113,
25306317.22328840,
15346899.50479044,
25481491.43102106,
15466470.68316655,
25657576.48669581,
15586709.55860941,
25834575.02224197,
15707630.71443389,
26012479.26068287,
15829233.23715158,
26191295.04490320,
15951513.17304493,
26371037.17372486,
16074478.11598535,
26551704.39539186,
16198135.48273761,
26733304.72007353,
16322488.05110968,
1.40618589,
0.52605580,
1.26550046,
0.76034480,
30766748.10989972,
19098137.87942966,
30969561.96840109,
19238347.73907886,
31173365.15262706,
19379303.11861420,
31378182.21382909,
19521020.85271334,
31584015.55966315,
19663485.22464311,
31790835.70514474,
19806716.61125423,
31998692.38845366,
19950708.79784139,
32207568.40472432,
20095465.51249008,
32417458.52903706,
20240982.39108511,
32628366.85560460,
20387266.58280107,
32840307.85117331,
20534328.18827441,
33053278.33699289,
20682162.37554566,
0.80074174,
0.07817279,
1.51860671,
0.22737731,
28793710.56594887,
37185022.06147165,
28982915.09886497,
37421489.66493222,
29173032.53737677,
37659078.73956347,
29364078.38824640,
37897792.07043317,
29556048.53060262,
38137634.86498179,
29748955.20518769,
38378607.83726817,
29942794.82132184,
38620722.68956530,
30137578.54863276,
38863982.05013596,
30333304.82162833,
39108380.40734510,
30529972.60549072,
39353927.61374053,
30727584.53574088,
39600624.89671703,
30926150.52907734,
39848470.16562661,
0.35252439,
0.36857635,
0.96496278,
0.76263041,
62199552.74527869,
67719304.96366921,
62563451.95729169,
68114077.67001948,
62928947.32335925,
68510575.32519612,
63296042.70989870,
68908792.44321465,
63664740.25649583,
69308755.60622969,
64035053.76732443,
69710457.28849399,
64406980.79102997,
70113896.76303925,
64780519.82759167,
70519085.28254233,
65155684.76648128,
70926029.01240902,
65532481.17061846,
71334742.93684621,
65910919.71170172,
71745213.73651357,
66290980.03245893,
72157448.75020072,
0.07289371,
1.94911377,
-0.70202270,
-0.37697513,
56800278.38306686,
61095939.87492774,
57123034.10994324,
61441605.88909291,
57447161.05105169,
61788746.13025448,
57772669.75866356,
62137343.11363653,
58099563.51498905,
62487420.79875687,
58427832.23865441,
62838982.40033461,
58757499.32484811,
63192013.35004956,
59088554.19866027,
63546520.92957792,
59420999.02012254,
63902526.55072820,
59754860.90458067,
64260030.73116091,
60090115.29629311,
64619030.18266784,
60426780.76109713,
64979524.54090868,
0.62082329,
0.25888940,
-0.08789969,
1.18264883,
38699878.72124824,
30572945.63370455,
38914227.92215008,
30741403.78023396,
39129465.18645573,
30910561.39668553,
39345591.11216542,
31080416.72210518,
39562614.81803295,
31250969.89702744,
39780540.36931581,
31422231.01741586,
39999361.56815186,
31594197.30256939,
40219078.78723627,
31766857.25679442,
40439700.54136696,
31940226.79614219,
40661226.14914498,
32114309.51269567,
40883667.76204528,
32289100.83321530,
41107011.51260909,
32464606.81493775,
-0.27660977,
0.78894078,
1.04989807,
0.82017055,
19137.49909786,
42010.86018898,
19137.88321272,
42011.18377102,
19137.87327337,
42011.19356808,
19136.70448189,
42011.70436684,
19137.08646974,
42011.50069389,
19137.18361753,
42011.24572807,
19137.72629424,
42011.01503714,
19137.88071648,
42011.04280031,
19137.76283850,
42011.16902292,
19137.96004417,
42012.02679657,
19137.09297276,
42011.97765238,
19137.48222641,
42010.32387118,
0.86515763,
0.91231218,
1.03420429,
0.16936705,
18243.84266217,
1548.12618206,
18244.53145855,
1548.26417356,
18243.96136048,
1547.27913179,
18243.85118384,
1547.18074476,
18244.57631768,
1547.66971210,
18243.78724045,
1548.33359282,
18245.40901129,
1547.76576688,
18245.03158467,
1548.04392386,
18244.06607023,
1548.18525456,
18243.71018392,
1547.77725151,
18244.94772379,
1548.39773167,
18243.59182976,
1548.08589617,
1.79342201,
0.32454219,
0.59052504,
0.68423396,
2.49572190,
2.58792167,
3.13503814,
2.86958824,
2.18972533,
2.23995445,
3.27309992,
3.05216369,
2.65037671,
1.95490411,
2.34937272,
3.04852858,
2.89335050,
2.66930834,
2.07911483,
3.24773964,
3.66570415,
2.84368827,
3.42956909,
2.55891418,
2.72861557,
3.15068849,
3.15574294,
3.43072723,
1.31539108,
0.25839279,
0.92408102,
1.34664568,
3.47900494,
3.37016240,
1.96893504,
2.14568243,
3.24065554,
2.66829431,
2.75531464,
3.45707042,
2.88345640,
2.13423650,
2.40343906,
2.92573204,
2.76627666,
3.28414863,
3.41511253,
2.91912780,
2.61442867,
3.49103488,
2.35892681,
2.00431795,
3.23937992,
2.93579205,
3.49071448,
2.67610437,
0.40256169,
1.14839253,
1.39133314,
0.79761266,
3.00784424,
2.92712285,
3.04089013,
1.86865638,
2.74322429,
2.87417335,
2.23493800,
3.68672709,
1.98269744,
3.28345257,
3.08385682,
2.50150302,
2.80315012,
3.81412604,
2.38483763,
2.20255538,
4.14399754,
3.99946420,
2.95579265,
2.08885847,
2.54744708,
2.60276610,
2.65881155,
1.86302475,
0.60032814,
1.08626190,
0.01251532,
0.35830919,
3.09175184,
2.59982559,
2.97435431,
2.77143734,
2.34077653,
3.10710200,
2.34263484,
2.77050160,
2.69141650,
4.12324574,
3.70619291,
3.28764131,
2.51847075,
2.78317993,
2.52705550,
1.69678519,
3.30506356,
2.41705240,
3.41413796,
3.83295199,
1.85882487,
3.01457267,
3.47530128,
1.64923038,
-0.23486735,
0.75161137,
0.08279462,
0.71959653,
3.28351824,
2.59654603,
1.30866979,
2.32267368,
2.46944929,
2.67036766,
2.33741333,
1.66087785,
2.24977617,
2.68867402,
3.90028273,
2.82479338,
2.32253534,
2.99113388,
2.64422245,
2.59914499,
4.23979614,
2.26270339,
3.51504341,
2.42794384,
2.56177626,
3.15504839,
2.59883697,
2.91859170,
0.81196473,
1.00456066,
0.89323319,
1.82090171,
3.28985766,
2.85540796,
2.82324132,
2.95992480,
3.07435621,
3.35743606,
3.12418057,
2.87796563,
2.36491497,
3.09715748,
2.56124751,
3.01494594,
2.70039263,
2.67163409,
3.41910764,
2.53224585,
3.08951375,
2.34509572,
2.52342876,
2.08291467,
1.52482951,
2.28769604,
2.65134100,
2.49019073,
0.31197768,
1.33610195,
-0.25301114,
1.03373913,
1.74638912,
2.67344865,
2.32786836,
2.29637428,
1.88995281,
3.05508577,
1.54797500,
2.22006883,
4.23584113,
3.97122460,
3.00855496,
3.01862538,
2.95344095,
2.35114155,
2.93906455,
2.38892157,
2.92923386,
3.29779683,
3.16272913,
0.62261071,
2.69894160,
3.33806708,
3.07437568,
2.38540469,
0.77200400,
0.01146039,
0.94025338,
1.53450572,
1.95450200,
2.45173879,
2.36054359,
3.76051149,
2.94712381,
2.15180728,
3.69721624,
2.72020811,
1.53266670,
2.43217327,
2.74275983,
2.94726606,
2.81930239,
2.04316064,
2.59342902,
2.53474474,
3.32529022,
2.06858519,
2.59879097,
3.07260961,
2.37245781,
2.62067087,
2.68759827,
2.31536945,
1.33506525,
0.07636170,
0.91450575,
0.35525536,
0.31616089,
1.31581068,
0.24706411,
-0.36826039,
0.11975199,
0.34317252,
0.75641904,
0.36381295,
1.30295068,
0.26212168,
-0.40678277,
0.72987993,
0.87412937,
0.44451508,
1.70180175,
0.69522718,
0.45376126,
1.15076349,
-0.24371117,
0.18084298,
0.63017681,
0.87214997,
1.25432038,
0.88786396,
0.37937136,
1.31404953,
0.72404207,
2.59355779,
1.96559803,
0.87962816,
0.60057380,
1.28310359,
0.21647834,
0.32097953,
-0.33707999,
0.21448515,
0.26936146,
0.42385235,
0.59591986,
1.37124391,
1.04536273,
0.86663780,
0.82795809,
0.47631196,
0.85182167,
0.38639543,
0.65642832,
0.55802413,
0.31708120,
0.56225734,
-0.12492321,
0.32560676,
0.69852805,
1.36269201,
0.80025039,
0.20985015,
0.94191200,
1.64295889,
0.36478553,
0.65503886,
1.77498438,
0.55025463,
0.96818260,
0.75324533,
0.38101937,
0.83007643,
0.73618807,
0.82681023,
0.64261918,
0.12850285,
0.49913649,
1.96445906,
0.77878693,
0.55824716,
0.90678135,
0.38728392,
1.02924409,
0.71845247,
0.64058606,
1.43311546,
1.00382757,
0.52049578,
0.40227820,
0.94602587,
1.05575709,
0.47083252,
1.20242115,
0.95476225,
1.20696936,
0.14855421,
0.64954600,
-0.24276072,
1.36836735,
1.12491825,
1.36586726,
1.01445466,
0.37521381,
0.18049213,
1.03393117,
-0.66852038,
0.59135272,
0.59996250,
1.19947435,
0.03701957,
0.46165331,
0.75457191,
0.85633863,
0.42208361,
0.39359324,
0.43922040,
0.23807168,
0.36660366,
