19.61382118,
25.02613993,
67.68461504,
17.91641786,
83.43092427,
73.02130465,
55.48888204,
89.03478895,
61.12906005,
50.46493393,
34.23206639,
53.03128811,
55.99986012,
29.64668883,
69.46074747,
93.48423526,
66.73660800,
55.26845467,
57.82966745,
57.51828344,
63.11541494,
32.20273441,
77.35844603,
71.47804685,
30.45877589,
95.54348761,
65.09913555,
42.26295764
30.74376853,
79.13897996,
77.04369172,
48.19355709,
93.24226623,
70.19055360,
44.55618237,
51.21618200,
64.05223085,
88.19510952,
106.62800189,
47.63809660,
71.46971096,
64.46620278,
68.02679635,
52.11523606,
92.31366694,
126.45120663,
92.88172109,
95.97532635,
65.73720042,
75.40807868,
73.25419846,
85.06178988,
102.20411873,
83.52034796,
87.14710966,
99.93941418
64.61391742,
82.33267541,
77.19092522,
67.44283734,
120.00635174,
82.04324389,
67.45641320,
89.56839394,
78.81238141,
52.07407617,
6.23899988,
7.89925626,
49.73738214,
28.80797191,
36.94264320,
28.89724136,
96.51479921,
41.05562067,
65.70746202,
116.01811761,
11.90010650,
25.45855655,
41.28676551,
85.31807964,
141.65411004,
42.29554392,
20.84118919,
40.34035176
-1.39789090,
30.80295273,
64.06312389,
93.54878411,
90.84993343,
46.91097631,
19.49490507,
76.50959744,
85.06128408,
47.12940981,
56.34926592,
72.39116348,
63.86001702,
7.32552540,
71.23664687,
20.10540443,
2.88254215,
-31.99568371,
-4.33377218,
-64.28523584,
-75.82509830,
20.51952428,
18.99751244,
-18.03685170,
-20.44540561,
14.76213874,
-33.96719961,
-14.03600110
-39.10924188,
51.87371877,
-16.60030258,
26.29318619,
-23.03814896,
-69.42386316,
63.53388230,
-69.83447528,
-89.56315891,
-34.16675112,
-47.55096238,
-52.84524599,
21.19903653,
50.20542352,
-1.56481824,
57.45971134,
-22.93009254,
75.80865627,
91.86370323,
23.86951252,
124.50108372,
148.08357863,
101.90171029,
78.34483215,
46.89484110,
1.41109674,
73.78224273,
133.64105912
48.08853367,
8.50737555,
60.90360050,
-10.53742135,
24.22988446,
24.02953945,
93.71370548,
63.34507842,
106.60512714,
129.44374878,
34.26622670,
57.18792129,
5.52537669,
10.58051745,
7.35432983,
19.27708376,
58.50806229,
55.84535261,
63.11106298,
-4.98670550,
38.00387553,
2.68459327,
86.30127252,
35.57702262,
-7.85273327,
7.79012415,
80.96429990,
66.10663282
75.27691724,
67.78288534,
58.75862956,
26.98461013,
71.08479302,
106.02723006,
-15.08993791,
32.52985121,
37.43826462,
23.65041308,
35.69030833,
19.10805866,
18.04949607,
80.53116468,
120.39191911,
78.39881854,
110.13185285,
37.19696286,
56.94556273,
37.42961408,
22.83996304,
92.19162521,
45.85994573,
77.21744130,
43.22032015,
41.42451781,
26.08223216,
44.01738399
90.08891290,
43.27405957,
49.75910850,
79.20689046,
62.06969611,
34.14535936,
24.73842479,
129.79414122,
116.68474679,
161.43213620,
139.47314907,
97.08531018,
131.91808942,
47.62568158,
65.54411382,
100.02144813,
100.05303313,
109.14927443,
90.74918038,
125.62211980,
90.31797270,
78.01453851,
42.02321033,
33.60181073,
-16.26311472,
45.90414565,
32.91995134,
56.45332272
67.49778556,
7.05858752,
87.00198860,
120.17110388,
121.40174322,
36.63710904,
49.71025192,
41.09532522,
40.73427849,
110.75703702,
17.34176892,
-53.94930993,
12.83259365,
18.51927402,
60.26309005,
84.90691617,
89.74798277,
68.28890966,
57.23979881,
63.19255743,
-10.90622350,
55.53484375,
-36.21805824,
79.38270340,
111.21210945,
60.24264233,
139.91650016,
82.08976486
25.73805977,
59.12277273,
80.69621287,
71.89574705,
105.99573182,
3.68412777,
46.29287039,
47.62148016,
91.95181592,
144.25374997,
13.28729745,
75.39466483,
-31.49807844,
-24.07937604,
25.17306385,
103.62649599,
81.91424313,
-1.15797152,
22.21921940,
54.35266876,
5.92815109,
-17.49858162,
-9.00110284,
-9.43835954,
-22.57686261,
44.55290530,
97.30206796,
26.27548511
34.37574082,
44.45459693,
49.02563154,
63.78326574,
79.81254467,
54.30282035,
40.57963050,
37.03555678,
38.12531920,
66.72715909,
-48.50982572,
-24.25992970,
-19.45091645,
24.09895334,
158.34667079,
82.83881560,
74.06274653,
35.36328540,
2.95725356,
16.69076022,
45.46254612,
65.75679604,
39.99031760,
83.67532731,
100.29009294,
142.86909538,
93.06106351,
29.61219333
37.78618994,
4.56740095,
-30.86369164,
90.78613971,
69.70005050,
87.71769810,
51.80600700,
73.00482239,
32.73304896,
45.96340955,
66.67630995,
69.38232791,
86.09966475,
124.52242005,
96.91361132,
49.60668790,
66.85044030,
51.37574337,
98.38440443,
117.85348930,
125.89327135,
85.17106159,
26.72051389,
18.26036861,
8.92705349,
3.59808319,
76.16632072,
39.30360000
7.02162205,
85.55749182,
142.67717415,
99.38924276,
83.60167967,
88.15563952,
28.68433639,
63.93243287,
41.26937628,
30.69413137,
66.49555720,
33.91832361,
49.86659920,
31.57981301,
16.66720581,
34.30746789,
-0.80000534,
36.71612029,
69.41325666,
105.38803146,
25.27185125,
17.81020878,
49.04346342,
33.17228882,
58.41977640,
129.03651500,
134.68873851,
91.78145999
81.96210169,
51.01279056,
74.87629866,
2.46749554,
25.75681143,
39.61845491,
24.03800338,
153.75380042,
62.87964390,
73.09623574,
0.64882084,
1.45148449,
46.08688199,
16.98897732,
147.33709331,
180.80202404,
50.39132741,
79.84028684,
73.20298676,
1.69642209,
48.93282200,
39.30741114,
-4.64941704,
58.05341702,
103.92494275,
90.78049765,
62.58925474,
19.64775935
39.45084466,
79.64070784,
41.14461256,
95.00880167,
92.13662334,
73.35411454,
74.56174029,
72.81552342,
-2.00349736,
-17.84474195,
-29.54501701,
-23.42721989,
29.47817981,
44.31471067,
135.12217213,
68.26751919,
41.73015294,
36.40610423,
-21.46016572,
50.92192566,
92.15752348,
79.28945896,
15.76585121,
23.66521362,
9.40566167,
43.91492114,
62.46263214,
101.82972679
55.04551445,
30.45809671,
23.10811418,
-5.54196371,
8.28452171,
-19.79903438,
19.10165972,
93.26816188,
57.76476190,
146.73573219,
113.07435710,
57.89535531,
92.55441806,
39.60576102,
-0.78793945,
41.16681129,
-52.97506605,
40.09529142,
32.41657779,
105.97519364,
96.25830654,
24.78588239,
29.50314249,
64.07426724,
6.80715125,
96.11428242,
111.25976441,
7.36742648
86.15223212,
64.55759869,
20.20280943,
53.28205898,
100.89170423,
71.11386088,
145.89428916,
37.60395990,
88.58692602,
60.56791188,
-36.89160603,
-44.49573035,
1.51246707,
-4.44938136,
36.82574323,
129.95302892,
173.59572477,
183.62538340,
135.82189547,
46.22933440,
58.02028302,
-7.29868167,
80.70685581,
-11.91696505,
30.60115042,
130.35630884,
64.01039415,
63.15738598
107.12287837,
41.41971101,
52.62618827,
110.84942859,
85.26246485,
96.05378932,
33.81125212,
-9.13131926,
2.39802926,
8.73422981,
33.90508474,
58.76041447,
77.91556517,
63.95040427,
103.08376619,
69.25150625,
-28.00851545,
31.79545190,
19.32480678,
11.62991150,
-13.21114707,
61.98728733,
106.34504378,
129.19653739,
93.45216680,
-5.39819198,
-22.60698794,
30.82581057
23.35860635,
-0.55805370,
2.96908414,
51.60094377,
69.57661373,
110.25872310,
65.31388621,
-10.16484677,
31.59038400,
61.64318555,
43.96280269,
121.64347324,
50.74520402,
46.61593985,
37.70410437,
74.01097050,
55.94219872,
17.47814724,
71.96572063,
55.77536806,
74.49128548,
30.58062917,
39.57451367,
-0.32185823,
24.95850772,
-18.67302482,
15.57089738,
55.98207547
122.16289951,
131.59762428,
77.33880094,
79.78539255,
75.67656179,
65.49275156,
72.92797340,
38.38017232,
45.80357484,
28.38214559,
71.87493129,
55.29584380,
-2.66936580,
59.20671542,
67.40923302,
60.91539953,
13.22740942,
62.44233464,
61.98750003,
-10.65688169,
101.44884950,
53.13324349,
4.17422347,
85.04870521,
29.04633922,
82.85708516,
73.72891918,
141.82635159
21.30115964,
50.32127255,
18.46614433,
24.69903247,
12.56061250,
11.65889310,
76.66978623,
73.71906731,
64.08938073,
119.86312427,
45.09381560,
31.08535530,
-22.61633192,
-9.54519268,
33.51270440,
99.63944789,
25.80161575,
36.81887412,
48.50011827,
118.81160144,
148.28315260,
47.37402074,
37.94854212,
87.67052265,
37.35095383,
65.27528305,
107.93078207,
48.29660234
57.65600053,
57.59028996,
28.64978208,
-0.78138152,
99.49735351,
103.67379274,
108.27474813,
73.08885348,
83.61889021,
100.45299847,
23.78232481,
59.46264721,
92.69873445,
48.52771970,
189.31578467,
147.32161775,
108.72957676,
117.55711857,
23.11495933,
83.47578785,
97.78208414,
49.38582720,
27.72528030,
9.40949796,
42.79208081,
63.51719235,
67.58375406,
22.69851688
136.82667161,
160.20297766,
72.88598944,
81.13835361,
74.03653387,
48.90710336,
46.67562981,
101.63335901,
32.26619999,
96.51101787,
87.02065361,
45.78763949,
76.59313655,
-57.36902625,
42.69721588,
-11.63537671,
-6.07530046,
47.43796989,
-65.34710601,
50.22120453,
35.23600444,
63.58077097,
6.29132883,
22.41614196,
43.50715829,
71.76064515,
55.08768408,
63.82805176
80.42778009,
75.70084553,
105.61592022,
37.22392194,
-43.17096111,
29.00603757,
87.11117595,
71.26825440,
81.58125017,
51.87996296,
-1.21897307,
41.56407096,
-18.29648304,
-30.28755089,
43.59958062,
26.45868186,
53.85681880,
139.78061698,
25.04128649,
13.48500221,
-10.20613955,
1.62492650,
61.36810090,
78.18135927,
50.59340563,
140.28439957,
111.14731195,
49.81498097
47.09288427,
49.16756707,
122.66952008,
66.98397630,
26.54879347,
91.21719517,
119.68735375,
23.96849324,
56.40474972,
50.72703223,
11.44480881,
25.55860388,
48.45547512,
13.40959412,
18.39883922,
64.66533415,
73.31699061,
42.82575404,
45.54580277,
116.73700185,
98.83050338,
99.72113667,
166.29028467,
104.31786577,
184.90163213,
59.04700905,
23.40169522,
22.00707872
6.52765667,
52.27747310,
77.71424234,
93.70400825,
60.99446261,
-4.92258983,
-14.48870476,
21.97130456,
-37.91876691,
-27.03473272,
35.40985038,
63.96894205,
45.60566731,
55.23290498,
32.52180841,
76.73893938,
94.43246703,
130.29325763,
55.69016490,
36.48200454,
41.98248769,
22.34947284,
40.27213376,
4.22350066,
31.29348408,
80.90015308,
107.22483767,
79.32821512
71.60778144,
86.70673987,
42.78087600,
96.15697208,
56.63165138,
63.07069464,
68.67530973,
63.12781585,
71.81616687,
86.35310077,
32.60111595,
51.47173970,
95.18066030,
53.23768135,
-47.61167103,
62.40106236,
31.35309276,
59.26997724,
-13.37804235,
-19.07694006,
49.92688983,
29.31589418,
93.34993640,
15.98050815,
105.10150190,
50.64258653,
54.90204577,
57.16952473
42.07479689,
43.10260754,
-11.75061944,
0.19097757,
43.49303252,
53.49827696,
28.71745436,
-60.90824358,
-9.20758800,
4.70084059,
-0.81007669,
94.54967415,
32.71154173,
17.14057150,
44.12023855,
33.98213094,
59.47008007,
136.61157418,
132.95872406,
96.23622587,
77.06271516,
63.00353393,
104.30354317,
36.76783426,
31.67290079,
70.84018465,
63.21178755,
82.41596931
