3.32557897,
3.32134837,
3.31709886,
3.31286369,
3.30861021,
3.30437465,
3.30008642,
3.29581667,
3.29152487,
3.28724967,
3.28294947,
3.27864829,
3.27434958,
3.27002168,
3.26570058,
3.26136362,
3.25699221,
3.25265602,
3.24830501,
3.24394933,
3.23955916,
3.23518478,
3.23080290,
3.22642591,
3.22201504,
3.21760819,
3.21321125,
3.20879227,
-1.91389517,
-1.91389455,
-1.91390187,
-1.91388501
3.18656911,
3.18210916,
3.17765979,
3.17316761,
3.16869614,
3.16418698,
3.15969901,
3.15520925,
3.15068772,
3.14617707,
3.14163256,
3.13712635,
3.13257444,
3.12802879,
3.12350632,
3.11897424,
3.11439507,
3.10981463,
3.10526154,
3.10069665,
3.09609699,
3.09149721,
3.08690255,
3.08232570,
3.07771400,
3.07312766,
3.06850484,
3.06388841,
-1.91389633,
-1.91389505,
-1.91389538,
-1.91389531
3.04067862,
3.03604377,
3.03136604,
3.02671365,
3.02205200,
3.01735917,
3.01267766,
3.00798373,
3.00331884,
2.99858691,
2.99388766,
2.98919799,
2.98446719,
2.97977371,
2.97505564,
2.97031891,
2.96558425,
2.96085028,
2.95611210,
2.95137652,
2.94661991,
2.94189000,
2.93711380,
2.93233332,
2.92756324,
2.92281080,
2.91804189,
2.91326345,
-1.91389693,
-1.91388906,
-1.91388516,
-1.91389686
2.88928715,
2.88446543,
2.87965711,
2.87484020,
2.87003453,
2.86521295,
2.86037652,
2.85557088,
2.85074678,
2.84589212,
2.84105804,
2.83620229,
2.83134576,
2.82651208,
2.82164531,
2.81677844,
2.81192260,
2.80706648,
2.80220889,
2.79731089,
2.79243463,
2.78754534,
2.78269031,
2.77779639,
2.77289311,
2.76800018,
2.76310005,
2.75821598,
-1.91388353,
-1.91388922,
-1.91389007,
-1.91389147
2.73365016,
2.72873060,
2.72383066,
2.71891438,
2.71397038,
2.70902256,
2.70408866,
2.69918699,
2.69423782,
2.68929798,
2.68436522,
2.67941678,
2.67445054,
2.66954160,
2.66457855,
2.65961630,
2.65464026,
2.64968471,
2.64473145,
2.63976873,
2.63479544,
2.62982412,
2.62486134,
2.61987641,
2.61490693,
2.60993996,
2.60494171,
2.59995771,
-1.91388315,
-1.91388452,
-1.91388589,
-1.91389501
2.57504349,
2.57005108,
2.56504692,
2.56005147,
2.55505782,
2.55007047,
2.54506600,
2.54005148,
2.53505001,
2.53003298,
2.52504245,
2.52002873,
2.51500266,
2.51001396,
2.50501604,
2.49996788,
2.49495109,
2.48996078,
2.48494386,
2.47992132,
2.47489461,
2.46987797,
2.46486060,
2.45982751,
2.45480348,
2.44977478,
2.44475057,
2.43974465,
-1.91389104,
-1.91389007,
-1.91388617,
-1.91389002
2.41459690,
2.40956636,
2.40452796,
2.39949595,
2.39444702,
2.38941397,
2.38438735,
2.37936192,
2.37431817,
2.36927620,
2.36424547,
2.35920493,
2.35416399,
2.34913632,
2.34410911,
2.33903866,
2.33402295,
2.32897853,
2.32394768,
2.31890173,
2.31385822,
2.30880080,
2.30377308,
2.29872467,
2.29370817,
2.28865947,
2.28362617,
2.27859017,
-1.91389223,
-1.91388898,
-1.91389279,
-1.91389665
2.25338705,
2.24835628,
2.24334718,
2.23830024,
2.23324374,
2.22820829,
2.22319322,
2.21813073,
2.21308843,
2.20806945,
2.20305037,
2.19799476,
2.19295321,
2.18794797,
2.18291022,
2.17788858,
2.17284336,
2.16780517,
2.16278223,
2.15777127,
2.15274436,
2.14772050,
2.14270716,
2.13768744,
2.13265122,
2.12763742,
2.12261411,
2.11759729,
-1.91390061,
-1.91389826,
-1.91389815,
-1.91389424
2.09249349,
2.08747974,
2.08249631,
2.07750487,
2.07246827,
2.06744345,
2.06245671,
2.05748937,
2.05245870,
2.04745617,
2.04244575,
2.03745157,
2.03245767,
2.02743977,
2.02246676,
2.01747717,
2.01249242,
2.00749484,
2.00250654,
1.99754012,
1.99254889,
1.98756780,
1.98259858,
1.97759563,
1.97263159,
1.96767983,
1.96268427,
1.95773066,
-1.91388998,
-1.91389104,
-1.91389087,
-1.91389937
1.93291344,
1.92793351,
1.92299768,
1.91805420,
1.91310408,
1.90814799,
1.90320268,
1.89828464,
1.89333018,
1.88837340,
1.88345285,
1.87851772,
1.87357501,
1.86863942,
1.86372804,
1.85881167,
1.85387238,
1.84893454,
1.84404469,
1.83914430,
1.83421850,
1.82931309,
1.82441459,
1.81948934,
1.81458589,
1.80970153,
1.80481628,
1.79990443,
-1.91389927,
-1.91388893,
-1.91388791,
-1.91389983
1.77551264,
1.77063687,
1.76576425,
1.76090055,
1.75603412,
1.75116440,
1.74628387,
1.74144810,
1.73663149,
1.73175168,
1.72690051,
1.72205590,
1.71723755,
1.71237323,
1.70753938,
1.70273038,
1.69790677,
1.69308742,
1.68825413,
1.68343352,
1.67862806,
1.67383995,
1.66903512,
1.66421602,
1.65939574,
1.65459958,
1.64981073,
1.64501594,
-1.91389121,
-1.91388593,
-1.91388966,
-1.91387739
1.62114972,
1.61637064,
1.61161330,
1.60683053,
1.60209249,
1.59735712,
1.59257447,
1.58784047,
1.58314117,
1.57839411,
1.57364319,
1.56892861,
1.56421999,
1.55948237,
1.55477453,
1.55003587,
1.54533421,
1.54061126,
1.53593203,
1.53124963,
1.52652856,
1.52186586,
1.51720747,
1.51252108,
1.50783526,
1.50319466,
1.49849513,
1.49383510,
-1.91389715,
-1.91390223,
-1.91389873,
-1.91387717
1.47061186,
1.46595542,
1.46132677,
1.45672172,
1.45209013,
1.44747255,
1.44286599,
1.43825134,
1.43365163,
1.42905107,
1.42445889,
1.41988029,
1.41527395,
1.41069913,
1.40610864,
1.40157477,
1.39700252,
1.39242480,
1.38785291,
1.38333088,
1.37876755,
1.37423445,
1.36970208,
1.36516435,
1.36064030,
1.35613616,
1.35161129,
1.34709301,
-1.91389452,
-1.91388229,
-1.91388834,
-1.91389952
1.32461226,
1.32011334,
1.31568516,
1.31119432,
1.30673400,
1.30227469,
1.29781499,
1.29335610,
1.28890608,
1.28445188,
1.28002942,
1.27560103,
1.27120177,
1.26677082,
1.26234442,
1.25794383,
1.25353675,
1.24914280,
1.24473972,
1.24037166,
1.23597816,
1.23159482,
1.22721301,
1.22286507,
1.21850268,
1.21413489,
1.20979339,
1.20546051,
-1.91389326,
-1.91389851,
-1.91388419,
-1.91388694
1.18383566,
1.17951912,
1.17522955,
1.17091115,
1.16662785,
1.16232766,
1.15807189,
1.15379795,
1.14953242,
1.14526729,
1.14100027,
1.13676266,
1.13249669,
1.12827315,
1.12402638,
1.11980966,
1.11558450,
1.11137088,
1.10714704,
1.10296331,
1.09876363,
1.09455737,
1.09038300,
1.08621265,
1.08202737,
1.07783799,
1.07368385,
1.06951895,
-1.91388271,
-1.91389956,
-1.91389404,
-1.91388422
1.04884720,
1.04472813,
1.04062204,
1.03652749,
1.03241645,
1.02832728,
1.02423199,
1.02016763,
1.01609356,
1.01199283,
1.00794425,
1.00388015,
0.99985101,
0.99581074,
0.99177221,
0.98771865,
0.98369637,
0.97971266,
0.97567530,
0.97167497,
0.96766958,
0.96368713,
0.95970517,
0.95572644,
0.95177479,
0.94780493,
0.94381081,
0.93986288,
-1.91389962,
-1.91389263,
-1.91388712,
-1.91389051
0.92020265,
0.91629228,
0.91237862,
0.90849530,
0.90460236,
0.90073229,
0.89682140,
0.89296291,
0.88910447,
0.88524646,
0.88137848,
0.87753583,
0.87368384,
0.86986496,
0.86604829,
0.86222603,
0.85841990,
0.85463832,
0.85082060,
0.84700122,
0.84322094,
0.83946329,
0.83569935,
0.83192855,
0.82817674,
0.82443809,
0.82068697,
0.81693704,
-1.91389434,
-1.91389117,
-1.91388484,
-1.91389226
0.79837411,
0.79468050,
0.79098918,
0.78731982,
0.78364230,
0.77997933,
0.77633691,
0.77266243,
0.76902627,
0.76538482,
0.76175672,
0.75813196,
0.75452871,
0.75093155,
0.74733171,
0.74372508,
0.74012985,
0.73655477,
0.73299902,
0.72942346,
0.72584621,
0.72229438,
0.71878215,
0.71522341,
0.71171289,
0.70819206,
0.70467472,
0.70116934,
-1.91388728,
-1.91389814,
-1.91388271,
-1.91389798
0.68375021,
0.68028027,
0.67683585,
0.67338567,
0.66994841,
0.66651244,
0.66309877,
0.65967188,
0.65627803,
0.65288021,
0.64946613,
0.64606281,
0.64268314,
0.63932525,
0.63595517,
0.63258609,
0.62923624,
0.62590168,
0.62257550,
0.61924400,
0.61592250,
0.61259754,
0.60931215,
0.60600699,
0.60272486,
0.59942092,
0.59616455,
0.59288766,
-1.91389044,
-1.91389840,
-1.91389244,
-1.91389565
0.57667846,
0.57344282,
0.57022795,
0.56703344,
0.56383907,
0.56064459,
0.55746275,
0.55428332,
0.55111336,
0.54795907,
0.54482939,
0.54165816,
0.53852203,
0.53538644,
0.53227752,
0.52916871,
0.52607131,
0.52295780,
0.51987584,
0.51678963,
0.51370914,
0.51060779,
0.50759157,
0.50453805,
0.50148322,
0.49846872,
0.49542620,
0.49239663,
-1.91389218,
-1.91389260,
-1.91389454,
-1.91388647
0.47742818,
0.47445248,
0.47150237,
0.46853062,
0.46557983,
0.46262257,
0.45970871,
0.45678174,
0.45386028,
0.45095337,
0.44806830,
0.44518252,
0.44227077,
0.43938861,
0.43651635,
0.43367673,
0.43082107,
0.42798042,
0.42513674,
0.42230607,
0.41948215,
0.41667137,
0.41385527,
0.41105314,
0.40827655,
0.40547738,
0.40270226,
0.39994333,
-1.91389686,
-1.91389022,
-1.91389541,
-1.91389670
0.38623793,
0.38351796,
0.38080856,
0.37810195,
0.37540870,
0.37273551,
0.37005099,
0.36737503,
0.36470591,
0.36204074,
0.35941429,
0.35680575,
0.35414515,
0.35151350,
0.34889088,
0.34629817,
0.34370688,
0.34111792,
0.33852816,
0.33595757,
0.33339902,
0.33083586,
0.32829145,
0.32575840,
0.32322242,
0.32068904,
0.31817215,
0.31566574,
-1.91388214,
-1.91389557,
-1.91387830,
-1.91388595
0.30324479,
0.30078370,
0.29833891,
0.29588450,
0.29345640,
0.29100902,
0.28859109,
0.28620509,
0.28380353,
0.28139478,
0.27899148,
0.27663710,
0.27425950,
0.27189101,
0.26952537,
0.26718804,
0.26485174,
0.26252139,
0.26019623,
0.25789025,
0.25556960,
0.25328602,
0.25099309,
0.24871284,
0.24642740,
0.24416345,
0.24190822,
0.23965014,
-1.91389486,
-1.91387973,
-1.91388713,
-1.91389329
0.22853272,
0.22632805,
0.22413647,
0.22196170,
0.21978636,
0.21761853,
0.21546186,
0.21331519,
0.21115164,
0.20902923,
0.20688737,
0.20479540,
0.20267366,
0.20057465,
0.19847706,
0.19638946,
0.19429644,
0.19224673,
0.19017033,
0.18811205,
0.18607682,
0.18402889,
0.18200070,
0.17998866,
0.17797814,
0.17596732,
0.17396980,
0.17196850,
-1.91389068,
-1.91388777,
-1.91388084,
-1.91389303
0.16215179,
0.16021511,
0.15828116,
0.15635318,
0.15444336,
0.15253217,
0.15061990,
0.14873506,
0.14684931,
0.14496829,
0.14310658,
0.14125111,
0.13940713,
0.13755250,
0.13571811,
0.13387975,
0.13207454,
0.13025817,
0.12845395,
0.12666124,
0.12486577,
0.12307682,
0.12132479,
0.11954796,
0.11780232,
0.11606220,
0.11431016,
0.11258391,
-1.91388238,
-1.91388737,
-1.91389409,
-1.91389164
0.10403677,
0.10236233,
0.10069018,
0.09901328,
0.09736538,
0.09571763,
0.09407043,
0.09242225,
0.09080178,
0.08919178,
0.08756427,
0.08596499,
0.08437757,
0.08278797,
0.08120356,
0.07962895,
0.07806600,
0.07651881,
0.07496707,
0.07342333,
0.07188546,
0.07037347,
0.06883808,
0.06732802,
0.06583626,
0.06434656,
0.06286225,
0.06138738,
-1.91389153,
-1.91388755,
-1.91388525,
-1.91388719
0.05410919,
0.05267882,
0.05125643,
0.04985038,
0.04844298,
0.04704377,
0.04566815,
0.04427527,
0.04290126,
0.04152684,
0.04016634,
0.03879597,
0.03746003,
0.03613025,
0.03480323,
0.03347980,
0.03216858,
0.03087255,
0.02955666,
0.02826783,
0.02698866,
0.02571535,
0.02444929,
0.02319542,
0.02193838,
0.02070045,
0.01946298,
0.01822262,
-1.91390647,
-1.91389934,
-1.91389881,
-1.91389147
0.01219508,
0.01101774,
0.00985155,
0.00867874,
0.00752583,
0.00637017,
0.00522118,
0.00407186,
0.00296005,
0.00183635,
0.00071829,
-0.00041130,
-0.00149869,
-0.00258931,
-0.00367083,
-0.00475861,
-0.00581661,
-0.00687652,
-0.00793542,
-0.00898315,
-0.01002312,
-0.01105148,
-0.01208082,
-0.01310693,
-0.01410326,
-0.01509571,
-0.01610236,
-0.01708997,
-1.91389797,
-1.91389725,
-1.91388306,
-1.91390795
-1.91389196,
-1.91389098,
-1.91388217,
-1.91388352,
-1.91388551,
-1.91388962,
-1.91388894,
-1.91389695,
-1.91389525,
-1.91390415,
-1.91389642,
-1.91389190,
-1.91389441,
-1.91388809,
-1.91388094,
-1.91388638,
-1.91388657,
-1.91388852,
-1.91389536,
-1.91389287,
-1.91389072,
-1.91388467,
-1.91389708,
-1.91388946,
-1.91389729,
-1.91388910,
-1.91389472,
-1.91389490,
-1.91389217,
-1.91389612,
-1.91388533,
-1.91389054
-1.91389514,
-1.91389886,
-1.91388692,
-1.91389495,
-1.91389005,
-1.91389140,
-1.91388549,
-1.91388752,
-1.91389959,
-1.91389301,
-1.91389270,
-1.91388728,
-1.91388680,
-1.91389360,
-1.91390112,
-1.91388346,
-1.91390686,
-1.91389894,
-1.91388997,
-1.91389260,
-1.91388147,
-1.91389303,
-1.91388818,
-1.91389037,
-1.91389079,
-1.91387570,
-1.91389196,
-1.91389679,
-1.91389413,
-1.91389051,
-1.91387819,
-1.91389147
-1.91389041,
-1.91388634,
-1.91389445,
-1.91389172,
-1.91389341,
-1.91387665,
-1.91388990,
-1.91388533,
-1.91389522,
-1.91389646,
-1.91388891,
-1.91389353,
-1.91388953,
-1.91388723,
-1.91389078,
-1.91388209,
-1.91388907,
-1.91388980,
-1.91389532,
-1.91388232,
-1.91389984,
-1.91388835,
-1.91387848,
-1.91389796,
-1.91389529,
-1.91389510,
-1.91389915,
-1.91389408,
-1.91388971,
-1.91389409,
-1.91389773,
-1.91389204
-1.91389270,
-1.91388428,
-1.91387992,
-1.91388922,
-1.91389253,
-1.91388508,
-1.91388970,
-1.91388301,
-1.91389324,
-1.91389500,
-1.91388669,
-1.91389984,
-1.91388220,
-1.91388715,
-1.91388812,
-1.91388436,
-1.91389169,
-1.91389466,
-1.91389122,
-1.91389086,
-1.91388806,
-1.91389316,
-1.91389802,
-1.91388579,
-1.91389534,
-1.91389411,
-1.91388674,
-1.91388397,
-1.91388311,
-1.91389164,
-1.91388699,
-1.91389302
