-2710918.74950879,
-3711590.03748609,
-2734590.91097358,
-3750730.05019143,
-2758411.82673538,
-3790180.48773842,
-2782386.00905226,
-3829944.99217139,
-2806512.92911526,
-3870023.21108095,
-2830788.81469305,
-3910416.82457581,
-2855219.66185635,
-3951130.09350120,
-2879805.93952938,
-3992162.52737151,
-2904545.54190271,
-4033516.34277788,
-2929441.15150485,
-4075195.12529937,
-2954493.76750287,
-4117196.52028350,
-2979702.68460388,
-4159524.93696627,
-0.55163006,
-0.53697421,
-0.36359497,
-0.63155168,
-3546358.05091160,
-5126871.29118216,
-3575171.86781595,
-5176819.62337377,
-3604156.71468978,
-5227133.69811771,
-3633313.52724775,
-5277815.83031803,
-3662640.91476178,
-5328867.90832691,
-3692144.51087445,
-5380292.65211494,
-3721821.10445596,
-5432091.86195150,
-3751669.99446036,
-5484265.36844991,
-3781694.74259020,
-5536816.86825469,
-3811896.86120558,
-5589749.65712215,
-3842273.30645502,
-5643062.30835217,
-3872827.31626393,
-5696758.55636524,
-0.07306139,
-0.19240697,
-0.53781483,
-0.34975129,
-4556587.92547094,
-6916147.98118581,
-4591210.95453273,
-6978745.14003578,
-4626023.27011771,
-7041768.26980977,
-4661031.25217873,
-7105219.60373511,
-4696234.94443703,
-7169101.12128483,
-4731633.24171295,
-7233413.65888083,
-4767228.97328860,
-7298163.09617830,
-4803015.90120329,
-7363346.99871172,
-4839000.56617044,
-7428968.98936289,
-4875181.56871433,
-7495031.72146816,
-4911564.28267363,
-7561538.83271793,
-4948144.86527555,
-7628487.76556283,
-0.98917413,
-0.13710225,
-0.74985531,
-0.61896338,
-5763545.54205757,
-9140590.36771943,
-5804680.78589965,
-9217821.49917821,
-5846033.91568738,
-9295544.91215496,
-5887601.12586442,
-9373760.93297981,
-5929384.70565226,
-9452471.67788053,
-5971384.78346965,
-9531679.31911803,
-6013610.72182226,
-9611387.24457631,
-6056051.20769158,
-9691597.39344121,
-6098710.76950481,
-9772308.28405157,
-6141587.15677126,
-9853523.17568042,
-6184691.63929495,
-9935251.00805788,
-6228013.99664152,
-10017486.83805502,
-0.95844854,
-0.88497794,
-0.34913875,
-0.90439089,
-7190386.20693487,
-11866031.21887917,
-7238778.31876593,
-11960028.60773024,
-7287413.98417309,
-12054587.82667371,
-7336289.65027637,
-12149712.41377271,
-7385406.72609414,
-12245398.43886242,
-7434758.73508275,
-12341651.17642888,
-7484357.66067899,
-12438473.82533997,
-7534196.36781465,
-12535866.82514580,
-7584279.21162375,
-12633831.76532069,
-7634608.03511526,
-12732370.75523909,
-7685183.08787131,
-12831489.78464272,
-7736003.00825042,
-12931191.12285996,
-0.11994596,
-0.39582342,
-0.39831946,
-1.02586911,
-8861480.51883322,
-15162965.77438106,
-8917914.78427177,
-15276011.59601130,
-8974613.77235857,
-15389690.47949982,
-9031577.62820065,
-15504008.51347752,
-9088808.06726092,
-15618960.06416085,
-9146304.20140506,
-15734557.43093774,
-9204068.39746476,
-15850794.97523202,
-9262096.39552411,
-15967677.04650645,
-9320391.46940448,
-16085203.67337450,
-9378958.62858153,
-16203380.77144203,
-9437804.17359019,
-16322213.04853564,
-9496914.68459085,
-16441702.91219786,
-0.66690021,
-0.65055238,
-0.40496111,
-0.38354714,
-10802422.06737956,
-19106557.53067385,
-10867716.85126294,
-19241076.02994379,
-10933297.02580876,
-19376302.19638903,
-10999172.93820308,
-19512246.72763666,
-11065332.57370695,
-19648903.66033266,
-11131791.16507383,
-19786281.08479012,
-11198548.08090622,
-19924380.38486818,
-11265597.79189060,
-20063205.09912171,
-11332935.95498373,
-20202749.93776432,
-11400575.93343320,
-20343026.82737536,
-11468515.64640357,
-20484036.29110233,
-11536749.59673802,
-20625782.44976307,
-0.52658341,
-0.20111820,
-0.32707519,
-0.62529815,
-13040029.80971749,
-23776632.62251488,
-13115038.21060601,
-23935188.11043670,
-13190360.72174488,
-24094538.08864988,
-13266007.35522071,
-24254685.43575616,
-13341970.67831065,
-24415632.71208204,
-13418248.85699263,
-24577378.62841804,
-13494853.96779328,
-24739931.27064044,
-13571788.54214088,
-24903294.33377485,
-13649039.48405423,
-25067460.04722449,
-13726616.43588341,
-25232443.53711430,
-13804524.03550584,
-25398243.54705859,
-13882750.69764681,
-25564859.41620571,
-0.16184223,
-0.41501985,
-0.45847400,
-0.41047512,
-15602327.12659277,
-29257672.17873251,
-15687945.21807937,
-29442978.67664377,
-15773912.16412837,
-29629172.82760886,
-15860226.23791862,
-29816247.20058339,
-15946885.49874729,
-30004207.57257389,
-16033900.92246944,
-30193062.27170559,
-16121256.86648187,
-30382806.81390641,
-16208965.79712676,
-30573448.26958016,
-16297027.75817255,
-30764985.98096177,
-16385448.05660737,
-30957427.32408816,
-16474222.14399442,
-31150772.36282191,
-16563347.53498539,
-31345023.97880943,
-0.98239836,
-0.82714528,
-0.43843069,
-0.54799448,
-18518576.87411912,
-35638830.81920588,
-18615727.43134242,
-35853747.76635231,
-18713270.27679083,
-36069650.92218517,
-18811190.13065543,
-36286524.70623131,
-18909481.01788353,
-36504373.10265008,
-19008165.40359545,
-36723213.49140596,
-19107223.09198631,
-36943038.15309437,
-19206655.73024156,
-37163847.46213530,
-19306469.13415582,
-37385647.64074062,
-19406668.09209483,
-37608442.85771270,
-19507256.32502346,
-37832237.04267964,
-19608221.19611963,
-38057028.50111070,
-0.39466330,
-0.96062303,
-0.51871060,
-0.29828896,
8402154.37959244,
-34512931.39190657,
8453977.32805599,
-34714693.04906452,
8506032.17366498,
-34917344.45617339,
8558331.99177191,
-35120878.87824774,
8610869.92045493,
-35325305.88856730,
8663645.56821137,
-35530628.48974245,
8716666.82935010,
-35736846.26958705,
8769924.43549297,
-35943959.83697124,
8823431.39412640,
-36151970.47096133,
8877177.27903370,
-36360893.11032429,
8931176.66828837,
-36570716.59771973,
8985418.80543205,
-36781450.12198805,
-0.29838440,
-0.26451115,
-0.47273516,
-0.50268574,
17604134.51138690,
-26863669.36600546,
17704895.78343823,
-27015742.55275597,
17806077.19653866,
-27168463.26642237,
17907703.33849402,
-27321827.63868088,
18009757.70788824,
-27475849.05854286,
18112241.89481389,
-27630519.73129174,
18215176.23847962,
-27785843.02623755,
18318546.00066248,
-27941817.78195718,
18422347.69831284,
-28098454.81137760,
18526585.38939763,
-28255753.93582364,
18631274.18383319,
-28413708.37888929,
18736405.58571173,
-28572326.34474531,
-0.23299638,
-1.30150366,
-0.51110988,
-0.69090831,
8055648.89769303,
-13760248.53635199,
8102633.75682387,
-13836632.11745885,
8149817.85343871,
-13913332.33651569,
8197213.13663190,
-13990351.03296515,
8244809.95562431,
-14067694.24938864,
8292613.60724637,
-14145357.81192547,
8340628.85674059,
-14223342.61728140,
8388851.45754533,
-14301648.53013690,
8437275.96239932,
-14380280.89327163,
8485908.81564152,
-14459237.29033740,
8534758.51174953,
-14538517.75911611,
8583815.81440875,
-14618127.06599564,
-0.06507303,
-0.43882190,
-0.66991498,
-1.02504803,
5710615.98933576,
360142.93642582,
5743167.34366693,
362829.86252313,
5775853.03325689,
365531.51284509,
5808679.07523057,
368247.20757204,
5841647.12599663,
370974.39117109,
5874752.19585780,
373714.57993104,
5907999.33940763,
376472.31085955,
5941391.43458175,
379242.09764107,
5974919.05792297,
382022.15642805,
6008589.97727439,
384819.40005089,
6042403.33194343,
387627.97736859,
6076357.64547586,
390451.96018627,
-1.04209937,
-0.37308156,
-0.83765275,
-0.74218053,
19890.70850384,
-19834.16852632,
19891.42304163,
-19834.87343966,
19892.33906404,
-19834.97055489,
19891.23978402,
-19834.46927695,
19890.99767214,
-19834.88788729,
19891.39956396,
-19834.10994926,
19891.69649062,
-19834.32797489,
19891.12102258,
-19834.62945341,
19891.37015288,
-19835.05300759,
19891.74353100,
-19834.48641456,
19890.96743773,
-19835.23201853,
19891.57731812,
-19834.72659303,
-0.90536154,
-0.71530019,
-0.66430156,
-0.23763339,
17586.73675264,
7918.42009304,
17586.46775371,
7918.65731480,
17587.30540421,
7917.61947332,
17586.89414055,
7918.07009823,
17587.01696390,
7918.65816697,
17586.91793411,
7917.49134235,
17586.88921340,
7918.16146740,
17587.62578405,
7918.56939324,
17587.29147015,
7918.06777626,
17587.22406526,
7918.93190709,
17586.89433471,
7918.23985364,
17587.20549962,
7918.78792308,
-0.46209702,
-0.91241248,
-0.72088389,
-0.94158150,
-1.86255799,
-1.50601481,
-1.81762922,
-1.32859258,
-2.02738485,
-2.28806844,
-1.58694368,
-1.66248795,
-1.56137986,
-1.94926487,
-1.67550364,
-1.32955087,
-2.12865717,
-1.81620656,
-1.89180592,
-1.94838124,
-1.66149271,
-2.41094651,
-1.59435776,
-1.79746204,
-1.53918168,
-2.68709355,
-1.92982136,
-1.91952648,
-0.68963334,
-0.29816064,
-0.53263310,
-0.81307279,
-1.75958566,
-1.81989519,
-2.31932947,
-1.42471168,
-1.36279183,
-2.06777091,
-1.47296860,
-2.15621543,
-1.69777970,
-1.77943745,
-1.74413878,
-1.78049094,
-1.90849759,
-1.11011913,
-2.21705721,
-1.76194204,
-1.57222765,
-2.53459598,
-1.44776040,
-1.29942509,
-1.87226976,
-1.27883504,
-1.87516832,
-1.58382976,
-0.87451175,
-0.37125740,
-0.83498860,
-0.23119927,
-1.55075262,
-1.16179652,
-1.35369579,
-2.39843394,
-1.72605337,
-0.99465839,
-1.84417927,
-1.99136955,
-1.65839647,
-1.29143433,
-1.60013077,
-2.07325129,
-1.72116783,
-2.34180209,
-2.24218852,
-1.78792839,
-1.47460797,
-2.04337485,
-1.95906893,
-2.02938026,
-1.85600966,
-1.71183430,
-1.63635110,
-1.41721776,
-1.03123876,
-0.43329232,
-1.29532022,
-0.12141255,
-1.76424135,
-1.15241142,
-1.58046313,
-1.97577657,
-1.56665328,
-1.92026149,
-1.86908729,
-1.68705795,
-2.47148221,
-2.66032509,
-1.63431049,
-2.00861159,
-1.71607288,
-2.32494491,
-2.03391792,
-1.82200647,
-1.53240635,
-2.08502068,
-2.04960300,
-1.61578860,
-1.56826920,
-2.19660241,
-2.53280550,
-2.35561423,
-0.69716491,
-0.64580403,
0.01997437,
-0.51197610,
-1.28521300,
-1.48439986,
-1.73994381,
-1.87197393,
-1.53713748,
-2.15416801,
-2.29047012,
-2.19788397,
-1.53044564,
-1.41390087,
-1.70742288,
-1.35077404,
-1.16154412,
-2.18844918,
-1.86790541,
-1.71244360,
-2.78200212,
-1.98473139,
-1.56045203,
-1.23462564,
-1.28420752,
-1.46590571,
-1.77780362,
-1.77435391,
0.13724565,
-1.15229320,
-0.41030673,
-1.08606004,
-1.07368664,
-1.63625519,
-2.53523720,
-1.78475621,
-1.35582622,
-1.69331371,
-1.63650131,
-1.36302998,
-1.40306760,
-1.86363960,
-2.17058245,
-2.04635496,
-2.11681460,
-1.45579645,
-1.44999706,
-1.73668301,
-1.70992319,
-1.98658931,
-1.68796496,
-1.65405170,
-2.40797298,
-1.50469382,
-1.76871220,
-1.81931138,
-0.62950842,
-1.20739213,
-0.53029124,
-0.71866714,
-1.64449130,
-1.58926528,
-1.69008845,
-2.10103427,
-2.33621031,
-1.59094599,
-1.04691415,
-2.06469357,
-1.47147281,
-1.25537517,
-1.49222095,
-2.12888994,
-1.74058468,
-1.50277955,
-1.40407729,
-1.89592743,
-2.15494677,
-2.32640897,
-2.27500401,
-1.77635465,
-1.22929185,
-1.28350427,
-1.49837025,
-2.13225700,
-0.38572118,
-0.34472593,
-0.49516859,
-0.30773827,
-1.21821969,
-2.15410366,
-1.52622582,
-1.57365628,
-2.04198200,
-1.79217835,
-1.85410848,
-1.37890875,
-2.13719712,
-1.77029516,
-1.41553424,
-1.63462222,
-1.75118723,
-2.58575599,
-1.94283420,
-1.53113888,
-1.58169655,
-1.95682099,
-1.50734409,
-0.68259722,
-1.39041303,
-1.81148323,
-1.83899930,
-1.51994840,
-0.05224028,
-0.29311811,
-0.52472960,
-0.75296228,
-0.85638838,
-0.62247408,
-0.90600896,
-0.09141145,
-0.92483470,
-0.99726419,
-0.70740557,
-1.06477459,
-0.48456162,
-0.08932196,
0.27552654,
-0.46386576,
-0.88633189,
-1.08301450,
-0.32427882,
-0.69457468,
-0.35312464,
0.03917967,
-0.51822027,
-0.60992542,
-1.69311523,
-1.64638447,
-0.51067633,
-1.07346771,
-1.21014050,
-0.15518525,
-0.02642522,
-0.31478209,
-0.68353056,
-0.50997827,
-0.67272930,
-0.22875741,
-0.40058880,
-0.53469864,
-0.46361862,
-0.17975025,
-1.03431968,
-0.02908981,
-0.45839414,
-0.22072404,
-0.36933706,
-0.18941231,
-0.37242566,
-0.93672081,
-0.61454190,
-0.62061911,
-0.29084940,
-0.57600245,
-0.40003488,
-0.43341905,
-0.75052244,
-0.19870841,
-0.28866926,
-0.50446418,
-0.29171571,
-0.17038086,
-0.11339366,
-0.43393340,
0.03061459,
-0.69025395,
-1.10169831,
-0.58645830,
-0.43241905,
-0.69576267,
-0.58166940,
-1.09023920,
0.03669243,
0.47872701,
-0.67302337,
0.19620366,
-0.44034298,
-0.69739098,
-0.78239865,
-0.53974074,
-0.53917364,
-0.67091007,
-0.52944575,
-0.83355739,
-0.06561763,
-0.38944265,
-0.14697235,
-1.01381815,
-0.55405159,
-1.16295848,
-0.36376033,
-0.35726590,
-0.50113998,
-0.27337921,
-0.85732883,
-0.68510023,
-1.04786775,
-0.52235012,
-0.35860673,
-0.54694854,
-0.38178549,
0.71846865,
-0.56335784,
-0.42077664,
-0.54607576,
-0.42610933,
-0.58662916,
-1.24499602,
-0.37054822,
-0.50525575,
-0.86400713,
-0.28863542,
-0.63632367,
-0.87660987,
-0.47021226,
-0.52470418,
-0.59230345,
-0.39551329,
