-35579.3,
-35800.7,
-36022.1,
-36243.5,
-36464.9,
-36686.3,
-36907.7,
-37129.1,
-37350.5,
-37571.9,
-37793.3,
-38014.7,
-38236.1,
-38457.5,
-38678.9,
-38900.3,
-39121.6,
-39343,
-39564.4,
-39785.8,
-40007.2,
-40228.6,
-40450,
-40671.4,
-40892.8,
-41114.2,
-41335.6,
-41557
-41778.4,
-41999.8,
-42221.2,
-42442.6,
-42664,
-42885.4,
-43106.8,
-43328.1,
-43549.5,
-43770.9,
-43992.3,
-44213.7,
-44435.1,
-44656.5,
-44877.9,
-45099.3,
-45320.7,
-45542.1,
-45763.5,
-45984.9,
-46206.3,
-46427.7,
-46649.1,
-46870.5,
-47091.9,
-47313.3,
-47534.6,
-47756
-47977.4,
-48198.8,
-48420.2,
-48641.6,
-48863,
-49084.4,
-49305.8,
-49527.2,
-49748.6,
-49970,
-50191.4,
-50412.8,
-50634.2,
-50855.6,
-51077,
-51298.4,
-51519.8,
-51741.1,
-51962.5,
-52183.9,
-52405.3,
-52626.7,
-52848.1,
-53069.5,
-53290.9,
-53512.3,
-53733.7,
-53955.1
-54176.5,
-54397.9,
-54619.3,
-54840.7,
-55062.1,
-55283.5,
-55504.9,
-55726.3,
-55947.6,
-56169,
-56390.4,
-56611.8,
-56833.2,
-57054.6,
-57276,
-57497.4,
-57718.8,
-57940.2,
-58161.6,
-58383,
-58604.4,
-58825.8,
-59047.2,
-59268.6,
-59490,
-59711.4,
-59932.7,
-60154.1
-60375.5,
-60596.9,
-60818.3,
-61039.7,
-61261.1,
-61482.5,
-61703.9,
-61925.3,
-62146.7,
-62368.1,
-62589.5,
-62810.9,
-63032.3,
-63253.7,
-63475.1,
-63696.5,
-63917.9,
-64139.2,
-64360.6,
-64582,
-64803.4,
-65024.8,
-65246.2,
-65467.6,
-65689,
-65910.4,
-66131.8,
-66353.2
-66574.6,
-66796,
-67017.4,
-67238.8,
-67460.2,
-67681.6,
-67903,
-68124.4,
-68345.7,
-68567.1,
-68788.5,
-69009.9,
-69231.3,
-69452.7,
-69674.1,
-69895.5,
-70116.9,
-70338.3,
-70559.7,
-70781.1,
-71002.5,
-71223.9,
-71445.3,
-71666.7,
-71888.1,
-72109.5,
-72330.9,
-72552.2
-72773.6,
-72995,
-73216.4,
-73437.8,
-73659.2,
-73880.6,
-74102,
-74323.4,
-74544.8,
-74766.2,
-74987.6,
-75209,
-75430.4,
-75651.8,
-75873.2,
-76094.6,
-76316,
-76537.4,
-76758.7,
-76980.1,
-77201.5,
-77422.9,
-77644.3,
-77865.7,
-78087.1,
-78308.5,
-78529.9,
-78751.3
-78972.7,
-79194.1,
-79415.5,
-79636.9,
-79858.3,
-80079.7,
-80301.1,
-80522.5,
-80743.9,
-80965.2,
-81186.6,
-81408,
-81629.4,
-81850.8,
-82072.2,
-82293.6,
-82515,
-82736.4,
-82957.8,
-83179.2,
-83400.6,
-83622,
-83843.4,
-84064.8,
-84286.2,
-84507.6,
-84729,
-84950.3
-85171.7,
-85393.1,
-85614.5,
-85835.9,
-86057.3,
-86278.7,
-86500.1,
-86721.5,
-86942.9,
-87164.3,
-87385.7,
-87607.1,
-87828.5,
-88049.9,
-88271.3,
-88492.7,
-88714.1,
-88935.5,
-89156.8,
-89378.2,
-89599.6,
-89821,
-90042.4,
-90263.8,
-90485.2,
-90706.6,
-90928,
-91149.4
-91370.8,
-91592.2,
-91813.6,
-92035,
-92256.4,
-92477.8,
-92699.2,
-92920.6,
-93142,
-93363.3,
-93584.7,
-93806.1,
-94027.5,
-94248.9,
-94470.3,
-94691.7,
-94913.1,
-95134.5,
-95355.9,
-95577.3,
-95798.7,
-96020.1,
-96241.5,
-96462.9,
-96684.3,
-96905.7,
-97127.1,
-97348.5
-97569.8,
-97791.2,
-98012.6,
-98234,
-98455.4,
-98676.8,
-98898.2,
-99119.6,
-99341,
-99562.4,
-99783.8,
-100005,
-100227,
-100448,
-100669,
-100891,
-101112,
-101334,
-101555,
-101776,
-101998,
-102219,
-102441,
-102662,
-102883,
-103105,
-103326,
-103548
-103769,
-103990,
-104212,
-104433,
-104654,
-104876,
-105097,
-105319,
-105540,
-105761,
-105983,
-106204,
-106426,
-106647,
-106868,
-107090,
-107311,
-107533,
-107754,
-107975,
-108197,
-108418,
-108640,
-108861,
-109082,
-109304,
-109525,
-109747
-109968,
-110189,
-110411,
-110632,
-110854,
-111075,
-111296,
-111518,
-111739,
-111961,
-112182,
-112403,
-112625,
-112846,
-113067,
-113289,
-113510,
-113732,
-113953,
-114174,
-114396,
-114617,
-114839,
-115060,
-115281,
-115503,
-115724,
-115946
-116167,
-116388,
-116610,
-116831,
-117053,
-117274,
-117495,
-117717,
-117938,
-118160,
-118381,
-118602,
-118824,
-119045,
-119267,
-119488,
-119709,
-119931,
-120152,
-120373,
-120595,
-120816,
-121038,
-121259,
-121480,
-121702,
-121923,
-122145
-122366,
-122587,
-122809,
-123030,
-123252,
-123473,
-123694,
-123916,
-124137,
-124359,
-124580,
-124801,
-125023,
-125244,
-125466,
-125687,
-125908,
-126130,
-126351,
-126573,
-126794,
-127015,
-127237,
-127458,
-127680,
-127901,
-128122,
-128344
-128565,
-128786,
-129008,
-129229,
-129451,
-129672,
-129893,
-130115,
-130336,
-130558,
-130779,
-131000,
-131222,
-131443,
-131665,
-131886,
-132107,
-132329,
-132550,
-132772,
-132993,
-133214,
-133436,
-133657,
-133879,
-134100,
-134321,
-134543
-134764,
-134986,
-135207,
-135428,
-135650,
-135871,
-136093,
-136314,
-136535,
-136757,
-136978,
-137199,
-137421,
-137642,
-137864,
-138085,
-138306,
-138528,
-138749,
-138971,
-139192,
-139413,
-139635,
-139856,
-140078,
-140299,
-140520,
-140742
-140963,
-141185,
-141406,
-141627,
-141849,
-142070,
-142292,
-142513,
-142734,
-142956,
-143177,
-143399,
-143620,
-143841,
-144063,
-144284,
-144506,
-144727,
-144948,
-145170,
-145391,
-145612,
-145834,
-146055,
-146277,
-146498,
-146719,
-146941
-147162,
-147384,
-147605,
-147826,
-148048,
-148269,
-148491,
-148712,
-148933,
-149155,
-149376,
-149598,
-149819,
-150040,
-150262,
-150483,
-150705,
-150926,
-151147,
-151369,
-151590,
-151812,
-152033,
-152254,
-152476,
-152697,
-152919,
-153140
-153361,
-153583,
-153804,
-154025,
-154247,
-154468,
-154690,
-154911,
-155132,
-155354,
-155575,
-155797,
-156018,
-156239,
-156461,
-156682,
-156904,
-157125,
-157346,
-157568,
-157789,
-158011,
-158232,
-158453,
-158675,
-158896,
-159118,
-159339
-159560,
-159782,
-160003,
-160225,
-160446,
-160667,
-160889,
-161110,
-161332,
-161553,
-161774,
-161996,
-162217,
-162438,
-162660,
-162881,
-163103,
-163324,
-163545,
-163767,
-163988,
-164210,
-164431,
-164652,
-164874,
-165095,
-165317,
-165538
-165759,
-165981,
-166202,
-166424,
-166645,
-166866,
-167088,
-167309,
-167531,
-167752,
-167973,
-168195,
-168416,
-168638,
-168859,
-169080,
-169302,
-169523,
-169745,
-169966,
-170187,
-170409,
-170630,
-170851,
-171073,
-171294,
-171516,
-171737
-171958,
-172180,
-172401,
-172623,
-172844,
-173065,
-173287,
-173508,
-173730,
-173951,
-174172,
-174394,
-174615,
-174837,
-175058,
-175279,
-175501,
-175722,
-175944,
-176165,
-176386,
-176608,
-176829,
-177051,
-177272,
-177493,
-177715,
-177936
-178158,
-178379,
-178600,
-178822,
-179043,
-179264,
-179486,
-179707,
-179929,
-180150,
-180371,
-180593,
-180814,
-181036,
-181257,
-181478,
-181700,
-181921,
-182143,
-182364,
-182585,
-182807,
-183028,
-183250,
-183471,
-183692,
-183914,
-184135
-184357,
-184578,
-184799,
-185021,
-185242,
-185464,
-185685,
-185906,
-186128,
-186349,
-186571,
-186792,
-187013,
-187235,
-187456,
-187677,
-187899,
-188120,
-188342,
-188563,
-188784,
-189006,
-189227,
-189449,
-189670,
-189891,
-190113,
-190334
-190556,
-190777,
-190998,
-191220,
-191441,
-191663,
-191884,
-192105,
-192327,
-192548,
-192770,
-192991,
-193212,
-193434,
-193655,
-193877,
-194098,
-194319,
-194541,
-194762,
-194984,
-195205,
-195426,
-195648,
-195869,
-196090,
-196312,
-196533
-196755,
-196976,
-197197,
-197419,
-197640,
-197862,
-198083,
-198304,
-198526,
-198747,
-198969,
-199190,
-199411,
-199633,
-199854,
-200076,
-200297,
-200518,
-200740,
-200961,
-201183,
-201404,
-201625,
-201847,
-202068,
-202290,
-202511,
-202732
-202954,
-203175,
-203397,
-203618,
-203839,
-204061,
-204282,
-204503,
-204725,
-204946,
-205168,
-205389,
-205610,
-205832,
-206053,
-206275,
-206496,
-206717,
-206939,
-207160,
-207382,
-207603,
-207824,
-208046,
-208267,
-208489,
-208710,
-208931
