-8.40506520,
-8.34131996,
-8.13063525,
-7.82232310,
-7.91388989,
-7.83021646,
-7.74656526,
-7.66290461,
-7.57924331,
-7.49557457,
-7.41193044,
-7.32825993,
-7.24459506,
-7.16092606,
-7.07726439,
-6.99361348,
-6.90995178,
-6.82629275,
-6.74263516,
-6.65897273,
-6.57531124,
-6.49164551,
-6.40799309,
-6.32431878,
-6.24065139,
-6.15699484,
-6.07334181,
-5.98967423
-5.32279778,
-6.48703080,
-7.93880839,
-9.28118693,
-6.12522613,
-7.75841884,
-9.05552894,
-9.26926408,
-13.77591416,
-13.81182043,
-13.84772952,
-13.88365465,
-13.91956175,
-13.95548539,
-13.99141856,
-14.02732578,
-14.06323112,
-14.09915861,
-14.13507852,
-14.17099566,
-14.20689657,
-14.24282450,
-14.27872873,
-14.31465734,
-14.35057622,
-14.38650519,
-14.42240567,
-14.45833391
-14.49424213,
-14.53016942,
-14.56609268,
-14.60199364,
-17.62357185,
-15.89687913,
-14.71651337,
-14.95477376,
1.65574459,
-8.69116933,
-6.25824160,
-4.29224361,
-10.27232885,
-10.27338374,
-10.27447231,
-10.27551450,
-10.27659745,
-10.27765269,
-10.27873768,
-10.27976778,
-10.28085646,
-10.28192038,
-10.28297446,
-10.28406444,
-10.28512247,
-10.28619262,
-10.28724190,
-10.28831355
-10.28938804,
-10.29044041,
-10.29152077,
-10.29256848,
-10.29363580,
-10.29470326,
-10.29576952,
-10.29684005,
-22.59017685,
-10.25823525,
-13.54718051,
-16.28312342,
-3.91864874,
-28.36730194,
-16.97961914,
-10.33689242,
-9.38422312,
-9.38193091,
-9.37960530,
-9.37733636,
-9.37503118,
-9.37273189,
-9.37043352,
-9.36814858,
-9.36584953,
-9.36354587,
-9.36125609,
-9.35894755
-9.35665290,
-9.35433531,
-9.35205187,
-9.34975319,
-9.34746482,
-9.34516840,
-9.34285244,
-9.34057485,
-9.33828404,
-9.33598525,
-9.33368402,
-9.33137439,
-14.86212333,
13.27651834,
-0.11819217,
-8.07335926,
0.17159865,
-37.30325175,
-25.25178548,
-17.14542907,
-15.01007887,
-15.02963201,
-15.04919083,
-15.06877400,
-15.08829941,
-15.10786627,
-15.12741040,
-15.14697759
-15.16653472,
-15.18608257,
-15.20561245,
-15.22517927,
-15.24473244,
-15.26430483,
-15.28385561,
-15.30343082,
-15.32298675,
-15.34253007,
-15.36207669,
-15.38163134,
-15.40116798,
-15.42074978,
-15.44030724,
-15.45984939,
-25.41924596,
16.68127796,
2.77424300,
-6.66534630,
1.72949741,
-41.05421179,
-26.90444075,
-17.29674900,
-15.63585282,
-15.65539168,
-15.67495782,
-15.69451814
-15.71406642,
-15.73364732,
-15.75319261,
-15.77274385,
-15.79228611,
-15.81185557,
-15.83140819,
-15.85099011,
-15.87052743,
-15.89008049,
-15.90962954,
-15.92917861,
-15.94874506,
-15.96831987,
-15.98785811,
-16.00743484,
-16.02696279,
-16.04653621,
-16.06608624,
-16.08564764,
-27.60291668,
19.80644703,
3.80112693,
-7.13979406,
3.28738208,
-44.80515041,
-28.55707083,
-17.44805908
-16.26165597,
-16.28119366,
-16.30077566,
-16.32031794,
-16.33986447,
-16.35941724,
-16.37897656,
-16.39852407,
-16.41808736,
-16.43763176,
-16.45719911,
-16.47676475,
-16.49630065,
-16.51589679,
-16.53541890,
-16.55497922,
-16.57453909,
-16.59408614,
-16.61363548,
-16.63321619,
-16.65275140,
-16.67231893,
-16.69185934,
-16.71143366,
-29.78659621,
22.93161375,
4.82800899,
-7.61425404
4.84527343,
-48.55608828,
-30.20975238,
-17.59938903,
-16.88743057,
-16.90697050,
-16.92654349,
-16.94608693,
-16.96564364,
-16.98518460,
-17.00473778,
-17.02431229,
-17.04389201,
-17.06342763,
-17.08297815,
-17.10252758,
-17.12208190,
-17.14168666,
-17.16120053,
-17.18077224,
-17.20033097,
-17.21984622,
-17.23941331,
-17.25896840,
-17.27853511,
-17.29808662,
-17.31764433,
-17.33721746
-31.97026241,
26.05677976,
5.85489221,
-8.08871855,
6.40315068,
-52.30703274,
-31.86241049,
-17.75072771,
-17.51322006,
-17.53275898,
-17.55231543,
-17.57187040,
-17.59140863,
-17.61097571,
-17.63054993,
-17.65009263,
-17.66964658,
-17.68920109,
-17.70876457,
-17.72831391,
-17.74787762,
-17.76742881,
-17.78695529,
-17.80652114,
-17.82610200,
-17.84565098,
-17.86520764,
-17.88477075
-17.90433465,
-17.92385379,
-17.94343268,
-17.96299439,
-34.15393991,
29.18192394,
6.88177885,
-8.56317186,
7.96105125,
-56.05797890,
-33.51507795,
-17.90205651,
-18.13898557,
-18.15851266,
-18.17810951,
-18.19763669,
-18.21722010,
-18.23677393,
-18.25632261,
-18.27588987,
-18.29543901,
-18.31496025,
-18.33453828,
-18.35408131,
-18.37367244,
-18.39321508,
-18.41275018,
-18.43230947
-18.45186651,
-18.47143600,
-18.49099994,
-18.51052662,
-18.53008524,
-18.54965337,
-18.56922537,
-18.58872290,
-36.33759010,
32.30710699,
7.90865812,
-9.03761499,
9.51894244,
-59.80893307,
-35.16775290,
-18.05336810,
-18.76475995,
-18.78431697,
-18.80386987,
-18.82342121,
-18.84299703,
-18.86255668,
-18.88209211,
-18.90168304,
-18.92120218,
-18.94076543,
-18.96030892,
-18.97986711
-18.99942716,
-19.01898766,
-19.03854202,
-19.05811782,
-19.07766869,
-19.09721261,
-19.11676958,
-19.13635214,
-19.15588857,
-19.17545887,
-19.19496991,
-19.21451780,
-38.52128267,
35.43226621,
8.93554561,
-9.51209361,
11.07684343,
-63.55988066,
-36.82043183,
-18.20466711,
-19.39054356,
-19.41010016,
-19.42964609,
-19.44920715,
-19.46877416,
-19.48833195,
-19.50787652,
-19.52742347
-19.54695497,
-19.56653844,
-19.58609871,
-19.60567510,
-19.62522088,
-19.64480490,
-19.66433253,
-19.68387781,
-19.70341943,
-19.72297444,
-19.74254166,
-19.76210760,
-19.78168825,
-19.80122116,
-19.82076756,
-19.84033024,
-40.70496774,
38.55742526,
9.96240653,
-9.98655356,
12.63472323,
-67.31081970,
-38.47308457,
-18.35598070,
-20.01632047,
-20.03588705,
-20.05543193,
-20.07499075
-20.09456771,
-20.11411714,
-20.13366496,
-20.15321827,
-20.17278360,
-20.19231027,
-20.21187570,
-20.23144346,
-20.25100593,
-20.27055835,
-20.29010251,
-20.30966887,
-20.32921223,
-20.34878334,
-20.36834624,
-20.38788211,
-20.40742274,
-20.42699305,
-20.44657253,
-20.46609411,
-42.88862203,
41.68260363,
10.98930470,
-10.46100906,
14.19261389,
-71.06176055,
-40.12574601,
-18.50731930
-20.64211768,
-20.66167924,
-20.68123325,
-20.70077261,
-20.72033246,
-20.73988206,
-20.75944523,
-20.77900148,
-20.79858499,
-20.81810941,
-20.83766960,
-20.85721677,
-20.87677303,
-20.89631761,
-20.91588519,
-20.93543502,
-20.95501195,
-20.97455251,
-20.99410491,
-21.01364110,
-21.03320729,
-21.05280152,
-21.07234658,
-21.09188194,
-45.07229714,
44.80775008,
12.01619266,
-10.93546673
15.75050668,
-74.81271519,
-41.77840437,
-18.65866331,
-21.26787602,
-21.28746082,
-21.30700189,
-21.32654877,
-21.34612725,
-21.36564708,
-21.38521718,
-21.40476424,
-21.42434095,
-21.44388538,
-21.46346002,
-21.48300357,
-21.50254216,
-21.52211571,
-21.54168228,
-21.56123654,
-21.58081272,
-21.60033798,
-21.61992163,
-21.63943889,
-21.65899141,
-21.67856847,
-21.69809203,
-21.71764838
-47.25596275,
47.93292267,
13.04306690,
-11.40991927,
17.30839368,
-78.56366468,
-43.43107554,
-18.80997583,
-21.89365518,
-21.91323989,
-21.93278365,
-21.95232765,
-21.97189299,
-21.99146920,
-22.01099863,
-22.03054908,
-22.05013563,
-22.06966064,
-22.08922984,
-22.10876057,
-22.12834331,
-22.14789237,
-22.16744989,
-22.18702054,
-22.20655194,
-22.22610313,
-22.24568126,
-22.26522298
-22.28478091,
-22.30433148,
-22.32389965,
-22.34345857,
-49.43961971,
51.05809761,
14.06995419,
-11.88440005,
18.86627897,
-82.31461635,
-45.08374174,
-18.96129493,
-22.51946371,
-22.53901253,
-22.55858404,
-22.57812819,
-22.59766268,
-22.61723565,
-22.63676506,
-22.65634974,
-22.67590203,
-22.69545118,
-22.71503172,
-22.73455211,
-22.75412389,
-22.77367371,
-22.79323589,
-22.81278406
-22.83234194,
-22.85189413,
-22.87144322,
-22.89100030,
-22.91055473,
-22.93011532,
-22.94969668,
-22.96924976,
-51.62332616,
54.18324432,
15.09683250,
-12.35885303,
20.42419050,
-86.06554512,
-46.73638045,
-19.11259591,
-23.14522037,
-23.16477716,
-23.18433459,
-23.20389441,
-23.22344856,
-23.24300527,
-23.26255838,
-23.28212241,
-23.30169040,
-23.32125426,
-23.34079062,
-23.36031792
-23.37990346,
-23.39947395,
-23.41901853,
-23.43859082,
-23.45812221,
-23.47765987,
-23.49723109,
-23.51679473,
-23.53633772,
-23.55591654,
-23.57544714,
-23.59501449,
-53.80699985,
57.30841107,
16.12371222,
-12.83330283,
21.98207294,
-89.81649691,
-48.38905987,
-19.26396218,
-23.77100508,
-23.79056811,
-23.81013585,
-23.82967444,
-23.84924785,
-23.86883399,
-23.88837045,
-23.90791119
-23.92744650,
-23.94702827,
-23.96655590,
-23.98611431,
-24.00567556,
-24.02522734,
-24.04481353,
-24.06437240,
-24.08390048,
-24.10346962,
-24.12301107,
-24.14256736,
-24.16214194,
-24.18169691,
-24.20123989,
-24.22079716,
-55.99065698,
60.43357390,
17.15059183,
-13.30774368,
23.53995857,
-93.56744403,
-50.04171233,
-19.41524703,
-24.39678944,
-24.41634926,
-24.43590326,
-24.45545702
-24.47500675,
-24.49455090,
-24.51412000,
-24.53369263,
-24.55323488,
-24.57280264,
-24.59234056,
-24.61193207,
-24.63145001,
-24.65101986,
-24.67057841,
-24.69013284,
-24.70968866,
-24.72924655,
-24.74879072,
-24.76836263,
-24.78791082,
-24.80745598,
-24.82699695,
-24.84656433,
-58.17432615,
63.55873171,
18.17747988,
-13.78222508,
25.09784176,
-97.31837907,
-51.69438223,
-19.56656617
-25.02258463,
-25.04215073,
-25.06168038,
-25.08125021,
-25.10080808,
-25.12036333,
-25.13993009,
-25.15946033,
-25.17901493,
-25.19857408,
-25.21815202,
-25.23770942,
-25.25724852,
-25.27681004,
-25.29634908,
-25.31591386,
-25.33548398,
-25.35502747,
-25.37456779,
-25.39412993,
-25.41368760,
-25.43325793,
-25.45280532,
-25.47236557,
-60.35800015,
66.68392152,
19.20435608,
-14.25667216
26.65574172,
-101.06932730,
-53.34705423,
-19.71790027,
-25.64834678,
-25.66789978,
-25.68745494,
-25.70701951,
-25.72656740,
-25.74613790,
-25.76569355,
-25.78524725,
-25.80480324,
-25.82434984,
-25.84393749,
-25.86344117,
-25.88303254,
-25.90253490,
-25.92214098,
-25.94169729,
-25.96126299,
-25.98079870,
-26.00034398,
-26.01991163,
-26.03945145,
-26.05899962,
-26.07857780,
-26.09813422
-62.54167077,
69.80906641,
20.23124415,
-14.73112965,
28.21362515,
-104.82026494,
-54.99970645,
-19.86922444,
-26.27414701,
-26.29369253,
-26.31325734,
-26.33281779,
-26.35236493,
-26.37191500,
-26.39147802,
-26.41103726,
-26.43058218,
-26.45015927,
-26.46968234,
-26.48926845,
-26.50882981,
-26.52835269,
-26.54793461,
-26.56746519,
-26.58701343,
-26.60657949,
-26.62616061,
-26.64569826
-26.66526827,
-26.68482846,
-26.70436595,
-26.72390785,
-64.72534030,
72.93423051,
21.25812784,
-15.20558754,
29.77153011,
-108.57121809,
-56.65238135,
-20.02054148,
-26.89990884,
-26.91945727,
-26.93902026,
-26.95858902,
-26.97815435,
-26.99770329,
-27.01726507,
-27.03681975,
-27.05636864,
-27.07592217,
-27.09545821,
-27.11502352,
-27.13459329,
-27.15415543,
-27.17368277,
-27.19324919
-27.21279148,
-27.23235580,
-27.25192547,
-27.27145693,
-27.29102536,
-27.31059540,
-27.33013420,
-27.34970214,
-66.90902641,
76.05939777,
22.28502685,
-15.68006333,
31.32941982,
-112.32216597,
-58.30503543,
-20.17186781,
-27.52570163,
-27.54525586,
-27.56483113,
-27.58435788,
-27.60392230,
-27.62349236,
-27.64304407,
-27.66258732,
-27.68212494,
-27.70172562,
-27.72124943,
-27.74079379
