-127.93523203,
-128.15170395,
-128.36811621,
-128.58453360,
-128.80096077,
-129.01736850,
-129.23378649,
-129.45020374,
-129.66662492,
-129.88305144,
-130.09945328,
-130.31585809,
-130.53227859,
-130.74867953,
-130.96511570,
-131.18151728,
-131.39797057,
-131.61436659,
-131.83078357,
-132.04720175,
-132.26359262,
-132.48001815,
-132.69644927,
-132.91284820,
-133.12928643,
-133.34569006,
-133.56211705,
-133.77852379
-133.99495745,
-134.21135849,
-134.42778901,
-134.64419077,
-134.86062058,
-135.07702947,
-135.29345649,
-135.50988370,
-135.72630345,
-135.94271227,
-136.15913090,
-136.37554447,
-136.59196399,
-136.80837259,
-137.02480271,
-137.24120469,
-137.45761533,
-137.67402944,
-137.89043463,
-138.10687833,
-138.32327875,
-138.53971396,
-138.75611793,
-138.97253791,
-139.18894686,
-139.40537022,
-139.62179486,
-139.83821564
-140.05463125,
-140.27104734,
-140.48746313,
-140.70388793,
-140.92029570,
-141.13671049,
-141.35314165,
-141.56954159,
-141.78597380,
-142.00238670,
-142.21879897,
-142.43520961,
-142.65162437,
-142.86804819,
-143.08447129,
-143.30087759,
-143.51728471,
-143.73371848,
-143.95012850,
-144.16655638,
-144.38296562,
-144.59938481,
-144.81578526,
-145.03220623,
-145.24861409,
-145.46503617,
-145.68146979,
-145.89788675
-146.11433461,
-146.33074127,
-146.54714938,
-146.76355550,
-146.97997315,
-147.19639708,
-147.41281828,
-147.62924854,
-147.84565754,
-148.06207151,
-148.27847656,
-148.49491878,
-148.71131150,
-148.92774738,
-149.14415012,
-149.36055836,
-149.57698084,
-149.79340070,
-150.00980557,
-150.22623882,
-150.44265425,
-150.65906079,
-150.87548425,
-151.09192587,
-151.30831850,
-151.52473890,
-151.74114234,
-151.95754706
-152.17397987,
-152.39036930,
-152.60681209,
-152.82322549,
-153.03964681,
-153.25608301,
-153.47250201,
-153.68890815,
-153.90533051,
-154.12174448,
-154.33814610,
-154.55458957,
-154.77098302,
-154.98741728,
-155.20382701,
-155.42023509,
-155.63666211,
-155.85306157,
-156.06949505,
-156.28590579,
-156.50231404,
-156.71873605,
-156.93515156,
-157.15155805,
-157.36798465,
-157.58441653,
-157.80083150,
-158.01724377
-158.23366879,
-158.45008479,
-158.66651122,
-158.88293266,
-159.09934275,
-159.31577561,
-159.53215731,
-159.74858676,
-159.96501251,
-160.18142463,
-160.39785345,
-160.61427678,
-160.83069338,
-161.04709603,
-161.26350620,
-161.47992495,
-161.69634678,
-161.91274651,
-162.12918692,
-162.34558929,
-162.56200502,
-162.77840821,
-162.99483859,
-163.21125356,
-163.42766951,
-163.64409449,
-163.86049799,
-164.07693250
-164.29333582,
-164.50976324,
-164.72616846,
-164.94257794,
-165.15900900,
-165.37544086,
-165.59184976,
-165.80827278,
-166.02469904,
-166.24111579,
-166.45752081,
-166.67393820,
-166.89034370,
-167.10677624,
-167.32319168,
-167.53959621,
-167.75603190,
-167.97244342,
-168.18885081,
-168.40527014,
-168.62167915,
-168.83809584,
-169.05452143,
-169.27093213,
-169.48734550,
-169.70377711,
-169.92018401,
-170.13660312
-170.35299961,
-170.56944892,
-170.78585143,
-171.00225879,
-171.21867697,
-171.43510862,
-171.65152209,
-171.86793226,
-172.08436532,
-172.30076089,
-172.51719962,
-172.73362911,
-172.95003818,
-173.16643580,
-173.38287297,
-173.59928392,
-173.81570755,
-174.03209224,
-174.24853156,
-174.46493622,
-174.68135733,
-174.89780388,
-175.11420580,
-175.33063364,
-175.54703339,
-175.76345132,
-175.97985201,
-176.19630162
-176.41272087,
-176.62912198,
-176.84554069,
-177.06196133,
-177.27837127,
-177.49476757,
-177.71121217,
-177.92762157,
-178.14404325,
-178.36044169,
-178.57687938,
-178.79328388,
-179.00970298,
-179.22614355,
-179.44253947,
-179.65894362,
-179.87538671,
-180.09178115,
-180.30819556,
-180.52462180,
-180.74102982,
-180.95746422,
-181.17386845,
-181.39030162,
-181.60670295,
-181.82313839,
-182.03956509,
-182.25599220
-182.47239074,
-182.68880390,
-182.90521827,
-183.12161743,
-183.33805294,
-183.55447399,
-183.77089719,
-183.98731109,
-184.20372430,
-184.42014356,
-184.63656253,
-184.85296747,
-185.06938202,
-185.28580331,
-185.50220271,
-185.71864202,
-185.93504346,
-186.15146637,
-186.36790601,
-186.58432428,
-186.80072979,
-187.01715192,
-187.23355490,
-187.44998515,
-187.66640771,
-187.88281850,
-188.09925012,
-188.31565513
-188.53207918,
-188.74848819,
-188.96491249,
-189.18133580,
-189.39775229,
-189.61415591,
-189.83056165,
-190.04697361,
-190.26339022,
-190.47980989,
-190.69622990,
-190.91267414,
-191.12908569,
-191.34549556,
-191.56189890,
-191.77831044,
-191.99473637,
-192.21114988,
-192.42756749,
-192.64398153,
-192.86038516,
-193.07682784,
-193.29323932,
-193.50965457,
-193.72607358,
-193.94250589,
-194.15888958,
-194.37533455
-194.59174116,
-194.80816146,
-195.02458243,
-195.24097828,
-195.45741257,
-195.67379962,
-195.89022946,
-196.10665512,
-196.32307852,
-196.53948905,
-196.75592151,
-196.97231817,
-197.18872698,
-197.40515661,
-197.62156478,
-197.83799176,
-198.05442114,
-198.27082864,
-198.48725601,
-198.70366324,
-198.92008297,
-199.13649862,
-199.35289884,
-199.56932871,
-199.78574682,
-200.00214647,
-200.21858966,
-200.43497838
-200.65143064,
-200.86783640,
-201.08425696,
-201.30067202,
-201.51709397,
-201.73351529,
-201.94992732,
-202.16634230,
-202.38275148,
-202.59916099,
-202.81558306,
-203.03199819,
-203.24843495,
-203.46485051,
-203.68125744,
-203.89767251,
-204.11408862,
-204.33051279,
-204.54692104,
-204.76332907,
-204.97976449,
-205.19618478,
-205.41259733,
-205.62903062,
-205.84543011,
-206.06186272,
-206.27827848,
-206.49468144
-206.71109440,
-206.92750449,
-207.14392511,
-207.36035171,
-207.57678308,
-207.79318284,
-208.00960766,
-208.22601636,
-208.44243164,
-208.65886265,
-208.87526197,
-209.09167368,
-209.30811668,
-209.52453137,
-209.74093047,
-209.95734039,
-210.17376996,
-210.39019372,
-210.60659769,
-210.82301955,
-211.03943025,
-211.25583345,
-211.47226773,
-211.68867630,
-211.90510219,
-212.12151435,
-212.33794169,
-212.55434077
-212.77077196,
-212.98719165,
-213.20359809,
-213.42001507,
-213.63644936,
-213.85285558,
-214.06927644,
-214.28569770,
-214.50209785,
-214.71855420,
-214.93493492,
-215.15138223,
-215.36776591,
-215.58417971,
-215.80061328,
-216.01702772,
-216.23344408,
-216.44984948,
-216.66627896,
-216.88268637,
-217.09913028,
-217.31553882,
-217.53196222,
-217.74838345,
-217.96479922,
-218.18120949,
-218.39762693,
-218.61404189
-218.83046257,
-219.04688108,
-219.26329356,
-219.47972857,
-219.69612837,
-219.91253191,
-220.12895305,
-220.34536077,
-220.56180204,
-220.77821037,
-220.99463250,
-221.21104780,
-221.42745954,
-221.64389841,
-221.86028364,
-222.07670700,
-222.29312424,
-222.50953445,
-222.72596116,
-222.94237977,
-223.15879637,
-223.37521969,
-223.59162632,
-223.80803502,
-224.02444579,
-224.24088137,
-224.45730413,
-224.67372526
-224.89014404,
-225.10656519,
-225.32298167,
-225.53938185,
-225.75578037,
-225.97222562,
-226.18861368,
-226.40504122,
-226.62146196,
-226.83788946,
-227.05431529,
-227.27071434,
-227.48712162,
-227.70355927,
-227.91996356,
-228.13638888,
-228.35279090,
-228.56921360,
-228.78566456,
-229.00203577,
-229.21846192,
-229.43487543,
-229.65131534,
-229.86774057,
-230.08414336,
-230.30055744,
-230.51696805,
-230.73338179
-230.94978634,
-231.16622685,
-231.38263674,
-231.59906073,
-231.81548536,
-232.03191157,
-232.24831384,
-232.46472515,
-232.68115646,
-232.89757298,
-233.11397956,
-233.33039736,
-233.54681702,
-233.76323230,
-233.97964223,
-234.19608707,
-234.41248382,
-234.62893426,
-234.84532870,
-235.06171907,
-235.27815389,
-235.49455306,
-235.71099775,
-235.92740837,
-236.14382427,
-236.36024876,
-236.57664399,
-236.79307426
-237.00949296,
-237.22591704,
-237.44230970,
-237.65874739,
-237.87515757,
-238.09157295,
-238.30798014,
-238.52440052,
-238.74082881,
-238.95723270,
-239.17366252,
-239.39007495,
-239.60650195,
-239.82290437,
-240.03931743,
-240.25572589,
-240.47214979,
-240.68856154,
-240.90500523,
-241.12140835,
-241.33782671,
-241.55425098,
-241.77067417,
-241.98707436,
-242.20348910,
-242.41989837,
-242.63634820,
-242.85276214
-243.06914654,
-243.28557986,
-243.50200238,
-243.71839921,
-243.93483515,
-244.15125875,
-244.36766939,
-244.58409710,
-244.80051287,
-245.01691106,
-245.23334072,
-245.44975216,
-245.66617755,
-245.88259938,
-246.09902140,
-246.31542341,
-246.53182844,
-246.74826292,
-246.96467677,
-247.18108068,
-247.39750730,
-247.61393854,
-247.83034410,
-248.04675143,
-248.26318847,
-248.47959773,
-248.69601852,
-248.91243342
-249.12884849,
-249.34526679,
-249.56167228,
-249.77809066,
-249.99451502,
-250.21093558,
-250.42734822,
-250.64377006,
-250.86018372,
-251.07659016,
-251.29301547,
-251.50942577,
-251.72585519,
-251.94228260,
-252.15868816,
-252.37509944,
-252.59152283,
-252.80793506,
-253.02433974,
-253.24078093,
-253.45719859,
-253.67360666,
-253.89002462,
-254.10643949,
-254.32282658,
-254.53927723,
-254.75567079,
-254.97210770
-255.18850725,
-255.40493881,
-255.62137195,
-255.83778500,
-256.05419729,
-256.27061425,
-256.48702277,
-256.70344270,
-256.91984716,
-257.13626228,
-257.35268507,
-257.56912284,
-257.78551069,
-258.00195623,
-258.21837074,
-258.43477916,
-258.65120581,
-258.86761911,
-259.08402094,
-259.30046866,
-259.51685352,
-259.73329222,
-259.94970785,
-260.16612685,
-260.38255622,
-260.59895445,
-260.81538220,
-261.03179411
-261.24820316,
-261.46464325,
-261.68104170,
-261.89745475,
-262.11389203,
-262.33029193,
-262.54670030,
-262.76312961,
-262.97954040,
-263.19596433,
-263.41237954,
-263.62878347,
-263.84522625,
-264.06163140,
-264.27805087,
-264.49447083,
-264.71088250,
-264.92729627,
-265.14372059,
-265.36014023,
-265.57653370,
-265.79296884,
-266.00938636,
-266.22578021,
-266.44221931,
-266.65862166,
-266.87503510,
-267.09146659
-267.30787306,
-267.52429409,
-267.74071353,
-267.95716017,
-268.17356140,
-268.38997178,
-268.60642453,
-268.82278534,
-269.03921311,
-269.25564603,
-269.47204003,
-269.68847590,
-269.90487556,
-270.12129509,
-270.33771711,
-270.55414220,
-270.77056866,
-270.98697746,
-271.20340301,
-271.41981043,
-271.63624042,
-271.85263206,
-272.06906452,
-272.28546347,
-272.50189954,
-272.71829954,
-272.93473062,
-273.15113929
-273.36755693,
-273.58395656,
-273.80039397,
-274.01681101,
-274.23321414,
-274.44966204,
-274.66608265,
-274.88247859,
-275.09891350,
-275.31532435,
-275.53174305,
-275.74816769,
-275.96455719,
-276.18097876,
-276.39741699,
-276.61384251,
-276.83023639,
-277.04665184,
-277.26308436,
-277.47948752,
-277.69588938,
-277.91231949,
-278.12872688,
-278.34514754,
-278.56156745,
-278.77798460,
-278.99439993,
-279.21082951
-279.42722885,
-279.64365911,
-279.86007589,
-280.07648638,
-280.29291968,
-280.50934684,
-280.72573293,
-280.94217343,
-281.15859057,
-281.37497771,
-281.59140894,
-281.80783449,
-282.02423113,
-282.24065392,
-282.45707840,
-282.67349928,
-282.88990384,
-283.10634199,
-283.32275139,
-283.53916092,
-283.75559035,
-283.97200329,
-284.18843310,
-284.40480679,
-284.62124137,
-284.83766531,
-285.05406564,
-285.27049573
-285.48691201,
-285.70333137,
-285.91974775,
-286.13617417,
-286.35258298,
-286.56902243,
-286.78544044,
-287.00185517,
-287.21826271,
-287.43469771,
-287.65110052,
-287.86750864,
-288.08395628,
-288.30037047,
-288.51677604,
-288.73317599,
-288.94961548,
-289.16600893,
-289.38243035,
-289.59885541,
-289.81526993,
-290.03167598,
-290.24809951,
-290.46452231,
-290.68094349,
-290.89734212,
-291.11376586,
-291.33017991
-291.54657014,
-291.76301416,
-291.97943265,
-292.19583352,
-292.41226636,
-292.62867736,
-292.84510667,
-293.06151470,
-293.27794388,
-293.49433548,
-293.71077108,
-293.92718023,
-294.14361011,
-294.36000808,
-294.57644535,
-294.79286293,
-295.00925734,
-295.22568557,
-295.44211639,
-295.65853260,
-295.87493380,
-296.09135466,
-296.30777531,
-296.52418917,
-296.74059151,
-296.95702039,
-297.17342521,
-297.38984119
