-0.18023494,
0.59803511,
-0.18042743,
0.59803511,
-0.18062110,
0.59803510,
-0.18081527,
0.59803508,
-0.18101018,
0.59803508,
-0.18120511,
0.59803508,
-0.18140029,
0.59803510,
-0.18159561,
0.59803510,
-0.18179131,
0.59803511,
-0.18198756,
0.59803510,
-0.18218384,
0.59803510,
-0.18238039,
0.59803507,
-0.18280195,
0.59803510,
-0.18287933,
0.59803507,
-0.18336818,
0.59803511,
-0.18356675,
0.59803508,
-0.18376536,
0.59803507,
-0.18396421,
0.59803509,
-0.18416372,
0.59803510,
-0.18436341,
0.59803510,
-0.18456317,
0.59803509,
-0.18476324,
0.59803509,
-0.18496374,
0.59803509,
-0.18516464,
0.59803509,
0.59803510,
0.59803509,
0.59803509,
0.59803511,
0.59803510,
0.59803508,
0.59803512,
0.59803512,
-0.18657827,
0.59803511,
-0.18678144,
0.59803507,
-0.18698490,
0.59803511,
-0.18718859,
0.59803510,
-0.18739249,
0.59803509,
-0.18759674,
0.59803508,
-0.18780123,
0.59803509,
-0.18800641,
0.59803509,
-0.18821150,
0.59803510,
-0.18841705,
0.59803507,
-0.18862276,
0.59803510,
-0.18882887,
0.59803508,
-0.18926686,
0.59803510,
-0.18935400,
0.59803510,
-0.18986353,
0.59803510,
-0.19007131,
0.59803506,
-0.19027934,
0.59803510,
-0.19048807,
0.59803509,
-0.19069659,
0.59803508,
-0.19090558,
0.59803506,
-0.19111499,
0.59803507,
-0.19132458,
0.59803510,
-0.19153442,
0.59803507,
-0.19174477,
0.59803509,
0.59803509,
0.59803509,
0.59803508,
0.59803510,
0.59803511,
0.59803511,
0.59803512,
0.59803508,
-0.19322393,
0.59803511,
-0.19343658,
0.59803510,
-0.19364922,
0.59803510,
-0.19386271,
0.59803510,
-0.19407597,
0.59803510,
-0.19428983,
0.59803512,
-0.19450378,
0.59803509,
-0.19471812,
0.59803508,
-0.19493269,
0.59803509,
-0.19514764,
0.59803510,
-0.19536252,
0.59803510,
-0.19557853,
0.59803510,
-0.19603331,
0.59803510,
-0.19612986,
0.59803509,
-0.19665985,
0.59803510,
-0.19687735,
0.59803508,
-0.19709470,
0.59803508,
-0.19731250,
0.59803511,
-0.19753078,
0.59803509,
-0.19774892,
0.59803510,
-0.19796763,
0.59803512,
-0.19818689,
0.59803506,
-0.19840604,
0.59803510,
-0.19862563,
0.59803510,
0.59803509,
0.59803508,
0.59803508,
0.59803509,
0.59803509,
0.59803512,
0.59803510,
0.59803509,
-0.20017085,
0.59803509,
-0.20039297,
0.59803510,
-0.20061537,
0.59803511,
-0.20083773,
0.59803509,
-0.20106065,
0.59803508,
-0.20128371,
0.59803514,
-0.20150699,
0.59803514,
-0.20173070,
0.59803508,
-0.20195487,
0.59803509,
-0.20217891,
0.59803511,
-0.20240337,
0.59803512,
-0.20262835,
0.59803508,
-0.20310076,
0.59803507,
-0.20320629,
0.59803509,
-0.20375734,
0.59803508,
-0.20398382,
0.59803511,
-0.20421104,
0.59803506,
-0.20443784,
0.59803508,
-0.20466562,
0.59803509,
-0.20489355,
0.59803509,
-0.20512150,
0.59803508,
-0.20534985,
0.59803510,
-0.20557843,
0.59803509,
-0.20580755,
0.59803510,
0.59803509,
0.59803510,
0.59803509,
0.59803508,
0.59803511,
0.59803512,
0.59803511,
0.59803509,
-0.20741849,
0.59803512,
-0.20764989,
0.59803509,
-0.20788153,
0.59803510,
-0.20811319,
0.59803509,
-0.20834562,
0.59803508,
-0.20857822,
0.59803508,
-0.20881116,
0.59803508,
-0.20904422,
0.59803506,
-0.20927732,
0.59803509,
-0.20951116,
0.59803508,
-0.20974499,
0.59803512,
-0.20997948,
0.59803506,
-0.21046847,
0.59803510,
-0.21058373,
0.59803511,
-0.21115503,
0.59803510,
-0.21139098,
0.59803507,
-0.21162727,
0.59803508,
-0.21186391,
0.59803507,
-0.21210068,
0.59803509,
-0.21233782,
0.59803508,
-0.21257542,
0.59803511,
-0.21281339,
0.59803512,
-0.21305135,
0.59803510,
-0.21328958,
0.59803507,
0.59803508,
0.59803508,
0.59803510,
0.59803509,
0.59803509,
0.59803510,
0.59803509,
0.59803510,
-0.21496634,
0.59803510,
-0.21520689,
0.59803510,
-0.21544784,
0.59803509,
-0.21568901,
0.59803510,
-0.21593068,
0.59803508,
-0.21617234,
0.59803509,
-0.21641459,
0.59803511,
-0.21665744,
0.59803509,
-0.21690003,
0.59803508,
-0.21714312,
0.59803514,
-0.21738645,
0.59803508,
-0.21763000,
0.59803510,
-0.21813613,
0.59803507,
-0.21826062,
0.59803510,
-0.21885245,
0.59803509,
-0.21909785,
0.59803509,
-0.21934348,
0.59803508,
-0.21958935,
0.59803507,
-0.21983555,
0.59803510,
-0.22008213,
0.59803511,
-0.22032898,
0.59803508,
-0.22057607,
0.59803508,
-0.22082360,
0.59803508,
-0.22107144,
0.59803512,
0.59803509,
0.59803509,
0.59803510,
0.59803509,
0.59803509,
0.59803509,
0.59803506,
0.59803511,
-0.22281342,
0.59803512,
-0.22306360,
0.59803510,
-0.22331402,
0.59803509,
-0.22356461,
0.59803511,
-0.22381551,
0.59803509,
-0.22406681,
0.59803510,
-0.22431813,
0.59803509,
-0.22456999,
0.59803510,
-0.22482211,
0.59803507,
-0.22507452,
0.59803511,
-0.22532718,
0.59803510,
-0.22558013,
0.59803508,
-0.22610300,
0.59803510,
-0.22623696,
0.59803508,
-0.22684941,
0.59803510,
-0.22710393,
0.59803510,
-0.22735908,
0.59803507,
-0.22761460,
0.59803508,
-0.22786995,
0.59803508,
-0.22812619,
0.59803506,
-0.22838191,
0.59803508,
-0.22863856,
0.59803510,
-0.22889532,
0.59803508,
-0.22915237,
0.59803509,
0.59803510,
0.59803510,
0.59803512,
0.59803511,
0.59803507,
0.59803508,
0.59803509,
0.59803510,
-0.23095959,
0.59803509,
-0.23121922,
0.59803508,
-0.23147863,
0.59803509,
-0.23173889,
0.59803508,
-0.23199905,
0.59803508,
-0.23225970,
0.59803509,
-0.23252049,
0.59803509,
-0.23278151,
0.59803510,
-0.23304282,
0.59803516,
-0.23330477,
0.59803508,
-0.23356674,
0.59803512,
-0.23382892,
0.59803509,
-0.23436876,
0.59803511,
-0.23451202,
0.59803508,
-0.23514438,
0.59803508,
-0.23540880,
0.59803510,
-0.23567298,
0.59803507,
-0.23593774,
0.59803510,
-0.23620255,
0.59803511,
-0.23646763,
0.59803508,
-0.23673335,
0.59803510,
-0.23699878,
0.59803508,
-0.23726485,
0.59803510,
-0.23753124,
0.59803512,
0.59803508,
0.59803508,
0.59803506,
0.59803509,
0.59803509,
0.59803511,
0.59803508,
0.59803510,
-0.23940401,
0.59803511,
-0.23967272,
0.59803508,
-0.23994167,
0.59803511,
-0.24021082,
0.59803510,
-0.24048034,
0.59803510,
-0.24075033,
0.59803510,
-0.24102050,
0.59803511,
-0.24129091,
0.59803510,
-0.24156164,
0.59803510,
-0.24183221,
0.59803510,
-0.24210381,
0.59803512,
-0.24237520,
0.59803508,
-0.24293205,
0.59803510,
-0.24308471,
0.59803509,
-0.24373773,
0.59803509,
-0.24401087,
0.59803510,
-0.24428450,
0.59803511,
-0.24455826,
0.59803510,
-0.24483256,
0.59803507,
-0.24510703,
0.59803513,
-0.24538181,
0.59803511,
-0.24565703,
0.59803510,
-0.24593236,
0.59803508,
-0.24620783,
0.59803508,
0.59803510,
0.59803510,
0.59803509,
0.59803509,
0.59803511,
0.59803511,
0.59803507,
0.59803509,
-0.24814563,
0.59803510,
-0.24842326,
0.59803511,
-0.24870153,
0.59803507,
-0.24898015,
0.59803510,
-0.24925902,
0.59803509,
-0.24953797,
0.59803509,
-0.24981735,
0.59803508,
-0.25009701,
0.59803509,
-0.25037734,
0.59803508,
-0.25065737,
0.59803510,
-0.25093797,
0.59803510,
-0.25121869,
0.59803511,
-0.25179178,
0.59803509,
-0.25195376,
0.59803512,
-0.25262714,
0.59803512,
-0.25290974,
0.59803509,
-0.25319268,
0.59803511,
-0.25347580,
0.59803508,
-0.25375922,
0.59803513,
-0.25404288,
0.59803510,
-0.25432686,
0.59803510,
-0.25461138,
0.59803510,
-0.25489588,
0.59803508,
-0.25518099,
0.59803510,
0.59803507,
0.59803508,
0.59803509,
0.59803510,
0.59803507,
0.59803510,
0.59803511,
0.59803509,
0.59803509,
0.59803512,
0.59803513,
0.59803509,
0.59803509,
0.59803510,
0.59803509,
0.59803509,
0.59803511,
0.59803510,
0.59803509,
0.59803510,
0.59803510,
0.59803510,
0.59803509,
0.59803511,
0.59803510,
0.59803509,
0.59803509,
0.59803510,
0.59803509,
0.59803508,
0.59803510,
0.59803511,
0.59803509,
0.59803510,
0.59803509,
0.59803507,
0.59803510,
0.59803511,
0.59803513,
0.59803508,
0.59803508,
0.59803512,
0.59803510,
0.59803508,
0.59803505,
0.59803511,
0.59803507,
0.59803512,
0.59803508,
0.59803509,
0.59803512,
0.59803509,
0.59803509,
0.59803510,
0.59803508,
0.59803512,
0.59803511,
0.59803512,
0.59803511,
0.59803511,
0.59803509,
0.59803510,
0.59803505,
0.59803507,
0.59803513,
0.59803510,
0.59803509,
0.59803509,
0.59803507,
0.59803509,
0.59803510,
0.59803509,
0.59803509,
0.59803509,
0.59803511,
0.59803509,
0.59803511,
0.59803508,
0.59803510,
0.59803508,
0.59803511,
0.59803511,
0.59803507,
0.59803508,
0.59803509,
0.59803510,
0.59803509,
0.59803512,
0.59803508,
0.59803511,
0.59803510,
0.59803508,
0.59803510,
0.59803508,
0.59803510,
0.59803510,
0.59803510,
0.59803511,
0.59803510,
0.59803510,
0.59803508,
0.59803509,
0.59803512,
0.59803510,
0.59803509,
0.59803509,
0.59803508,
0.59803507,
0.59803509,
0.59803510,
0.59803509,
0.59803509,
0.59803510,
0.59803508,
0.59803509,
0.59803510,
0.59803508,
0.59803510,
0.59803508,
0.59803510,
0.59803509,
0.59803509,
0.59803512,
0.59803508,
0.59803511,
0.59803510,
0.59803509,
0.59803509,
0.59803509,
0.59803511,
0.59803506,
0.59803506,
0.59803512,
0.59803510,
0.59803506,
0.59803509,
0.59803511,
0.59803507,
0.59803509,
0.59803513,
0.59803510,
0.59803509,
0.59803509,
0.59803511,
0.59803506,
0.59803510,
0.59803508,
0.59803509,
0.59803513,
0.59803510,
0.59803510,
0.59803508,
0.59803509,
0.59803510,
0.59803509,
0.59803510,
0.59803510,
0.59803509,
0.59803509,
0.59803506,
0.59803508,
0.59803508,
0.59803509,
0.59803511,
0.59803509,
0.59803509,
0.59803508,
0.59803510,
0.59803509,
0.59803511,
0.59803509,
0.59803510,
0.59803511,
0.59803511,
0.59803509,
0.59803510,
0.59803511,
0.59803510,
0.59803509,
0.59803510,
0.59803511,
0.59803509,
0.59803509,
0.59803508,
0.59803509,
0.59803509,
0.59803506,
0.59803509,
0.59803508,
0.59803506,
0.59803509,
0.59803508,
0.59803509,
0.59803508,
0.59803509,
0.59803506,
0.59803509,
0.59803509,
0.59803510,
0.59803510,
0.59803509,
0.59803510,
0.59803513,
0.59803511,
0.59803510,
0.59803507,
0.59803509,
0.59803508,
0.59803511,
0.59803506,
0.59803510,
0.59803512,
0.59803508,
0.59803509,
0.59803510,
0.59803508,
0.59803510,
0.59803506,
0.59803512,
0.59803509,
0.59803510,
0.59803508,
0.59803508,
0.59803505,
0.59803510,
0.59803510,
0.59803509,
0.59803512,
0.59803513,
0.59803511,
0.59803515,
0.59803510,
