-4144.61,
-4164.61,
-4184.62,
-4204.62,
-4224.63,
-4244.63,
-4264.64,
-4284.65,
-4304.65,
-4324.66,
-4344.66,
-4364.67,
-4384.67,
-4404.68,
-4424.68,
-4444.69,
-4464.69,
-4484.7,
-4504.7,
-4524.71,
-4544.72,
-4564.72,
-4584.73,
-4604.73,
-4624.74,
-4644.74,
-4664.75,
-4684.75
-4704.76,
-4724.76,
-4744.77,
-4764.78,
-4784.78,
-4804.79,
-4824.79,
-4844.8,
-4864.8,
-4884.81,
-4904.81,
-4924.82,
-4944.82,
-4964.83,
-4984.84,
-5004.84,
-5024.85,
-5044.85,
-5064.86,
-5084.86,
-5104.87,
-5124.87,
-5144.88,
-5164.88,
-5184.89,
-5204.9,
-5224.9,
-5244.91
-5264.91,
-5284.92,
-5304.92,
-5324.93,
-5344.93,
-5364.94,
-5384.94,
-5404.95,
-5424.96,
-5444.96,
-5464.97,
-5484.97,
-5504.98,
-5524.98,
-5544.99,
-5564.99,
-5585,
-5605,
-5625.01,
-5645.01,
-5665.02,
-5685.03,
-5705.03,
-5725.04,
-5745.04,
-5765.05,
-5785.05,
-5805.06
-5825.06,
-5845.07,
-5865.07,
-5885.08,
-5905.09,
-5925.09,
-5945.1,
-5965.1,
-5985.11,
-6005.11,
-6025.12,
-6045.12,
-6065.13,
-6085.13,
-6105.14,
-6125.15,
-6145.15,
-6165.16,
-6185.16,
-6205.17,
-6225.17,
-6245.18,
-6265.18,
-6285.19,
-6305.19,
-6325.2,
-6345.21,
-6365.21
-6385.22,
-6405.22,
-6425.23,
-6445.23,
-6465.24,
-6485.24,
-6505.25,
-6525.25,
-6545.26,
-6565.26,
-6585.27,
-6605.28,
-6625.28,
-6645.29,
-6665.29,
-6685.3,
-6705.3,
-6725.31,
-6745.31,
-6765.32,
-6785.32,
-6805.33,
-6825.34,
-6845.34,
-6865.35,
-6885.35,
-6905.36,
-6925.36
-6945.37,
-6965.37,
-6985.38,
-7005.38,
-7025.39,
-7045.4,
-7065.4,
-7085.41,
-7105.41,
-7125.42,
-7145.42,
-7165.43,
-7185.43,
-7205.44,
-7225.44,
-7245.45,
-7265.46,
-7285.46,
-7305.47,
-7325.47,
-7345.48,
-7365.48,
-7385.49,
-7405.49,
-7425.5,
-7445.5,
-7465.51,
-7485.52
-7505.52,
-7525.53,
-7545.53,
-7565.54,
-7585.54,
-7605.55,
-7625.55,
-7645.56,
-7665.56,
-7685.57,
-7705.57,
-7725.58,
-7745.59,
-7765.59,
-7785.6,
-7805.6,
-7825.61,
-7845.61,
-7865.62,
-7885.62,
-7905.63,
-7925.63,
-7945.64,
-7965.65,
-7985.65,
-8005.66,
-8025.66,
-8045.67
-8065.67,
-8085.68,
-8105.68,
-8125.69,
-8145.69,
-8165.7,
-8185.71,
-8205.71,
-8225.72,
-8245.72,
-8265.73,
-8285.73,
-8305.74,
-8325.74,
-8345.75,
-8365.75,
-8385.76,
-8405.77,
-8425.77,
-8445.78,
-8465.78,
-8485.79,
-8505.79,
-8525.8,
-8545.8,
-8565.81,
-8585.81,
-8605.82
-8625.82,
-8645.83,
-8665.84,
-8685.84,
-8705.85,
-8725.85,
-8745.86,
-8765.86,
-8785.87,
-8805.87,
-8825.88,
-8845.88,
-8865.89,
-8885.9,
-8905.9,
-8925.91,
-8945.91,
-8965.92,
-8985.92,
-9005.93,
-9025.93,
-9045.94,
-9065.94,
-9085.95,
-9105.96,
-9125.96,
-9145.97,
-9165.97
-9185.98,
-9205.98,
-9225.99,
-9245.99,
-9266,
-9286,
-9306.01,
-9326.02,
-9346.02,
-9366.03,
-9386.03,
-9406.04,
-9426.04,
-9446.05,
-9466.05,
-9486.06,
-9506.06,
-9526.07,
-9546.08,
-9566.08,
-9586.09,
-9606.09,
-9626.1,
-9646.1,
-9666.11,
-9686.11,
-9706.12,
-9726.12
-9746.13,
-9766.13,
-9786.14,
-9806.15,
-9826.15,
-9846.16,
-9866.16,
-9886.17,
-9906.17,
-9926.18,
-9946.18,
-9966.19,
-9986.19,
-10006.2,
-10026.2,
-10046.2,
-10066.2,
-10086.2,
-10106.2,
-10126.2,
-10146.2,
-10166.2,
-10186.2,
-10206.3,
-10226.3,
-10246.3,
-10266.3,
-10286.3
-10306.3,
-10326.3,
-10346.3,
-10366.3,
-10386.3,
-10406.3,
-10426.3,
-10446.3,
-10466.3,
-10486.3,
-10506.3,
-10526.3,
-10546.3,
-10566.4,
-10586.4,
-10606.4,
-10626.4,
-10646.4,
-10666.4,
-10686.4,
-10706.4,
-10726.4,
-10746.4,
-10766.4,
-10786.4,
-10806.4,
-10826.4,
-10846.4
-10866.4,
-10886.4,
-10906.4,
-10926.5,
-10946.5,
-10966.5,
-10986.5,
-11006.5,
-11026.5,
-11046.5,
-11066.5,
-11086.5,
-11106.5,
-11126.5,
-11146.5,
-11166.5,
-11186.5,
-11206.5,
-11226.5,
-11246.5,
-11266.5,
-11286.5,
-11306.6,
-11326.6,
-11346.6,
-11366.6,
-11386.6,
-11406.6
-11426.6,
-11446.6,
-11466.6,
-11486.6,
-11506.6,
-11526.6,
-11546.6,
-11566.6,
-11586.6,
-11606.6,
-11626.6,
-11646.6,
-11666.7,
-11686.7,
-11706.7,
-11726.7,
-11746.7,
-11766.7,
-11786.7,
-11806.7,
-11826.7,
-11846.7,
-11866.7,
-11886.7,
-11906.7,
-11926.7,
-11946.7,
-11966.7
-11986.7,
-12006.7,
-12026.7,
-12046.8,
-12066.8,
-12086.8,
-12106.8,
-12126.8,
-12146.8,
-12166.8,
-12186.8,
-12206.8,
-12226.8,
-12246.8,
-12266.8,
-12286.8,
-12306.8,
-12326.8,
-12346.8,
-12366.8,
-12386.8,
-12406.9,
-12426.9,
-12446.9,
-12466.9,
-12486.9,
-12506.9,
-12526.9
-12546.9,
-12566.9,
-12586.9,
-12606.9,
-12626.9,
-12646.9,
-12666.9,
-12686.9,
-12706.9,
-12726.9,
-12746.9,
-12767,
-12787,
-12807,
-12827,
-12847,
-12867,
-12887,
-12907,
-12927,
-12947,
-12967,
-12987,
-13007,
-13027,
-13047,
-13067,
-13087
-13107,
-13127,
-13147.1,
-13167.1,
-13187.1,
-13207.1,
-13227.1,
-13247.1,
-13267.1,
-13287.1,
-13307.1,
-13327.1,
-13347.1,
-13367.1,
-13387.1,
-13407.1,
-13427.1,
-13447.1,
-13467.1,
-13487.1,
-13507.2,
-13527.2,
-13547.2,
-13567.2,
-13587.2,
-13607.2,
-13627.2,
-13647.2
-13667.2,
-13687.2,
-13707.2,
-13727.2,
-13747.2,
-13767.2,
-13787.2,
-13807.2,
-13827.2,
-13847.2,
-13867.2,
-13887.3,
-13907.3,
-13927.3,
-13947.3,
-13967.3,
-13987.3,
-14007.3,
-14027.3,
-14047.3,
-14067.3,
-14087.3,
-14107.3,
-14127.3,
-14147.3,
-14167.3,
-14187.3,
-14207.3
-14227.3,
-14247.4,
-14267.4,
-14287.4,
-14307.4,
-14327.4,
-14347.4,
-14367.4,
-14387.4,
-14407.4,
-14427.4,
-14447.4,
-14467.4,
-14487.4,
-14507.4,
-14527.4,
-14547.4,
-14567.4,
-14587.4,
-14607.5,
-14627.5,
-14647.5,
-14667.5,
-14687.5,
-14707.5,
-14727.5,
-14747.5,
-14767.5
-14787.5,
-14807.5,
-14827.5,
-14847.5,
-14867.5,
-14887.5,
-14907.5,
-14927.5,
-14947.5,
-14967.5,
-14987.6,
-15007.6,
-15027.6,
-15047.6,
-15067.6,
-15087.6,
-15107.6,
-15127.6,
-15147.6,
-15167.6,
-15187.6,
-15207.6,
-15227.6,
-15247.6,
-15267.6,
-15287.6,
-15307.6,
-15327.6
-15347.7,
-15367.7,
-15387.7,
-15407.7,
-15427.7,
-15447.7,
-15467.7,
-15487.7,
-15507.7,
-15527.7,
-15547.7,
-15567.7,
-15587.7,
-15607.7,
-15627.7,
-15647.7,
-15667.7,
-15687.7,
-15707.7,
-15727.8,
-15747.8,
-15767.8,
-15787.8,
-15807.8,
-15827.8,
-15847.8,
-15867.8,
-15887.8
-15907.8,
-15927.8,
-15947.8,
-15967.8,
-15987.8,
-16007.8,
-16027.8,
-16047.8,
-16067.8,
-16087.9,
-16107.9,
-16127.9,
-16147.9,
-16167.9,
-16187.9,
-16207.9,
-16227.9,
-16247.9,
-16267.9,
-16287.9,
-16307.9,
-16327.9,
-16347.9,
-16367.9,
-16387.9,
-16407.9,
-16427.9,
-16448
-16468,
-16488,
-16508,
-16528,
-16548,
-16568,
-16588,
-16608,
-16628,
-16648,
-16668,
-16688,
-16708,
-16728,
-16748,
-16768,
-16788,
-16808,
-16828.1,
-16848.1,
-16868.1,
-16888.1,
-16908.1,
-16928.1,
-16948.1,
-16968.1,
-16988.1,
-17008.1
-17028.1,
-17048.1,
-17068.1,
-17088.1,
-17108.1,
-17128.1,
-17148.1,
-17168.1,
-17188.2,
-17208.2,
-17228.2,
-17248.2,
-17268.2,
-17288.2,
-17308.2,
-17328.2,
-17348.2,
-17368.2,
-17388.2,
-17408.2,
-17428.2,
-17448.2,
-17468.2,
-17488.2,
-17508.2,
-17528.2,
-17548.3,
-17568.3
-17588.3,
-17608.3,
-17628.3,
-17648.3,
-17668.3,
-17688.3,
-17708.3,
-17728.3,
-17748.3,
-17768.3,
-17788.3,
-17808.3,
-17828.3,
-17848.3,
-17868.3,
-17888.3,
-17908.3,
-17928.4,
-17948.4,
-17968.4,
-17988.4,
-18008.4,
-18028.4,
-18048.4,
-18068.4,
-18088.4,
-18108.4,
-18128.4
-18148.4,
-18168.4,
-18188.4,
-18208.4,
-18228.4,
-18248.4,
-18268.4,
-18288.5,
-18308.5,
-18328.5,
-18348.5,
-18368.5,
-18388.5,
-18408.5,
-18428.5,
-18448.5,
-18468.5,
-18488.5,
-18508.5,
-18528.5,
-18548.5,
-18568.5,
-18588.5,
-18608.5,
-18628.5,
-18648.5,
-18668.6,
-18688.6
-18708.6,
-18728.6,
-18748.6,
-18768.6,
-18788.6,
-18808.6,
-18828.6,
-18848.6,
-18868.6,
-18888.6,
-18908.6,
-18928.6,
-18948.6,
-18968.6,
-18988.6,
-19008.6,
-19028.7,
-19048.7,
-19068.7,
-19088.7,
-19108.7,
-19128.7,
-19148.7,
-19168.7,
-19188.7,
-19208.7,
-19228.7,
-19248.7
-19268.7,
-19288.7,
-19308.7,
-19328.7,
-19348.7,
-19368.7,
-19388.8,
-19408.8,
-19428.8,
-19448.8,
-19468.8,
-19488.8,
-19508.8,
-19528.8,
-19548.8,
-19568.8,
-19588.8,
-19608.8,
-19628.8,
-19648.8,
-19668.8,
-19688.8,
-19708.8,
-19728.8,
-19748.8,
-19768.9,
-19788.9,
-19808.9
