-126.79869984,
-127.67209817,
-128.54888856,
-129.42826931,
-130.31221080,
-131.20530327,
-132.10013548,
-132.99927042,
-133.89842004,
-134.80835591,
-135.71775778,
-136.63396406,
-137.55834140,
-138.48211808,
-139.41081991,
-140.34615027,
-141.28504337,
-142.22709570,
-143.17950359,
-144.13476551,
-145.08860075,
-146.05397964,
-147.02216699,
-147.99222531,
-148.96952536,
-149.94910983,
-150.93486599,
-151.92079237,
-4886.75691383,
-4886.75124536,
-4886.75552185,
-4886.75222500
-156.94990047,
-157.96976942,
-158.99567129,
-160.02299509,
-161.06010227,
-162.09585197,
-163.13799612,
-164.19012550,
-165.24244933,
-166.30567238,
-167.36742123,
-168.43516517,
-169.50621866,
-170.58776586,
-171.67295893,
-172.76028832,
-173.85433269,
-174.95409782,
-176.05881845,
-177.17040574,
-178.28455240,
-179.40476381,
-180.52471336,
-181.65666360,
-182.79313252,
-183.93329852,
-185.07488621,
-186.22599294,
-4886.75846099,
-4886.75432627,
-4886.75172208,
-4886.75364287
-192.06100687,
-193.24421535,
-194.42991143,
-195.62366478,
-196.82213475,
-198.02697191,
-199.23527715,
-200.44846403,
-201.67139104,
-202.89711085,
-204.12611514,
-205.36635491,
-206.60637727,
-207.85696018,
-209.10988408,
-210.36483614,
-211.62995883,
-212.89696455,
-214.17662804,
-215.45707158,
-216.74294406,
-218.04154349,
-219.33379270,
-220.63875433,
-221.94755728,
-223.26339753,
-224.58192077,
-225.91228305,
-4886.75542093,
-4886.75546871,
-4886.75415825,
-4886.75606692
-232.63261138,
-233.99081091,
-235.36090057,
-236.73297944,
-238.11452907,
-239.49554419,
-240.88920643,
-242.28585366,
-243.68972808,
-245.09602849,
-246.50794472,
-247.93497007,
-249.36010086,
-250.79104066,
-252.23151828,
-253.67599214,
-255.12792598,
-256.58190641,
-258.04858730,
-259.51858439,
-260.99115944,
-262.47127727,
-263.96133796,
-265.45372279,
-266.95567084,
-268.46302483,
-269.97912022,
-271.50049220,
-4886.75521409,
-4886.75625568,
-4886.75636833,
-4886.75128495
-279.18720951,
-280.74365612,
-282.31252682,
-283.88211256,
-285.45629072,
-287.03860277,
-288.62552164,
-290.22276502,
-291.82559119,
-293.43500286,
-295.05241862,
-296.67230864,
-298.30147932,
-299.93580796,
-301.57755458,
-303.22983091,
-304.88033715,
-306.54649971,
-308.21320338,
-309.88742035,
-311.57340922,
-313.25557099,
-314.95489832,
-316.65432025,
-318.36641401,
-320.08040301,
-321.80030359,
-323.53172368,
-4886.75521515,
-4886.75482555,
-4886.75624512,
-4886.75286373
-332.28043995,
-334.05361717,
-335.83147243,
-337.61382745,
-339.40813385,
-341.20291904,
-343.01049710,
-344.82157210,
-346.64262360,
-348.47366662,
-350.29857107,
-352.14427335,
-353.99197573,
-355.84483940,
-357.71576293,
-359.58066200,
-361.45622619,
-363.34119201,
-365.23156521,
-367.12942771,
-369.03383063,
-370.94829870,
-372.87112041,
-374.79522474,
-376.73569895,
-378.67712249,
-380.62724271,
-382.58305905,
-4886.75401296,
-4886.75222015,
-4886.75487971,
-4886.75434095
-392.48376302,
-394.48706530,
-396.49588166,
-398.51270056,
-400.54009270,
-402.56901072,
-404.60826175,
-406.66079506,
-408.71349487,
-410.77925604,
-412.84581553,
-414.92365464,
-417.01419414,
-419.10455672,
-421.21106255,
-423.31599287,
-425.43698814,
-427.55993513,
-429.69301841,
-431.83748934,
-433.98221573,
-436.13994676,
-438.30408586,
-440.47887422,
-442.65967426,
-444.84623517,
-447.04482439,
-449.24648322,
-4886.75433869,
-4886.75656890,
-4886.75478022,
-4886.75439807
-460.38710086,
-462.63913581,
-464.90448653,
-467.17325614,
-469.45086564,
-471.73688497,
-474.03236758,
-476.33262390,
-478.64158715,
-480.96106607,
-483.28840917,
-485.62577796,
-487.96828311,
-490.32085496,
-492.68158924,
-495.05143865,
-497.42634342,
-499.81100582,
-502.20603259,
-504.60467198,
-507.01979516,
-509.44019530,
-511.86518425,
-514.30747532,
-516.74765005,
-519.20219294,
-521.66683657,
-524.13376990,
-4886.75754515,
-4886.75502131,
-4886.75487756,
-4886.75178388
-536.62908535,
-539.14945781,
-541.67650146,
-544.22040430,
-546.77126125,
-549.32460004,
-551.89618945,
-554.47799725,
-557.05919058,
-559.65248456,
-562.25505685,
-564.86618790,
-567.49227701,
-570.11735164,
-572.75610928,
-575.40380194,
-578.05990274,
-580.72946929,
-583.40140754,
-586.08585002,
-588.78007578,
-591.48682786,
-594.19583923,
-596.92134683,
-599.64660592,
-602.38574722,
-605.13464883,
-607.89013248,
-4886.75196557,
-4886.75865898,
-4886.75321453,
-4886.75881235
-621.82569354,
-624.63699910,
-627.46442082,
-630.29625886,
-633.13750017,
-635.98541905,
-638.85139185,
-641.72394415,
-644.60371791,
-647.49369384,
-650.39701897,
-653.30641842,
-656.22589295,
-659.14930700,
-662.09346324,
-665.03473835,
-667.99638687,
-670.96450169,
-673.94424296,
-676.93110002,
-679.92734336,
-682.93480999,
-685.94953968,
-688.97701368,
-692.01490150,
-695.05614150,
-698.11873139,
-701.17951295,
-4886.75099189,
-4886.74974733,
-4886.75358697,
-4886.75495017
-716.66687621,
-719.78484425,
-722.92149336,
-726.06936704,
-729.23248284,
-732.39742404,
-735.57235588,
-738.75809514,
-741.95895481,
-745.16443631,
-748.38531948,
-751.60701627,
-754.85326651,
-758.10010342,
-761.35847521,
-764.62612533,
-767.91200341,
-771.20236548,
-774.49940717,
-777.81117142,
-781.13594465,
-784.46895100,
-787.81133237,
-791.16267711,
-794.52782620,
-797.90017127,
-801.29381301,
-804.68409603,
-4886.75483430,
-4886.75528275,
-4886.75443761,
-4886.75473860
-821.83185559,
-825.28741759,
-828.75611600,
-832.23655109,
-835.73447932,
-839.23290702,
-842.74863419,
-846.27849234,
-849.81716495,
-853.36582365,
-856.91713845,
-860.48872513,
-864.07221642,
-867.65874178,
-871.26817432,
-874.87713981,
-878.50746552,
-882.13952317,
-885.78608447,
-889.44719804,
-893.11507827,
-896.79413591,
-900.48141736,
-904.18955065,
-907.90453520,
-911.62713724,
-915.36969559,
-919.11549254,
-4886.75177113,
-4886.75413617,
-4886.75479568,
-4886.75441936
-938.03376945,
-941.84976924,
-945.67687063,
-949.52066127,
-953.36762837,
-957.22865495,
-961.10855756,
-964.99466472,
-968.89353562,
-972.80019916,
-976.72646333,
-980.65837689,
-984.60254065,
-988.56017309,
-992.53312436,
-996.51554189,
-1000.50638760,
-1004.50901448,
-1008.52215977,
-1012.55105703,
-1016.59083105,
-1020.64080615,
-1024.70823679,
-1028.78173070,
-1032.86996167,
-1036.97118655,
-1041.08479860,
-1045.20717082,
-4886.75458055,
-4886.75509441,
-4886.75309034,
-4886.75417839
-1066.00602197,
-1070.20453518,
-1074.41474731,
-1078.64326666,
-1082.87372560,
-1087.11737091,
-1091.38203543,
-1095.65164977,
-1099.93268675,
-1104.23149359,
-1108.53873613,
-1112.85756000,
-1117.19656009,
-1121.54591099,
-1125.90054707,
-1130.27043449,
-1134.65541200,
-1139.05289970,
-1143.45861185,
-1147.87898955,
-1152.32116678,
-1156.76821226,
-1161.22617013,
-1165.70042077,
-1170.18702884,
-1174.68123111,
-1179.18981522,
-1183.71401574,
-4886.75364144,
-4886.75263835,
-4886.75260552,
-4886.75331793
-1206.53519107,
-1211.13886646,
-1215.75544421,
-1220.37609047,
-1225.02053155,
-1229.66816226,
-1234.33736701,
-1239.01861255,
-1243.71250441,
-1248.41802890,
-1253.14058982,
-1257.86990931,
-1262.61983615,
-1267.38100163,
-1272.15596819,
-1276.93949208,
-1281.73738849,
-1286.55330978,
-1291.36929691,
-1296.22161510,
-1301.07443986,
-1305.93844323,
-1310.81802366,
-1315.71692172,
-1320.62424144,
-1325.54361238,
-1330.48020351,
-1335.42187749,
-4886.75424510,
-4886.75527442,
-4886.75424902,
-4886.75829533
-1360.37806746,
-1365.40622204,
-1370.44553807,
-1375.51293027,
-1380.58543927,
-1385.66914108,
-1390.77305235,
-1395.88255358,
-1401.01463391,
-1406.15564251,
-1411.31072010,
-1416.48251719,
-1421.66782893,
-1426.86401851,
-1432.07501624,
-1437.30336888,
-1442.54349946,
-1447.80496792,
-1453.06609602,
-1458.35789395,
-1463.64984069,
-1468.96904386,
-1474.28929865,
-1479.63001775,
-1484.98798368,
-1490.35779661,
-1495.74276240,
-1501.13730299,
-4886.75103809,
-4886.75285673,
-4886.75318897,
-4886.75310284
-1528.35270569,
-1533.84042168,
-1539.33071994,
-1544.85562498,
-1550.38288076,
-1555.93246772,
-1561.48999121,
-1567.06422023,
-1572.64978109,
-1578.25432725,
-1583.87411767,
-1589.49792607,
-1595.15407235,
-1600.81665944,
-1606.50279244,
-1612.19019927,
-1617.89896392,
-1623.61578322,
-1629.36308483,
-1635.11534149,
-1640.87609413,
-1646.66716490,
-1652.46088695,
-1658.27812225,
-1664.11036181,
-1669.95045537,
-1675.80688810,
-1681.68759421,
-4886.75271405,
-4886.75364497,
-4886.75227942,
-4886.75261750
-1711.28974506,
-1717.26202997,
-1723.23809027,
-1729.24206158,
-1735.24674897,
-1741.28171856,
-1747.31964486,
-1753.38518159,
-1759.45914687,
-1765.55720726,
-1771.66388249,
-1777.77897588,
-1783.92016956,
-1790.06809409,
-1796.25044416,
-1802.43384822,
-1808.63742570,
-1814.84936804,
-1821.09972496,
-1827.33146123,
-1833.59740799,
-1839.88099584,
-1846.18474073,
-1852.49144726,
-1858.83157058,
-1865.17148547,
-1871.53616496,
-1877.91405416,
-4886.75470562,
-4886.75467103,
-4886.75770402,
-4886.75389199
-1910.04180703,
-1916.51959994,
-1923.01179786,
-1929.52136842,
-1936.04283498,
-1942.58893939,
-1949.14390371,
-1955.71941305,
-1962.31661295,
-1968.92243473,
-1975.54147725,
-1982.18042945,
-1988.83821043,
-1995.50535199,
-2002.20589415,
-2008.90701827,
-2015.62753488,
-2022.36067072,
-2029.12736638,
-2035.90219381,
-2042.69038160,
-2049.49432726,
-2056.32543109,
-2063.15717078,
-2070.02963899,
-2076.88845231,
-2083.79968665,
-2090.69773067,
-4886.75402266,
-4886.75662631,
-4886.75509420,
-4886.75291573
-2125.50000301,
-2132.50872505,
-2139.53791894,
-2146.58029504,
-2153.64402573,
-2160.73009137,
-2167.82324445,
-2174.94147862,
-2182.06947810,
-2189.22216397,
-2196.39741943,
-2203.57908697,
-2210.78471416,
-2217.99851405,
-2225.22674881,
-2232.49143660,
-2239.76896719,
-2247.05824125,
-2254.36500276,
-2261.69103860,
-2269.03445258,
-2276.39711602,
-2283.77232017,
-2291.16910018,
-2298.58994908,
-2306.00389564,
-2313.47005415,
-2320.93075612,
-4886.75283368,
-4886.75416453,
-4886.75484968,
-4886.75420175
-2358.55047539,
-2366.12340367,
-2373.72930452,
-2381.33581548,
-2388.97235262,
-2396.61851393,
-2404.29017247,
-2411.98126182,
-2419.66905173,
-2427.38898102,
-2435.12807477,
-2442.89643889,
-2450.66936002,
-2458.46330890,
-2466.27903494,
-2474.10547000,
-2481.96790391,
-2489.83584269,
-2497.71998371,
-2505.63033312,
-2513.55961636,
-2521.50327700,
-2529.45213867,
-2537.43395745,
-2545.44943263,
-2553.46249761,
-2561.50136881,
-2569.56088759,
-4886.75419801,
-4886.75467004,
-4886.75302742,
-4886.75449410
-2610.11868516,
-2618.29236257,
-2626.48362375,
-2634.68744237,
-2642.92149929,
-2651.17056536,
-2659.43072191,
-2667.71038388,
-2676.01432308,
-2684.34412874,
-2692.68803227,
-2701.06546816,
-2709.43756032,
-2717.84194969,
-2726.26042789,
-2734.69397802,
-2743.16066886,
-2751.62980226,
-2760.12101803,
-2768.64989137,
-2777.17847960,
-2785.74546352,
-2794.31526234,
-2802.91468550,
-2811.53827950,
-2820.16143458,
-2828.82953069,
-2837.50164621,
-4886.75623060,
-4886.75665029,
-4886.75122521,
-4886.75303478
-2881.18699510,
-2889.97127240,
-2898.78824123,
-2907.62725985,
-2916.48031626,
-2925.35043625,
-2934.24060424,
-2943.15897157,
-2952.09503653,
-2961.04989563,
-2970.02120852,
-2979.02144279,
-2988.03925228,
-2997.07857886,
-3006.12475300,
-3015.20433411,
-3024.30648520,
-3033.41218602,
-3042.56439938,
-3051.72744181,
-3060.89416577,
-3070.11432990,
-3079.32200071,
-3088.56954140,
-3097.83178349,
-3107.11302839,
-3116.42006915,
-3125.73273669,
-4886.75389666,
-4886.75568832,
-4886.75574660,
-4886.75393289
-3172.67555154,
-3182.10783466,
-3191.59255519,
-3201.08477421,
-3210.58829809,
-3220.12210505,
-3229.68403146,
-3239.25724947,
-3248.85763439,
-3258.48035384,
-3268.10742756,
-3277.77042802,
-3287.44764932,
-3297.15767199,
-3306.87667494,
-3316.62359149,
-3326.38694071,
-3336.17669565,
-3345.99901023,
-3355.82417095,
-3365.67110080,
-3375.56221287,
-3385.43224425,
-3395.37111796,
-3405.30639380,
-3415.26858065,
-3425.24427132,
-3435.26380855,
-4886.75256967,
-4886.75358295,
-4886.75587542,
-4886.75417779
-3485.61873836,
-3495.73925471,
-3505.90240019,
-3516.07243048,
-3526.28162779,
-3536.52050220,
-3546.75933710,
-3557.01483501,
-3567.31402772,
-3577.63089192,
-3587.94871001,
-3598.31150378,
-3608.69926911,
-3619.10422997,
-3629.52328301,
-3639.97685052,
-3650.45069209,
-3660.92615325,
-3671.45384620,
-3681.98387388,
-3692.53409171,
-3703.12377745,
-3713.73177910,
-3724.35251535,
-3734.99485408,
-3745.67093834,
-3756.35836083,
-3767.08952642,
-4886.75502716,
-4886.75173701,
-4886.75364722,
-4886.75061669
-3821.01040990,
-3831.84181111,
-3842.73832762,
-3853.64076010,
-3864.56654358,
-3875.50937137,
-3886.47880463,
-3897.46682493,
-3908.49883040,
-3919.53206632,
-3930.59521123,
-3941.66779957,
-3952.78087448,
-3963.91644001,
-3975.08113235,
-3986.25451540,
-3997.44718184,
-4008.67574300,
-4019.92841810,
-4031.19347685,
-4042.48980398,
-4053.82699858,
-4065.16576753,
-4076.53189458,
-4087.91850371,
-4099.34051368,
-4110.77848488,
-4122.24719566,
-4886.75272058,
-4886.75237343,
-4886.75310739,
-4886.75789794
-4179.91185575,
-4191.52572850,
-4203.15333219,
-4214.80399005,
-4226.47565657,
-4238.17489311,
-4249.92322155,
-4261.66663315,
-4273.44764104,
-4285.23441069,
-4297.07590304,
-4308.91568182,
-4320.78182320,
-4332.67183718,
-4344.60842206,
-4356.54643512,
-4368.52227063,
-4380.51594717,
-4392.52949754,
-4404.57364756,
-4416.64241598,
-4428.74119478,
-4440.84132670,
-4453.00743422,
-4465.16206751,
-4477.35537551,
-4489.57466176,
-4501.80891152,
-4886.75638290,
-4886.75725350,
-4886.75513517,
-4886.75397746
-4563.39078890,
-4575.78314679,
-4588.19522369,
-4600.63938498,
-4613.10684418,
-4625.60497096,
-4638.11925520,
-4650.65088301,
-4663.22536004,
-4675.81231231,
-4688.43741473,
-4701.07235861,
-4713.75134751,
-4726.44741167,
-4739.17985289,
-4751.90140482,
-4764.67795711,
-4777.47974344,
-4790.31011762,
-4803.16308007,
-4816.02404912,
-4828.90967206,
-4841.83675664,
-4854.79602239,
-4867.77398775,
-4880.77217085,
-4893.80770196,
-4906.85346107,
-4886.75765986,
-4886.75365406,
-4886.75612279,
-4886.75550073
-4886.75431064,
-4886.75469855,
-4886.75184356,
-4886.75214747,
-4886.75702244,
-4886.75208492,
-4886.75406310,
-4886.75064015,
-4886.75434671,
-4886.75488532,
-4886.75557783,
-4886.75532838,
-4886.75592509,
-4886.75522614,
-4886.75590677,
-4886.75338187,
-4886.75386315,
-4886.75783343,
-4886.75121861,
-4886.75623358,
-4886.75537223,
-4886.75640684,
-4886.75493656,
-4886.75749993,
-4886.75288964,
-4886.75250466,
-4886.75612475,
-4886.75317741,
-4886.75670976,
-4886.74909108,
-4886.75607486,
-4886.75600409
-4886.75520322,
-4886.75508762,
-4886.75320565,
-4886.75664120,
-4886.75057729,
-4886.75601413,
-4886.75290283,
-4886.75324845,
-4886.75481557,
-4886.75294676,
-4886.75405731,
-4886.75627956,
-4886.75560029,
-4886.75343066,
-4886.75421827,
-4886.75875716,
-4886.75680381,
-4886.75665729,
-4886.75880554,
-4886.75639998,
-4886.75147457,
-4886.75725857,
-4886.75101969,
-4886.75697897,
-4886.76124003,
-4886.75419585,
-4886.75512660,
-4886.75495912,
-4886.75430361,
-4886.75073633,
-4886.75122967,
-4886.75225696
-4886.75439254,
-4886.75192037,
-4886.75397494,
-4886.75231673,
-4886.75530373,
-4886.75676327,
-4886.75489958,
-4886.75742730,
-4886.75235838,
-4886.75379559,
-4886.75235909,
-4886.75659889,
-4886.75740404,
-4886.75723380,
-4886.75215789,
-4886.75394845,
-4886.75454851,
-4886.74958607,
-4886.75177256,
-4886.75587100,
-4886.75468336,
-4886.75232388,
-4886.75335512,
-4886.75190538,
-4886.75530589,
-4886.75456920,
-4886.75439923,
-4886.75637725,
-4886.75132545,
-4886.75472985,
-4886.75425415,
-4886.75564815
-4886.75317000,
-4886.75208327,
-4886.75090095,
-4886.75693702,
-4886.75552340,
-4886.75308478,
-4886.75346951,
-4886.75231896,
-4886.75681010,
-4886.75427680,
-4886.75378377,
-4886.75606835,
-4886.75403564,
-4886.75404819,
-4886.75737433,
-4886.75662486,
-4886.75436349,
-4886.75413212,
-4886.75777431,
-4886.75556827,
-4886.75500931,
-4886.75391785,
-4886.75487343,
-4886.75432168,
-4886.75492482,
-4886.75519355,
-4886.75391922,
-4886.75437163,
-4886.75334978,
-4886.75308645,
-4886.75353909,
-4886.75513673
