-86307.92802788,
-87056.28677142,
-87809.72666068,
-88568.05467860,
-89331.21397110,
-90099.60451244,
-90872.48463713,
-91650.77690053,
-92433.95729279,
-93221.42655575,
-94014.46233015,
-94812.57073966,
-95615.74027732,
-96424.02766572,
-97237.12471729,
-98055.79662666,
-98879.25289634,
-99708.49889672,
-100542.11013037,
-101381.60119721,
-102225.62176438,
-103075.16560653,
-103930.24345838,
-104790.28883929,
-105656.13885106,
-106527.29865010,
-107403.34141832,
-108284.84145684,
-67583.53301342,
-67583.28662763,
-67583.54268172,
-67583.41314909
-112774.87512648,
-113689.30434748,
-114609.57885201,
-115534.92966677,
-116466.03270572,
-117403.03528358,
-118345.36906769,
-119293.43466570,
-120247.09773448,
-121206.63792574,
-122171.88575605,
-123143.03801511,
-124119.39335526,
-125102.22976866,
-126090.09724867,
-127084.72059911,
-128084.54317304,
-129090.25168385,
-130101.77860926,
-131119.59331152,
-132143.48990063,
-133173.02954238,
-134208.71713909,
-135250.52864301,
-136298.67204618,
-137351.82742820,
-138412.02520943,
-139477.96993436,
-67583.84420049,
-67583.76768131,
-67583.65557249,
-67583.68913065
-144900.25220290,
-146003.54192707,
-147113.04111569,
-148228.89078574,
-149350.83731321,
-150479.15312123,
-151614.07106932,
-152755.15114980,
-153902.99410272,
-155057.26861464,
-156217.94957914,
-157384.82403809,
-158558.20317257,
-159738.18025675,
-160924.73389455,
-162118.37754127,
-163318.25323855,
-164524.77750419,
-165738.14576614,
-166958.31189233,
-168184.80614520,
-169417.55859993,
-170658.04083866,
-171904.93878554,
-173158.80188908,
-174419.46404517,
-175686.57006553,
-176960.80870344,
-67583.80860169,
-67583.52330936,
-67583.69955959,
-67583.23465090
-183436.85202962,
-184753.09441284,
-186076.21073642,
-187406.55862101,
-188744.16154257,
-190089.00280793,
-191440.36698114,
-192799.31793014,
-194165.39180842,
-195538.61939902,
-196919.59854662,
-198307.82240959,
-199702.90026922,
-201105.71842709,
-202515.33319684,
-203932.95085709,
-205357.55342933,
-206789.43516454,
-208229.30446458,
-209676.21595738,
-211131.81221006,
-212593.44723304,
-214063.92528501,
-215541.14508972,
-217025.97513124,
-218519.17380118,
-220019.49449800,
-221528.12241634,
-67583.22787114,
-67583.86219882,
-67583.69594614,
-67583.93834492
-229185.13308508,
-230739.28904953,
-232302.32640394,
-233873.26197801,
-235452.07902035,
-237038.59429286,
-238633.47616918,
-240236.24942974,
-241846.76494877,
-243465.53642886,
-245092.64591414,
-246727.61704581,
-248370.71541665,
-250022.03841215,
-251682.09366398,
-253349.93204040,
-255025.98859908,
-256710.17573697,
-258403.00786121,
-260104.19585937,
-261813.69253695,
-263531.63909884,
-265257.94528055,
-266992.67409063,
-268736.27710855,
-270487.93614200,
-272248.18750585,
-274017.48505117,
-67583.67513028,
-67583.44312274,
-67583.54616453,
-67583.67639966
-282991.40014788,
-284812.21025601,
-286641.76364230,
-288480.26982769,
-290327.82438378,
-292183.94131356,
-294049.00171945,
-295922.81542143,
-297806.20891103,
-299697.87653172,
-301598.49854847,
-303508.17510746,
-305427.02741708,
-307354.79173139,
-309292.25620763,
-311238.29327565,
-313194.05219141,
-315158.14134298,
-317132.26093856,
-319115.61502373,
-321108.06803489,
-323109.40756078,
-325120.38710339,
-327140.96749217,
-329170.83131572,
-331210.48843850,
-333258.72741241,
-335317.01338524,
-67583.49324363,
-67583.62553274,
-67583.56416991,
-67583.82955968
-345750.53984042,
-347866.13614320,
-349991.49369405,
-352126.41447839,
-354271.12222401,
-356425.89379589,
-358590.32420178,
-360764.15525420,
-362948.39401856,
-365142.51878165,
-367346.37416247,
-369559.91339446,
-371784.20058059,
-374017.59295864,
-376261.94260234,
-378515.99740075,
-380779.67624452,
-383054.10363745,
-385338.26257017,
-387633.05960159,
-389937.74493026,
-392253.07609799,
-394577.92551830,
-396913.75528384,
-399259.74749104,
-401615.86181262,
-403982.88980704,
-406360.06344930,
-67583.69884911,
-67583.63408261,
-67583.61749529,
-67583.50066929
-418403.45081849,
-420844.55823714,
-423295.54331211,
-425757.12065644,
-428230.01362833,
-430713.24218067,
-433207.37962230,
-435712.15070589,
-438228.17368199,
-440754.39995494,
-443292.13425769,
-445840.19420445,
-448399.63330707,
-450970.23706730,
-453551.44327690,
-456144.33956084,
-458747.99521057,
-461362.36021922,
-463988.03773545,
-466625.47421253,
-469273.86381685,
-471933.05531013,
-474603.85000454,
-477286.04140386,
-479979.80760456,
-482684.73159093,
-485400.76823940,
-488128.37476220,
-67583.42385646,
-67583.79683777,
-67583.69628332,
-67583.91302834
-501939.19589954,
-504736.05045672,
-507545.37429631,
-510365.88869509,
-513197.70718407,
-516041.50409623,
-518897.13217913,
-521764.83813519,
-524644.08057179,
-527534.97909862,
-530438.15086449,
-533353.59902787,
-536280.60789428,
-539219.65745399,
-542170.95804444,
-545134.33586845,
-548109.47433160,
-551097.23807802,
-554097.27006345,
-557109.36582809,
-560133.61890217,
-563169.92973133,
-566219.02329555,
-569280.25605213,
-572354.08087138,
-575439.68898028,
-578538.07558890,
-581649.20053753,
-67583.83340516,
-67583.53864294,
-67583.75319140,
-67583.56339860
-597392.48238100,
-600579.22206190,
-603778.42399211,
-606990.71573245,
-610216.04175703,
-613453.53746111,
-616703.81892076,
-619968.00125584,
-623244.31904159,
-626532.89619937,
-629835.64503440,
-633150.50065784,
-636479.43596504,
-639820.59076856,
-643175.29687401,
-646543.59667252,
-649924.18067532,
-653318.88511226,
-656726.45446884,
-660147.04335642,
-663581.43903700,
-667029.33574003,
-670490.25570923,
-673964.65736718,
-677452.63608767,
-680954.09093683,
-684468.46228483,
-687997.85766070,
-67583.42801038,
-67583.64648229,
-67583.61727444,
-67583.60934889
-705845.47899799,
-709456.67737173,
-713081.04631606,
-716719.35109002,
-720372.27043103,
-724038.50954736,
-727718.30427768,
-731413.32173298,
-735121.38175620,
-738843.65235240,
-742580.49052360,
-746331.10455443,
-750096.07884388,
-753874.69746394,
-757668.37292937,
-761476.04939712,
-765297.96968584,
-769134.35778823,
-772985.14162222,
-776850.50007296,
-780729.96901067,
-784624.33648798,
-788533.46499597,
-792456.48692418,
-796394.40253904,
-800346.70532932,
-804313.25336451,
-808295.97428208,
-67583.82671197,
-67583.44686219,
-67583.46900005,
-67583.58545131
-828428.21471344,
-832498.77307116,
-836584.50615178,
-840685.82799186,
-844801.99969060,
-848933.31678214,
-853079.40145894,
-857241.44389721,
-861417.72917177,
-865609.41103909,
-869817.25415691,
-874038.87254160,
-878277.60810924,
-882530.41432977,
-886799.07159432,
-891083.25562297,
-895382.86404209,
-899698.38706451,
-904029.16648872,
-908374.90037615,
-912737.25969135,
-917115.23229090,
-921508.70193243,
-925917.54308725,
-930342.50505981,
-934783.23718042,
-939239.72686048,
-943712.53905665,
-67583.73870642,
-67583.71953449,
-67583.33333579,
-67583.38719055
-966315.24609537,
-970883.91338556,
-975469.11529347,
-980070.26997721,
-984687.92265735,
-989321.84913813,
-993971.74211961,
-998638.02085637,
-1003321.06975384,
-1008020.90034545,
-1012736.28448625,
-1017468.29677806,
-1022217.15103007,
-1026983.28494631,
-1031764.85586977,
-1036563.47323380,
-1041379.16297986,
-1046211.29762840,
-1051060.62831547,
-1055926.27875425,
-1060809.00204258,
-1065708.83250123,
-1070625.23557785,
-1075559.51579238,
-1080509.81269188,
-1085476.80289357,
-1090461.72206467,
-1095464.42973352,
-67583.45183455,
-67583.82404564,
-67583.39333917,
-67583.50790468
-1120732.26269108,
-1125837.74934338,
-1130960.65737713,
-1136101.25479279,
-1141259.25297654,
-1146434.04785816,
-1151627.55496845,
-1156838.18238331,
-1162066.55438430,
-1167312.41970871,
-1172576.35292605,
-1177857.54555416,
-1183157.17411255,
-1188474.66462128,
-1193809.71381521,
-1199162.85856360,
-1204533.56270073,
-1209923.24168512,
-1215329.42469517,
-1220754.52057346,
-1226198.12965959,
-1231659.78956038,
-1237139.52760800,
-1242637.77521710,
-1248154.08635492,
-1253688.38105589,
-1259241.60239210,
-1264812.64663548,
-67583.57894267,
-67583.15766319,
-67583.92580040,
-67583.41707591
-1292947.58388716,
-1298630.57723836,
-1304331.86711701,
-1310052.03403561,
-1315791.71295261,
-1321549.33034496,
-1327325.92190659,
-1333121.71290015,
-1338935.95726936,
-1344769.92324179,
-1350622.01673564,
-1356493.88147077,
-1362384.91277331,
-1368295.20716291,
-1374223.83665489,
-1380172.32516371,
-1386140.04091939,
-1392127.39627491,
-1398133.09186389,
-1404159.20399402,
-1410204.45593493,
-1416269.24461751,
-1422353.26932322,
-1428457.08788495,
-1434580.81238085,
-1440724.25363860,
-1446886.90484124,
-1453069.36815573,
-67583.65049550,
-67583.78751719,
-67583.76462271,
-67583.54331973
-1484279.96385249,
-1490582.30970005,
-1496903.34954405,
-1503245.70162668,
-1509608.41899515,
-1515990.02013625,
-1522392.82586837,
-1528816.13199711,
-1535259.11196619,
-1541722.38619794,
-1548206.45365396,
-1554710.04691273,
-1561235.03830800,
-1567780.54119205,
-1574346.53963175,
-1580932.18744891,
-1587539.74345900,
-1594167.27325278,
-1600814.77213820,
-1607484.38015508,
-1614175.31523459,
-1620885.17379115,
-1627617.02795213,
-1634370.26755967,
-1641143.82420009,
-1647938.32086895,
-1654753.22668823,
-1661590.59047763,
-67583.33429111,
-67583.46749990,
-67583.57266752,
-67583.43192313
-1696093.67718564,
-1703058.23063686,
-1710043.57367826,
-1717051.01274008,
-1724080.14934586,
-1731130.11711156,
-1738201.54263130,
-1745295.70914256,
-1752411.76670459,
-1759548.21559694,
-1766707.25479504,
-1773887.70248355,
-1781090.03237733,
-1788314.75500029,
-1795560.66943463,
-1802829.23241248,
-1810119.87604234,
-1817432.01127981,
-1824766.43095269,
-1832123.76085572,
-1839502.62219401,
-1846903.25910958,
-1854326.92416784,
-1861772.92952068,
-1869241.89225522,
-1876732.83981511,
-1884245.12264364,
-1891780.81872786,
-67583.47041699,
-67583.72994345,
-67583.34819536,
-67583.78271160
-1929799.82162783,
-1937470.63974238,
-1945165.13889396,
-1952883.41091058,
-1960623.52117598,
-1968387.44364162,
-1976174.16643416,
-1983982.70882007,
-1991816.88317726,
-1999672.61913781,
-2007551.32745776,
-2015453.96395375,
-2023378.71779580,
-2031328.11733976,
-2039301.05720366,
-2047296.72992154,
-2055315.52820738,
-2063358.50182502,
-2071425.42570218,
-2079515.22619556,
-2087629.12071108,
-2095765.37655284,
-2103927.02378773,
-2112112.41383494,
-2120320.86774763,
-2128554.07858204,
-2136810.47592270,
-2145091.10354322,
-67583.61051919,
-67583.50533431,
-67583.68733895,
-67583.73883866
-2186857.05526726,
-2195281.32070744,
-2203731.22310303,
-2212205.67979432,
-2220703.92403920,
-2229227.59862105,
-2237775.13274356,
-2246346.91664760,
-2254944.25652755,
-2263566.11312949,
-2272212.16709850,
-2280882.24985409,
-2289578.32418695,
-2298298.47203239,
-2307043.21118862,
-2315814.70743351,
-2324609.36302118,
-2333429.31380863,
-2342276.17455531,
-2351146.25177661,
-2360041.06194378,
-2368961.41052035,
-2377908.86783976,
-2386879.37069861,
-2395876.49573779,
-2404898.92614498,
-2413945.86455725,
-2423019.52842877,
-67583.49077347,
-67583.99694420,
-67583.66717938,
-67583.43947278
-2468769.78861611,
-2477996.19199838,
-2487248.91942472,
-2496528.51357126,
-2505832.41227088,
-2515163.44025391,
-2524520.88239788,
-2533903.65985773,
-2543312.84367455,
-2552748.63375513,
-2562208.63010017,
-2571696.78978600,
-2581209.70737173,
-2590749.88272633,
-2600318.34558594,
-2609910.59306954,
-2619529.99067611,
-2629176.66855280,
-2638849.48018755,
-2648549.80894849,
-2658275.32499049,
-2668026.72005858,
-2677807.67485094,
-2687614.24310615,
-2697448.08459283,
-2707308.77281402,
-2717195.38479900,
-2727111.03379852,
-67583.35381081,
-67583.62208969,
-67583.61819464,
-67583.78701600
-2777091.27961818,
-2787169.22152748,
-2797274.17641948,
-2807406.22571466,
-2817567.62776045,
-2827755.75056258,
-2837969.93268236,
-2848214.15362025,
-2858483.65922482,
-2868783.33217267,
-2879110.09807500,
-2889463.39067566,
-2899845.68491139,
-2910255.35451844,
-2920693.36799019,
-2931159.28125878,
-2941653.36333393,
-2952176.23908433,
-2962725.75337818,
-2973305.63450185,
-2983911.07149458,
-2994546.26023422,
-3005210.77886421,
-3015902.38864340,
-3026624.06541294,
-3037372.57628006,
-3048150.39160830,
-3058956.60449123,
-67583.59419583,
-67583.60692365,
-67583.77780041,
-67583.78767875
-3113422.29163167,
-3124401.53248375,
-3135409.66286147,
-3146447.89032634,
-3157514.51816844,
-3168609.87427625,
-3179734.13432719,
-3190889.96223174,
-3202072.46831527,
-3213284.52604047,
-3224527.77342305,
-3235799.88447090,
-3247101.11283533,
-3258431.15799255,
-3269792.41913970,
-3281181.51811671,
-3292602.39764193,
-3304052.94837005,
-3315531.25482960,
-3327041.52821439,
-3338580.38912226,
-3350149.38104858,
-3361748.75162066,
-3373377.84207810,
-3385038.73454558,
-3396727.89075488,
-3408448.30522113,
-3420197.58495506,
-67583.57790062,
-67583.31566998,
-67583.42316517,
-67583.51352294
-3479407.51414256,
-3491340.97219212,
-3503303.58288471,
-3515298.35119164,
-3527324.06515465,
-3539379.90652450,
-3551467.43862957,
-3563585.95484375,
-3575733.44868465,
-3587912.67594620,
-3600124.53058703,
-3612367.28526456,
-3624641.83128445,
-3636945.79471447,
-3649281.20489424,
-3661647.06923283,
-3674047.30161612,
-3686477.88690765,
-3698937.98090884,
-3711432.01029914,
-3723956.62123518,
-3736512.55670900,
-3749100.10362855,
-3761721.12825695,
-3774373.20807318,
-3787056.65847611,
-3799772.01076376,
-3812520.12706521,
-67583.34399420,
-67583.71687308,
-67583.57757542,
-67583.47841853
-3876741.76645310,
-3889681.95455012,
-3902653.78372329,
-3915660.18614229,
-3928697.81446031,
-3941768.01062121,
-3954871.00606280,
-3968006.05026738,
-3981173.75583414,
-3994375.80561932,
-4007608.99838965,
-4020876.51152805,
-4034177.02686541,
-4047509.87692125,
-4060874.00299938,
-4074272.20780103,
-4087704.87971844,
-4101168.72948304,
-4114667.18727843,
-4128200.59091248,
-4141763.67199716,
-4155361.82177301,
-4168995.20621994,
-4182659.16009329,
-4196359.11940513,
-4210090.77531225,
-4223857.05462037,
-4237656.60519766,
-67583.22419961,
-67583.65131201,
-67583.62385762,
-67583.56828247
-4307164.11714724,
-4321165.72878589,
-4335203.34550143,
-4349275.61107731,
-4363381.85308157,
-4377521.28212682,
-4391695.33171082,
-4405903.77344865,
-4420146.84805000,
-4434424.55409454,
-4448737.52217723,
-4463083.37317704,
-4477465.68035408,
-4491881.43268791,
-4506332.16303286,
-4520817.58424041,
-4535338.40008933,
-4549894.59061566,
-4564485.26283491,
-4579111.30183829,
-4593771.41020328,
-4608468.42247759,
-4623199.40203700,
-4637966.06592080,
-4652768.19612529,
-4667606.05905156,
-4682477.30796427,
-4697387.15736592,
-67583.64761849,
-67583.52159886,
-67583.74105559,
-67583.41535762
-4772463.48724670,
-4787585.16400402,
-4802742.41914097,
-4817937.59072131,
-4833167.61171593,
-4848433.64272949,
-4863737.01065978,
-4879074.98408889,
-4894450.52127547,
-4909862.32207574,
-4925309.11601316,
-4940794.26889325,
-4956314.89004665,
-4971871.44629400,
-4987464.62915921,
-5003095.28719500,
-5018761.90382111,
-5034465.81544848,
-5050207.31476179,
-5065985.26371996,
-5081797.70281139,
-5097649.34481344,
-5113537.69697617,
-5129463.79479937,
-5145426.76496843,
-5161427.15703580,
-5177464.56708957,
-5193537.72662828,
-67583.79055221,
-67583.59930995,
-67583.36312840,
-67583.64602899
-5274473.13264654,
-5290771.75226518,
-5307108.92269938,
-5323484.19314021,
-5339898.61968138,
-5356351.18538091,
-5372839.93256125,
-5389365.06539244,
-5405931.42288092,
-5422535.32332620,
-5439175.46007930,
-5455854.23172817,
-5472573.27082878,
-5489330.08520089,
-5506126.08431364,
-5522959.53987944,
-5539829.47687523,
-5556740.65431124,
-5573691.45727010,
-5590679.26717634,
-5607705.40154926,
-5624770.75293607,
-5641876.42906861,
-5659019.77378088,
-5676202.13693562,
-5693422.98811233,
-5710685.13299750,
-5727985.93060904,
-67583.49768895,
-67583.42883093,
-67583.51606300,
-67583.53597595
-5815076.05114205,
-5832612.66240280,
-5850188.86727219,
-5867804.70229469,
-5885460.50435656,
-5903156.67080368,
-5920892.90821401,
-5938668.39799645,
-5956483.69343930,
-5974337.93451285,
-5992233.42952240,
-6010167.66389196,
-6028143.80222018,
-6046159.88118499,
-6064215.87942189,
-6082314.94765538,
-6100450.23082692,
-6118628.93219521,
-6136847.03285860,
-6155106.06890606,
-6173404.87778407,
-6191746.86284107,
-6210128.60132719,
-6228550.71932702,
-6247014.02231137,
-6265516.87517228,
-6284063.08088308,
-6302649.58952109,
-67583.74134323,
-67583.38446795,
-67583.58655178,
-67583.65493534
-67583.47030096,
-67583.52734267,
-67583.37564749,
-67583.89476982,
-67583.66865932,
-67583.68807050,
-67583.82678061,
-67583.57034469,
-67583.43498236,
-67583.70164943,
-67583.70986168,
-67583.51388485,
-67583.75050522,
-67583.38312883,
-67583.56575798,
-67583.78230257,
-67583.66643557,
-67583.62593854,
-67583.84826406,
-67583.67454201,
-67583.35413633,
-67583.63426927,
-67583.48049172,
-67583.60198714,
-67583.57214611,
-67583.78991197,
-67583.68569587,
-67583.74021409,
-67583.62665553,
-67583.49028058,
-67583.41581090,
-67583.45150253
-67583.60763386,
-67583.47887286,
-67583.45524798,
-67583.42014402,
-67583.51714149,
-67583.73684859,
-67583.52294751,
-67583.26278875,
-67583.82780691,
-67583.76189580,
-67583.36495505,
-67583.69063061,
-67583.31983317,
-67583.92871128,
-67583.57703586,
-67583.38696787,
-67583.83333796,
-67583.73525895,
-67583.43713348,
-67583.35624811,
-67583.64557009,
-67583.50314945,
-67583.94542244,
-67583.72397439,
-67583.69410707,
-67583.42631428,
-67583.57602578,
-67583.78839222,
-67583.57493340,
-67583.64838971,
-67583.71510644,
-67583.62610123
-67583.38407270,
-67583.60775959,
-67583.39218234,
-67583.72702717,
-67583.62436129,
-67583.41789270,
-67583.56694055,
-67583.65548431,
-67583.66827613,
-67583.65244284,
-67583.82102748,
-67583.87232205,
-67583.26913853,
-67583.65279626,
-67583.39294011,
-67583.75215657,
-67583.45308465,
-67583.66019004,
-67583.71509413,
-67583.53852529,
-67583.69239341,
-67583.74540233,
-67583.70518979,
-67583.85938437,
-67583.50997474,
-67583.53754757,
-67583.49373169,
-67583.46596290,
-67583.76844812,
-67583.32473097,
-67583.50263742,
-67583.51025605
-67583.60151565,
-67583.79461939,
-67583.66615085,
-67583.48612958,
-67583.70369041,
-67583.75134932,
-67583.67694374,
-67583.39437527,
-67583.81972624,
-67583.31366517,
-67583.52712917,
-67583.71636699,
-67583.56847842,
-67583.64569133,
-67583.75751048,
-67583.65982326,
-67583.59478981,
-67583.56570748,
-67583.62369653,
-67583.64347074,
-67583.35663833,
-67583.53955840,
-67583.44007587,
-67583.69246364,
-67583.63757175,
-67583.69775995,
-67583.91227507,
-67583.53901613,
-67583.52731988,
-67583.64372982,
-67583.47970329,
-67583.60660283
