-59.44726792,
-70.19960134,
-89.52766410,
-67.21361586,
-75.16013853,
-90.90089375,
-75.44118989,
-95.69247909,
-92.34420799,
-81.99253806,
-69.81092936,
-72.54234886,
-76.06247222,
-58.33254597,
-67.04637410,
-95.82774162,
-93.74088584,
-82.91455317,
-79.40900525,
-80.95327496,
-80.43019645,
-69.36681943,
-75.75273715,
-89.80940494,
-63.57416972,
-90.01883573,
-99.09690492,
-75.34030341
-62.05859007,
-72.90300218,
-91.35206693,
-72.13432676,
-113.50114271,
-139.78473344,
-106.85495611,
-88.42651077,
-78.22467382,
-51.52261827,
-70.31816008,
-72.09952392,
-82.06932908,
-77.78236095,
-85.82969310,
-99.78087543,
-101.49047604,
-84.30847364,
-56.70262587,
-83.50307471,
-121.56358496,
-120.19814189,
-114.30095773,
-96.49388169,
-80.57349129,
-53.73428499,
-68.33557397,
-111.27477527
-126.40281325,
-94.75033408,
-63.50385496,
-66.68049241,
-112.60949357,
-111.84198300,
-98.19732528,
-100.18221432,
-111.07941844,
-118.39513221,
-143.53873011,
-151.84200253,
-104.53496799,
-89.28390951,
-141.39753293,
-160.60466462,
-124.45785939,
-127.01202194,
-93.69330549,
-111.67128200,
-127.77884094,
-131.20855388,
-138.07307777,
-119.43260382,
-93.75736355,
-109.46519279,
-131.75091296,
-155.59596707
-120.78023560,
-103.46335501,
-137.19981144,
-101.83737538,
-79.99138659,
-122.20211821,
-135.80107392,
-117.28477247,
-104.56135635,
-96.22198152,
-119.18301248,
-112.96678480,
-110.48966396,
-110.80693808,
-149.78452273,
-158.29971826,
-88.36282315,
-106.03221852,
-131.44412674,
-152.02269284,
-152.80062108,
-123.56191752,
-124.06048068,
-99.29573462,
-126.68882580,
-147.98509121,
-159.72714367,
-137.56010874
-122.53406435,
-134.66063941,
-140.87065275,
-135.71231854,
-136.29128274,
-126.88780225,
-162.27515591,
-133.90993660,
-109.73388473,
-185.45083897,
-190.57738577,
-140.05777582,
-110.71230968,
-99.28464994,
-116.88478701,
-156.01514575,
-173.25208086,
-176.91873533,
-158.94827556,
-152.81245694,
-79.03898215,
-106.93867370,
-101.58224221,
-139.91376019,
-195.66554294,
-148.79028058,
-115.46258460,
-97.81228346
-135.80759602,
-148.19707140,
-135.56757521,
-92.26036919,
-133.67080655,
-201.26315146,
-109.14442833,
-119.74786821,
-158.24057376,
-116.89253063,
-110.05060865,
-92.68724489,
-121.34685081,
-159.49579748,
-178.36100629,
-155.38559513,
-127.72995706,
-88.36179434,
-115.11235375,
-140.03747340,
-131.68585103,
-153.73073821,
-118.54061629,
-105.47277869,
-112.98257955,
-118.64697504,
-55.09518225,
-107.16794992
-139.02990239,
-119.23851569,
-189.94632882,
-149.96962396,
-93.77276761,
-118.09422455,
-116.25093942,
-151.70069508,
-144.81503802,
-157.42856103,
-133.12175353,
-136.12366997,
-152.71563948,
-109.18040601,
-130.69592588,
-44.48119906,
-119.96858499,
-146.00031602,
-123.32494547,
-135.60066190,
-144.13299165,
-117.72105585,
-127.48399000,
-150.14186782,
-160.84435741,
-173.63806532,
-111.14018489,
-128.32834401
-76.62684104,
-115.74337868,
-100.29308323,
-103.28027027,
-141.22441402,
-145.49360395,
-145.46115822,
-141.40659240,
-127.80144199,
-81.79551111,
-60.55991724,
-130.05665799,
-175.89388177,
-74.86081702,
-121.95778260,
-126.92503852,
-150.23949131,
-112.33626206,
-107.34429317,
-96.87640419,
-106.63174027,
-113.46595307,
-124.04214799,
-141.78346179,
-145.82852379,
-162.94103814,
-129.55095998,
-112.59246279
-121.57787404,
-96.60984049,
-156.39778558,
-86.32820933,
-80.24623848,
-52.27903661,
-91.57047292,
-122.92038370,
-100.57586647,
-149.43179236,
-192.12808009,
-182.47919396,
-131.40942536,
-110.91086784,
-56.62539060,
-105.38708047,
-112.17663090,
-67.24857285,
-138.06866565,
-146.37401445,
-104.43912028,
-148.95666033,
-151.87601796,
-63.98781141,
-82.04200391,
-69.29035515,
-108.51988981,
-128.88356604
-136.48745397,
-153.31224490,
-141.57739060,
-131.28768446,
-111.88198118,
-122.29186184,
-155.89231815,
-113.26588171,
-65.55212502,
-82.98572374,
-113.23765361,
-153.29723450,
-117.81413526,
-133.14346531,
-206.83056891,
-146.81865798,
-133.01829975,
-110.48066246,
-100.24037346,
-157.37304582,
-130.19550054,
-91.12899807,
-129.36533973,
-161.06722513,
-139.64081069,
-112.63034501,
-147.17467615,
-108.25226462
-111.87266477,
-90.20665191,
-98.32010744,
-95.83221691,
-93.12451149,
-135.71374057,
-163.22813338,
-130.83774591,
-114.37550013,
-118.64628778,
-128.83646379,
-135.43924857,
-135.95416517,
-72.35753504,
-34.06691352,
-138.58573407,
-132.72181211,
-154.53442564,
-208.53234368,
-131.12469671,
-92.89741032,
-64.19888233,
-112.35644820,
-128.83735745,
-52.48472288,
-134.40119119,
-121.73532807,
-107.06589455
-166.98240428,
-128.43199864,
-138.45162157,
-119.45268595,
-89.29422770,
-91.62267547,
-88.48471511,
-131.70032512,
-152.24588137,
-58.22538160,
-147.44298771,
-158.62770505,
-96.38318127,
-101.38605724,
-134.40974478,
-95.89555521,
-111.15662539,
-123.12893533,
-81.36259450,
-146.41648508,
-98.11249431,
-143.59390945,
-179.44647026,
-159.84712636,
-140.61339355,
-94.25255243,
-107.36859211,
-121.07397501
-111.29902065,
-104.81485772,
-134.45778924,
-83.74683383,
-142.03593641,
-141.92702999,
-146.44982808,
-172.89462672,
-85.10717939,
-64.51885533,
-140.38701096,
-106.27734387,
-78.30172610,
-61.64060024,
-117.43194251,
-166.38787127,
-154.30758422,
-148.95329821,
-109.08761115,
-64.67982210,
-113.43610678,
-130.63018077,
-120.76990454,
-109.32272379,
-144.66660571,
-163.27872603,
-71.97353363,
-88.94918851
-156.80686125,
-75.50096744,
-96.26193533,
-129.55526996,
-123.43527536,
-168.63924643,
-119.83615299,
-107.92231194,
-125.42356020,
-154.26448865,
-141.07001590,
-112.43712216,
-115.14832574,
-103.99139247,
-89.23859513,
-64.69756618,
-81.23766854,
-75.17457061,
-165.41531394,
-186.68807442,
-169.86192269,
-167.93741989,
-157.34535847,
-66.57543232,
-99.84462396,
-95.90412029,
-87.50166413,
-152.98172508
-130.25258726,
-158.58979420,
-123.35362756,
-53.85557341,
-116.34779397,
-122.62830785,
-114.48443074,
-49.39510313,
-127.19362510,
-126.58568111,
-170.29443946,
-116.37561858,
-109.05209167,
-149.90811346,
-123.45957920,
-147.96705950,
-90.78811039,
-66.83882950,
-152.66238866,
-97.30740851,
-51.36684328,
-125.82420671,
-114.25667246,
-171.41026345,
-186.70559915,
-110.93244181,
-87.04792084,
-84.39240884
-78.70380529,
-85.75146663,
-141.71695074,
-180.47708488,
-128.92231702,
-138.72536539,
-81.82577726,
-104.89562714,
-138.66988042,
-112.46712700,
-112.16015855,
-110.50265768,
-135.18350263,
-145.63747238,
-122.44599116,
-148.54404103,
-123.23864728,
-157.48303243,
-158.76015885,
-82.51491077,
-83.23359398,
-101.57094049,
-143.33009881,
-153.24887587,
-112.26814388,
-58.98509749,
-122.87743395,
-183.36405471
-173.66201841,
-160.84852486,
-72.05021903,
-60.78538336,
-117.91308631,
-146.12833060,
-143.31343874,
-132.05541159,
-148.18480259,
-140.21717741,
-102.75508824,
-132.95259899,
-157.88430224,
-112.52554307,
-132.16553531,
-87.99486923,
-81.67759639,
-94.34037183,
-112.08515997,
-147.68835334,
-111.74825975,
-152.32541129,
-178.71424456,
-98.51712033,
-111.80228345,
-104.45320358,
-82.10338645,
-107.73644190
-121.91915022,
-108.58037850,
-133.18237007,
-145.86821346,
-137.55671778,
-94.63720754,
-97.66176525,
-146.68449388,
-156.67237185,
-101.31419124,
-121.11637101,
-158.69088857,
-77.14762939,
-135.54809311,
-100.47887432,
-142.50876808,
-156.10463501,
-200.43830224,
-147.85304429,
-106.38786440,
-137.46538544,
-103.29528947,
-104.29454150,
-93.71378042,
-115.52812696,
-139.22936982,
-116.91959764,
-181.42233163
-100.62189688,
-89.03387182,
-149.95321395,
-131.89643123,
-127.83361718,
-101.17223412,
-124.41534762,
-140.45486576,
-185.10208062,
-90.24815318,
-78.08639356,
-100.92503013,
-150.27587737,
-168.39215788,
-135.97284510,
-171.17024605,
-179.66345135,
-88.55635978,
-108.52798797,
-121.16004619,
-152.45898927,
-150.21141745,
-174.22200415,
-107.69405726,
-130.45197779,
-160.43982553,
-130.57032919,
-85.20989063
-46.29998840,
-74.62697020,
-171.08806493,
-156.85401391,
-132.50083670,
-107.47222827,
-103.09830130,
-140.98785424,
-171.87831602,
-84.36862082,
-126.66702100,
-113.22318842,
-165.14179460,
-158.14048012,
-118.37929463,
-112.62117326,
-155.52444222,
-143.41751775,
-112.36303511,
-154.66037088,
-87.81912841,
-121.78795832,
-144.84598273,
-152.05767392,
-116.01674196,
-156.20568650,
-137.94720159,
-90.87385916
-129.58282487,
-98.48657377,
-144.54751691,
-97.12157185,
-73.95945199,
-134.21142901,
-88.00474136,
-159.62459749,
-106.12132858,
-124.39982965,
-123.89400951,
-87.36094336,
-159.99865685,
-132.88458154,
-167.17535988,
-90.19105248,
-103.95125362,
-176.12923612,
-151.91127629,
-108.88214358,
-127.66963206,
-144.97993378,
-123.32529109,
-122.69312831,
-155.91178060,
-120.46679976,
-102.36106703,
-95.92850911
-100.81400682,
-159.89702697,
-149.64663694,
-111.76437131,
-134.84657025,
-99.27695436,
-88.36983504,
-117.06974944,
-77.88795427,
-84.17642064,
-153.01383319,
-152.65464929,
-123.20552644,
-107.50265841,
-113.44592636,
-121.76962864,
-149.49534759,
-124.26345270,
-170.62199336,
-126.75318408,
-111.66014942,
-155.23383610,
-177.87612223,
-148.65521016,
-72.77117013,
-63.57753338,
-138.49537760,
-116.75376193
-94.31140512,
-106.90525391,
-98.82656613,
-94.24276804,
-116.35012715,
-134.93469774,
-115.77344224,
-124.89648653,
-99.01588592,
-136.47710802,
-97.07321235,
-88.79124642,
-128.30409306,
-58.18437215,
-115.05195901,
-141.58351444,
-109.52001146,
-160.60010274,
-155.23185454,
-132.04487836,
-146.16096317,
-128.66949186,
-106.03425258,
-135.29733168,
-108.66223394,
-106.30775348,
-122.58070474,
-147.14955989
-128.94142478,
-74.27722171,
-95.93018550,
-125.17074739,
-126.42540067,
-101.04843284,
-88.26661164,
-90.18981271,
-119.64466682,
-121.67087986,
-121.95302162,
-112.35439466,
-135.21819779,
-149.44416693,
-106.07044393,
-104.23623389,
-109.79154447,
-126.51938782,
-93.33992986,
-138.81072428,
-161.44865361,
-156.97265220,
-163.92105256,
-142.97095190,
-189.22851337,
-127.28669502,
-92.99063415,
-100.71861203
-118.00121071,
-98.48164236,
-108.63101427,
-122.72605966,
-90.49992511,
-126.22065473,
-91.59329772,
-27.72496677,
-150.02541934,
-166.56103168,
-137.44785473,
-75.85159478,
-132.42556866,
-160.19113238,
-120.68294871,
-129.58980378,
-90.81398345,
-128.36038358,
-145.81704076,
-113.24396399,
-89.75168576,
-92.03075923,
-68.75636170,
-64.24420763,
-136.51982172,
-150.44449473,
-164.63361107,
-175.72981814
-131.19495149,
-122.32127086,
-81.17859728,
-6.84933593,
-129.27065832,
-142.78369154,
-143.47250462,
-163.25663767,
-114.41146547,
-106.21325594,
-103.57621795,
-52.22778515,
-133.89561485,
-128.32637316,
-96.99218218,
-165.61186031,
-135.30221975,
-151.38529491,
-94.81100561,
-105.43213832,
-123.51365459,
-105.51128890,
-148.32179372,
-167.08238337,
-90.20084417,
-89.71949621,
-50.92883893,
-98.79426698
-117.19898148,
-179.19148063,
-162.74146484,
-114.35783358,
-193.07444515,
-121.67220377,
-118.75447091,
-95.28314797,
-92.04338898,
-111.52222417,
-185.94441469,
-117.84021196,
-84.95740197,
-150.80208016,
-111.00485667,
-134.88605892,
-160.38425336,
-104.58216182,
-180.08826316,
-177.88703566,
-146.73104087,
-161.26423286,
-50.69690647,
-82.91329693,
-176.11707809,
-133.44209544,
-121.30128062,
-124.93697901
-120.02031645,
-107.21844968,
-84.72632583,
-127.95483368,
-161.21823319,
-125.30831520,
-152.22119798,
-151.27415491,
-146.69075198,
-110.25589342,
-118.07817993,
-66.40699896,
-103.24021674,
-172.60030060,
-116.09678580,
-131.16331313,
-108.01667590,
-54.31926220,
-110.30046937,
-126.56715054,
-145.13870289,
-163.63385096,
-102.46417269,
-205.25452888,
-166.58003348,
-131.07923143,
-114.68878405,
-89.33486476
