-62.26283069,
-25.82894548,
36.91464151,
4.71384261,
-11.47102942,
-37.04164546,
68.74613438,
-10.67909200,
25.73152611,
-69.60242685,
37.73228623,
59.40719857,
45.22901085,
-9.84786755,
29.44488694,
-49.86066129,
-37.62024039,
80.52306007,
-17.85466252,
-4.82702692,
-46.15016712,
29.51666026,
39.88789862,
9.24788787,
-43.29340620,
50.26649212,
-41.62707674,
-39.40072519,
-5.02946976,
49.78792016,
33.74898363,
-44.87491948,
-42.54146630,
-24.75257802,
0.78831573,
-46.75599192,
-31.93884795,
22.99204035,
-37.42611589,
-1.18693329,
27.16549835,
29.87120959,
-9.76295583,
-24.48415468,
-74.80994048,
51.82407481,
3.29785536,
16.64655240,
21.42078491,
-19.66838269,
44.55590695,
-9.42817352,
50.63368330,
40.87379639,
-6.25855160,
-77.48273522,
36.95764744,
25.73549981,
24.55709857,
-26.66433550,
-7.86124091,
-34.37825980,
42.36806136,
27.00155848,
-65.33925751,
-26.71520179,
-10.79338097,
0.46488329,
44.74299372,
-48.85966924,
77.08952834,
-42.08023153,
20.65910689,
-13.98582383,
-6.88864854,
28.85012338,
-12.31509052,
36.64287486,
2.17905631,
20.14971411,
56.33195821,
-33.59019073,
-11.43003086,
16.65046370,
