0.68006030,
0.67183239,
0.66360442,
0.65537658,
0.64714866,
0.41676724,
0.40853932,
0.40031130,
0.39208349,
0.38385558,
0.15347417,
0.14524627,
0.13701834,
0.12879043,
0.12056252,
-0.10981890,
-0.11804679,
-0.12627469,
-0.13450262,
-0.14273053,
-0.37311199,
-0.38133989,
-0.38956779,
-0.39779569,
-0.40602359,
1.19249807,
1.23089824,
1.26929848,
1.30769865,
1.34609885,
2.42130387,
2.45970405,
2.49810440,
2.53650465,
2.57490480,
3.65010980,
3.68850996,
3.72691026,
3.76531050,
3.80371065,
4.87891578,
4.91731593,
4.95571609,
4.99411627,
5.03251641,
6.10772171,
6.14612186,
6.18452201,
6.22292215,
6.26132230,
1.15536216,
1.17324439,
1.19112668,
1.20900891,
1.22689106,
1.72759333,
1.74547556,
1.76335774,
1.78124002,
1.79912220,
2.29982444,
2.31770669,
2.33558884,
2.35347111,
2.37135338,
2.87205564,
2.88993785,
2.90782002,
2.92570221,
2.94358445,
3.44428677,
3.46216897,
3.48005118,
3.49793339,
3.51581559,
-1.99460109,
-2.04425704,
-2.09391310,
-2.14356914,
-2.19322512,
-3.58359214,
-3.63324811,
-3.68290419,
-3.73256015,
-3.78221611,
-5.17258328,
-5.22223920,
-5.27189518,
-5.32155111,
-5.37120703,
-6.76157433,
-6.81123024,
-6.86088620,
-6.91054214,
-6.96019806,
-8.35056538,
-8.40022130,
-8.44987722,
-8.49953314,
-8.54918906,
-1.40396683,
-1.41597258,
-1.42797842,
-1.43998431,
-1.45199012,
-1.78815262,
-1.80015839,
-1.81216419,
-1.82416996,
-1.83617574,
-2.17233836,
-2.18434414,
-2.19634994,
-2.20835571,
-2.22036145,
-2.55652398,
-2.56852978,
-2.58053562,
-2.59254145,
-2.60454725,
-2.94070975,
-2.95271555,
-2.96472134,
-2.97672713,
-2.98873292,
-0.95180705,
-0.97105326,
-0.99029961,
-1.00954591,
-1.02879220,
-1.56768773,
-1.58693401,
-1.60618038,
-1.62542654,
-1.64467279,
-2.18356845,
-2.20281473,
-2.22206105,
-2.24130724,
-2.26055346,
-2.79944911,
-2.81869537,
-2.83794165,
-2.85718791,
-2.87643415,
-3.41532980,
-3.43457605,
-3.45382231,
-3.47306856,
-3.49231481,
1.18620442,
1.22035639,
1.25450837,
1.28866036,
1.32281234,
2.27906743,
2.31321936,
2.34737141,
2.38152344,
2.41567536,
3.37193044,
3.40608239,
3.44023446,
3.47438648,
3.50853838,
4.46479351,
4.49894546,
4.53309747,
4.56724944,
4.60140136,
5.55765661,
5.59180855,
5.62596048,
5.66011242,
5.69426435,
2.13310245,
2.13773367,
2.14236496,
2.14699613,
2.15162735,
2.28130130,
2.28593253,
2.29056380,
2.29519500,
2.29982617,
2.42950022,
2.43413143,
2.43876260,
2.44339381,
2.44802501,
2.57769909,
2.58233030,
2.58696148,
2.59159268,
2.59622389,
2.72589793,
2.73052914,
2.73516035,
2.73979156,
2.74442278,
-2.83921129,
-2.87000472,
-2.90079825,
-2.93159184,
-2.96238537,
-3.82460308,
-3.85539651,
-3.88618996,
-3.91698353,
-3.94777702,
-4.80999490,
-4.84078838,
-4.87158184,
-4.90237534,
-4.93316877,
-5.79538665,
-5.82618012,
-5.85697357,
-5.88776704,
-5.91856050,
-6.78077840,
-6.81157186,
-6.84236533,
-6.87315879,
-6.90395225,
-0.84465445,
-0.86978424,
-0.89491404,
-0.92004384,
-0.94517363,
-1.64880761,
-1.67393735,
-1.69906715,
-1.72419703,
-1.74932682,
-2.45296075,
-2.47809052,
-2.50322032,
-2.52835015,
-2.55347994,
-3.25711396,
-3.28224373,
-3.30737350,
-3.33250326,
-3.35763301,
-4.06126710,
-4.08639686,
-4.11152662,
-4.13665639,
-4.16178615,
-0.56516093,
-0.61342313,
-0.66168535,
-0.70994750,
-0.75820964,
-2.10955043,
-2.15781257,
-2.20607482,
-2.25433711,
-2.30259930,
-3.65393996,
-3.70220212,
-3.75046436,
-3.79872661,
-3.84698882,
-5.19832963,
-5.24659177,
-5.29485392,
-5.34311604,
-5.39137817,
-6.74271922,
-6.79098134,
-6.83924347,
-6.88750560,
-6.93576772,
2.61808606,
2.63181832,
2.64555064,
2.65928288,
2.67301517,
3.05751822,
3.07125041,
3.08498268,
3.09871498,
3.11244727,
3.49695038,
3.51068259,
3.52441475,
3.53814698,
3.55187925,
3.93638254,
3.95011478,
3.96384695,
3.97757916,
3.99131138,
4.37581457,
4.38954681,
4.40327905,
4.41701129,
4.43074353,
1.63882073,
1.66832258,
1.69782442,
1.72732620,
1.75682802,
2.58287848,
2.61238031,
2.64188226,
2.67138407,
2.70088583,
3.52693632,
3.55643811,
3.58593998,
3.61544180,
3.64494356,
4.47099417,
4.50049594,
4.52999773,
4.55949950,
4.58900128,
5.41505198,
5.44455376,
5.47405553,
5.50355731,
5.53305909,
-3.63897236,
-3.69577760,
-3.75258297,
-3.80938829,
-3.86619352,
-5.45674019,
-5.51354538,
-5.57035069,
-5.62715607,
-5.68396135,
-7.27450814,
-7.33131331,
-7.38811850,
-7.44492374,
-7.50172896,
-9.09227598,
-9.14908116,
-9.20588636,
-9.26269154,
-9.31949673,
-10.91004377,
-10.96684896,
-11.02365415,
-11.08045934,
-11.13726453,
2.36841446,
2.38132128,
2.39422811,
2.40713505,
2.42004190,
2.78143339,
2.79434022,
2.80724697,
2.82015387,
2.83306081,
3.19445239,
3.20735921,
3.22026597,
3.23317276,
3.24607962,
3.60747128,
3.62037811,
3.63328493,
3.64619175,
3.65909858,
4.02049019,
4.03339702,
4.04630385,
4.05921068,
4.07211751,
1.95924948,
1.97181049,
1.98437151,
1.99693258,
2.00949362,
2.36120207,
2.37376306,
2.38632416,
2.39888527,
2.41144622,
2.76315475,
2.77571574,
2.78827677,
2.80083782,
2.81339878,
3.16510743,
3.17766843,
3.19022940,
3.20279039,
3.21535138,
3.56706000,
3.57962100,
3.59218201,
3.60474302,
3.61730403,
