-121458.54162819,
-120954.20808537,
-120954.33334001,
-121789.55881531,
-121789.79198489,
-121852.75646108,
-121852.15653773,
-121914.77001086,
-121915.43693627,
-121977.38484037,
-121978.73195127,
-122040.54261705,
-122041.14042785,
-122103.01608460
-122103.69809800,
-122165.41120829,
-122166.18588701,
-122228.19295108,
-122229.05842763,
-122291.64629671,
-122291.55065873,
-122353.60282679,
-122353.62250372,
-122416.22861233,
-122416.47592155,
-122480.15366199,
-122479.72838653,
-120798.06764620
-120797.13846137,
-125804.09407127,
-125803.92230054,
-124305.49931029,
-154817.06299552,
-106496.54715307,
-106496.26947470,
-67607.75377272,
-67608.53062308,
-66885.51135472,
-66884.40703226,
-66166.84295312,
-66166.39886842,
-65454.60223689
-65454.05237091,
-64748.25564689,
-64747.54918701,
-64046.81522600,
-64046.76331966,
-63351.46469456,
-63352.21784052,
-62663.34763351,
-62662.62627206,
-61978.36478148,
-61978.26899980,
-61300.64703568,
-61300.95059015,
-60627.66614113
-60627.94843945,
-59960.92741609,
-59960.57855188,
-40022.39815282,
-40022.31295081,
-71498.02433200,
-71498.58412203,
-186329.96473892,
-154817.54086078,
-106496.43488343,
-106496.79510595,
-67608.95427038,
-67608.17853511,
-66885.46647738
-66884.95107883,
-66166.41911082,
-66167.24315065,
-65453.25443822,
-65454.21471330,
-64747.47223734,
-64747.86095334,
-64047.88143240,
-64047.56601487,
-63352.81492865,
-63351.82567978,
-62662.41990731,
-62662.19213433,
-61978.74913577
-61978.97197631,
-61300.72984826,
-61301.26191625,
-60627.91415036,
-60627.62215320,
-59960.84711493,
-59960.97417198,
-40022.92850639,
-40022.58395092,
-71498.68846403,
-71498.30335983,
-186330.88054570,
-238241.12907801,
-541525.70824566
-541526.17753013,
-957054.38087406,
-957054.99520348,
-967692.90808396,
-967693.07597666,
-978419.95329637,
-978419.84454459,
-989234.97067170,
-989235.48432020,
-1000140.47622925,
-1000140.71090335,
-1011135.96033676,
-1011136.69828560,
-1022221.81956130
-1022221.48291225,
-1033399.22425756,
-1033398.81478942,
-1044666.88391436,
-1044665.71948622,
-1056025.61130378,
-1056025.04629105,
-1067477.66569427,
-1067477.32840724,
-1079022.92201178,
-1079022.49089078,
-652021.73188490,
-652022.19391387,
-283334.77189498
-283334.32093088,
-262647.56362672,
-238240.73271213,
-541525.29851719,
-541525.21369864,
-957055.34459984,
-957054.17644020,
-967693.84231607,
-967693.14800065,
-978419.67834118,
-978419.80104053,
-989234.40828260,
-989235.23813115,
-1000140.36649747
-1000141.03588115,
-1011137.14240357,
-1011136.80248222,
-1022221.33571552,
-1022221.82751093,
-1033398.93837422,
-1033398.64189184,
-1044666.97188460,
-1044665.76648052,
-1056026.03102743,
-1056025.43577214,
-1067477.64799350,
-1067477.57652115,
-1079022.53172141
-1079022.08462121,
-652022.27155141,
-652022.44024012,
-283333.68908067,
-283334.50116767,
-262646.85735254,
-288881.36732397,
-719611.46333786,
-719610.45218766,
-1343817.05491457,
-1343816.98259508,
-1357533.47893457,
-1357533.18624713,
-1371355.17374984
-1371354.57454425,
-1385283.50559092,
-1385283.02704788,
-1399314.84303123,
-1399315.66755858,
-1413454.69938445,
-1413454.15227009,
-1427699.81970548,
-1427699.97320413,
-1442054.82004699,
-1442054.70449424,
-1456514.79269515,
-1456514.64713210,
-1471084.86844838
-1471084.86035706,
-1485763.06402657,
-1485764.30139890,
-1500552.42442479,
-1500552.43848292,
-820404.91530923,
-820404.67026879,
-323195.92441593,
-323195.09332389,
-317031.97761906,
-288881.15193363,
-719609.45780080,
-719610.88616907,
-1343816.55282053
