0.83139547,
0.82927666,
0.82927820,
0.82715383,
0.82715161,
0.82502204,
0.82502093,
0.82288542,
0.82288304,
0.82073592,
0.82073555,
0.81858535,
0.81858647,
0.81642582,
0.81642658,
0.81424865,
0.81424935,
0.81207482,
0.81207654,
0.80988898,
0.80988979,
0.80770121,
0.80770112,
0.80550340,
0.80550254,
0.80330258,
0.80330051,
-0.47847300,
-0.00000027,
-0.00000010,
-0.00000086,
0.00000097
0.76017016,
0.75784206,
0.75784372,
0.75551137,
0.75551205,
0.75316806,
0.75316847,
0.75083033,
0.75082790,
0.74847279,
0.74847522,
0.74611751,
0.74611813,
0.74376335,
0.74376397,
0.74139758,
0.74139860,
0.73902595,
0.73902677,
0.73665489,
0.73665618,
0.73427605,
0.73427881,
0.73189350,
0.73189082,
0.72951124,
0.72951057,
-0.47847497,
0.00000158,
-0.00000201,
0.00000088,
0.00000121
0.76016838,
0.75784459,
0.75784376,
0.75550921,
0.75551036,
0.75317052,
0.75316958,
0.75082724,
0.75082815,
0.74847201,
0.74847229,
0.74611726,
0.74611694,
0.74376443,
0.74376471,
0.74139754,
0.74139765,
0.73902666,
0.73902574,
0.73665399,
0.73665490,
0.73427704,
0.73427434,
0.73189073,
0.73188988,
0.72951057,
0.72950964,
-0.47847404,
0.00000099,
-0.00000092,
0.00000022,
0.00000029
0.68341278,
0.68095891,
0.68095687,
0.67849591,
0.67849532,
0.67602529,
0.67602451,
0.67355657,
0.67356000,
0.67109067,
0.67108980,
0.66861324,
0.66861338,
0.66614257,
0.66614354,
0.66366159,
0.66366168,
0.66118261,
0.66118165,
0.65869791,
0.65869837,
0.65621391,
0.65621531,
0.65372666,
0.65372826,
0.65123660,
0.65123834,
-0.47847206,
-0.00000007,
0.00000122,
-0.00000030,
-0.00000015
0.68341221,
0.68095808,
0.68095890,
0.67849393,
0.67849375,
0.67602449,
0.67602371,
0.67355900,
0.67355761,
0.67109055,
0.67108987,
0.66861398,
0.66861384,
0.66614471,
0.66614544,
0.66366098,
0.66366155,
0.66118125,
0.66118257,
0.65869898,
0.65869786,
0.65621511,
0.65621419,
0.65372547,
0.65372737,
0.65123788,
0.65123824,
-0.47847100,
-0.00000161,
-0.00000070,
0.00000172,
-0.00000051
0.60364631,
0.60113252,
0.60113206,
0.59861116,
0.59860915,
0.59609688,
0.59609574,
0.59357769,
0.59358052,
0.59106144,
0.59106047,
0.58853987,
0.58853853,
0.58602767,
0.58603008,
0.58350655,
0.58350601,
0.58098580,
0.58098568,
0.57846473,
0.57846357,
0.57594502,
0.57594466,
0.57342692,
0.57342652,
0.57090200,
0.57090505,
-0.47847333,
-0.00000072,
-0.00000047,
0.00000098,
0.00000069
0.60364658,
0.60113140,
0.60113021,
0.59860995,
0.59861121,
0.59609686,
0.59609705,
0.59357965,
0.59357886,
0.59106092,
0.59106243,
0.58854071,
0.58853984,
0.58602719,
0.58603021,
0.58350665,
0.58350520,
0.58098509,
0.58098577,
0.57846289,
0.57846427,
0.57594381,
0.57594546,
0.57342642,
0.57342639,
0.57090296,
0.57090265,
-0.47847226,
-0.00000153,
0.00000010,
-0.00000122,
0.00000176
0.52312370,
0.52062534,
0.52062392,
0.51811974,
0.51811717,
0.51561409,
0.51561489,
0.51311551,
0.51311502,
0.51061210,
0.51061124,
0.50811311,
0.50811676,
0.50561946,
0.50561924,
0.50312313,
0.50312392,
0.50062725,
0.50062596,
0.49813711,
0.49813726,
0.49564912,
0.49565155,
0.49315737,
0.49315919,
0.49066978,
0.49067034,
-0.47847479,
-0.00000159,
-0.00000028,
0.00000130,
0.00000148
0.52312241,
0.52062441,
0.52062250,
0.51811872,
0.51811781,
0.51561388,
0.51561317,
0.51311645,
0.51311668,
0.51061045,
0.51061007,
0.50811695,
0.50811596,
0.50561894,
0.50561950,
0.50312310,
0.50312380,
0.50062603,
0.50062792,
0.49813679,
0.49813839,
0.49564858,
0.49564930,
0.49315740,
0.49315570,
0.49066991,
0.49067011,
-0.47847211,
-0.00000066,
-0.00000125,
0.00000153,
-0.00000048
0.44387864,
0.44144341,
0.44144355,
0.43901143,
0.43901078,
0.43657203,
0.43657323,
0.43415548,
0.43415533,
0.43172598,
0.43172324,
0.42931246,
0.42931011,
0.42688331,
0.42688429,
0.42447464,
0.42447575,
0.42206230,
0.42206272,
0.41965636,
0.41965743,
0.41725851,
0.41725990,
0.41484918,
0.41484970,
0.41245194,
0.41245136,
-0.47847240,
-0.00000059,
-0.00000065,
0.00000031,
0.00000050
0.44387740,
0.44144158,
0.44144289,
0.43900925,
0.43901104,
0.43657288,
0.43657227,
0.43415439,
0.43415471,
0.43172633,
0.43172494,
0.42930975,
0.42930870,
0.42688220,
0.42688431,
0.42447526,
0.42447797,
0.42206013,
0.42206463,
0.41965984,
0.41965772,
0.41725867,
0.41725834,
0.41484718,
0.41484942,
0.41245216,
0.41244999,
-0.47847180,
0.00000185,
-0.00000136,
0.00000031,
-0.00000262
0.36765132,
0.36533353,
0.36533411,
0.36302113,
0.36302017,
0.36071731,
0.36071679,
0.35841282,
0.35841314,
0.35611438,
0.35611471,
0.35382191,
0.35382452,
0.35152636,
0.35152802,
0.34925127,
0.34925268,
0.34696519,
0.34696443,
0.34469232,
0.34469111,
0.34242635,
0.34242309,
0.34016137,
0.34016107,
0.33790031,
0.33790042,
-0.47847178,
-0.00000007,
0.00000034,
0.00000047,
-0.00000258
0.36765110,
0.36533402,
0.36533342,
0.36301951,
0.36302076,
0.36071684,
0.36071706,
0.35841348,
0.35841234,
0.35611326,
0.35611395,
0.35382248,
0.35381962,
0.35152795,
0.35152422,
0.34925215,
0.34925287,
0.34696570,
0.34696326,
0.34469139,
0.34469210,
0.34242564,
0.34242596,
0.34015876,
0.34016081,
0.33790070,
0.33790144,
-0.47847403,
-0.00000030,
0.00000047,
0.00000010,
-0.00000063
0.29595747,
0.29380783,
0.29380602,
0.29165615,
0.29165724,
0.28951713,
0.28951867,
0.28738439,
0.28738336,
0.28524895,
0.28525036,
0.28312374,
0.28312457,
0.28100581,
0.28100603,
0.27889736,
0.27889713,
0.27678695,
0.27678757,
0.27469221,
0.27469001,
0.27259673,
0.27259699,
0.27050636,
0.27050661,
0.26842238,
0.26842164,
-0.47847315,
-0.00000071,
-0.00000090,
-0.00000146,
-0.00000040
0.29595934,
0.29380648,
0.29380618,
0.29165910,
0.29165756,
0.28951911,
0.28951904,
0.28738449,
0.28738374,
0.28525089,
0.28525118,
0.28312509,
0.28312678,
0.28100774,
0.28100608,
0.27889519,
0.27889882,
0.27678617,
0.27678473,
0.27469196,
0.27469249,
0.27259619,
0.27259814,
0.27050691,
0.27050749,
0.26842055,
0.26841986,
-0.47847523,
-0.00000005,
-0.00000076,
0.00000131,
0.00000016
0.23005368,
0.22809548,
0.22809615,
0.22614990,
0.22614997,
0.22420441,
0.22420572,
0.22227822,
0.22227742,
0.22034736,
0.22034689,
0.21842310,
0.21842122,
0.21651295,
0.21651321,
0.21460390,
0.21460475,
0.21270513,
0.21270721,
0.21080842,
0.21080734,
0.20892502,
0.20892428,
0.20704285,
0.20704052,
0.20517234,
0.20517144,
-0.47847354,
-0.00000000,
-0.00000114,
-0.00000080,
0.00000094
0.23005123,
0.22809597,
0.22809581,
0.22614787,
0.22615134,
0.22420638,
0.22420656,
0.22227666,
0.22227652,
0.22034970,
0.22034800,
0.21842175,
0.21841902,
0.21651388,
0.21651453,
0.21460071,
0.21460584,
0.21270571,
0.21270647,
0.21080796,
0.21080730,
0.20892399,
0.20892439,
0.20704504,
0.20704238,
0.20517051,
0.20517039,
-0.47847104,
0.00000031,
-0.00000032,
0.00000023,
-0.00000156
0.17093713,
0.16920905,
0.16920799,
0.16748710,
0.16748643,
0.16577537,
0.16577405,
0.16406912,
0.16406944,
0.16236824,
0.16236806,
0.16067243,
0.16067228,
0.15898897,
0.15899054,
0.15730942,
0.15730751,
0.15564389,
0.15564465,
0.15397940,
0.15397836,
0.15232975,
0.15232796,
0.15067773,
0.15067875,
0.14904106,
0.14904125,
-0.47847444,
-0.00000223,
-0.00000130,
0.00000144,
-0.00000041
0.17093918,
0.16920359,
0.16920742,
0.16748547,
0.16748529,
0.16577382,
0.16577621,
0.16406752,
0.16406879,
0.16236847,
0.16236769,
0.16067245,
0.16067170,
0.15899013,
0.15898844,
0.15730813,
0.15731003,
0.15564314,
0.15564172,
0.15397917,
0.15397924,
0.15232792,
0.15232880,
0.15067809,
0.15067938,
0.14904109,
0.14904048,
-0.47847473,
0.00000048,
0.00000150,
0.00000042,
0.00000014
0.11935894,
0.11787572,
0.11787629,
0.11639573,
0.11639640,
0.11492674,
0.11492630,
0.11346393,
0.11346356,
0.11201617,
0.11201713,
0.11057038,
0.11056885,
0.10913184,
0.10913189,
0.10770584,
0.10770330,
0.10628175,
0.10628228,
0.10487146,
0.10487303,
0.10346371,
0.10346451,
0.10206927,
0.10206968,
0.10067774,
0.10067852,
-0.47847401,
0.00000116,
0.00000126,
-0.00000007,
0.00000043
0.11935845,
0.11787492,
0.11787410,
0.11639482,
0.11639575,
0.11492775,
0.11492893,
0.11346379,
0.11346469,
0.11201659,
0.11201574,
0.11056750,
0.11056905,
0.10913579,
0.10913152,
0.10770401,
0.10770358,
0.10628124,
0.10628224,
0.10486868,
0.10487058,
0.10346362,
0.10346453,
0.10206819,
0.10206992,
0.10067840,
0.10067707,
-0.47847260,
-0.00000232,
-0.00000084,
0.00000001,
0.00000022
0.07580959,
0.07458333,
0.07458366,
0.07336258,
0.07336308,
0.07214739,
0.07214636,
0.07094692,
0.07094826,
0.06974603,
0.06974845,
0.06856563,
0.06856365,
0.06738251,
0.06738222,
0.06621156,
0.06621037,
0.06504922,
0.06505004,
0.06389464,
0.06389234,
0.06274839,
0.06274733,
0.06160936,
0.06160889,
0.06047728,
0.06047570,
-0.47847299,
-0.00000040,
-0.00000017,
0.00000237,
-0.00000090
0.07581070,
0.07458217,
0.07458498,
0.07336231,
0.07336157,
0.07214668,
0.07214746,
0.07094818,
0.07094861,
0.06974901,
0.06974868,
0.06856606,
0.06856517,
0.06738468,
0.06738136,
0.06620865,
0.06621220,
0.06505082,
0.06504962,
0.06389318,
0.06389229,
0.06274797,
0.06274815,
0.06160926,
0.06160999,
0.06047698,
0.06047795,
-0.47847179,
0.00000035,
-0.00000045,
0.00000037,
0.00000069
0.04053741,
0.03957202,
0.03957172,
0.03860903,
0.03861098,
0.03765609,
0.03765558,
0.03671313,
0.03671385,
0.03577702,
0.03577667,
0.03485082,
0.03485044,
0.03392741,
0.03392869,
0.03301658,
0.03301760,
0.03211316,
0.03211341,
0.03121503,
0.03121720,
0.03033192,
0.03032784,
0.02945085,
0.02945041,
0.02857875,
0.02858024,
-0.47847230,
-0.00000105,
-0.00000008,
-0.00000097,
-0.00000075
0.04053812,
0.03956993,
0.03957167,
0.03860953,
0.03861142,
0.03765561,
0.03765629,
0.03671244,
0.03671538,
0.03577550,
0.03577745,
0.03485042,
0.03485121,
0.03392734,
0.03392783,
0.03301701,
0.03301775,
0.03211331,
0.03211330,
0.03121571,
0.03121492,
0.03032860,
0.03033019,
0.02944975,
0.02945084,
0.02857956,
0.02857867,
-0.47847160,
0.00000033,
-0.00000027,
-0.00000107,
-0.00000175
0.01352965,
0.01281491,
0.01281553,
0.01211144,
0.01211035,
0.01141473,
0.01141447,
0.01072264,
0.01072366,
0.01004147,
0.01004210,
0.00936839,
0.00936818,
0.00870026,
0.00870087,
0.00804196,
0.00804240,
0.00738977,
0.00739145,
0.00674822,
0.00674739,
0.00611494,
0.00611326,
0.00548479,
0.00548623,
0.00486515,
0.00486568,
-0.47847304,
-0.00000097,
-0.00000144,
-0.00000098,
-0.00000107
0.01352736,
0.01281374,
0.01281602,
0.01211101,
0.01210835,
0.01141570,
0.01141489,
0.01072562,
0.01072415,
0.01003958,
0.01004445,
0.00936635,
0.00936640,
0.00869975,
0.00869847,
0.00804367,
0.00804275,
0.00738961,
0.00738868,
0.00674729,
0.00674763,
0.00611288,
0.00611316,
0.00548319,
0.00548576,
0.00486464,
0.00486298,
-0.47847272,
-0.00000116,
-0.00000032,
-0.00000075,
-0.00000034
-0.47847310,
-0.47847216,
-0.47847114,
-0.47847297,
-0.47847193,
-0.47847126,
-0.47847336,
-0.47847108,
-0.47847051,
-0.47847217,
-0.47847129,
-0.47847148,
-0.47847313,
-0.47847213,
-0.47847195,
-0.47847172,
-0.47847340,
-0.47847557,
-0.47847260,
-0.47847405,
-0.47847422,
-0.47847411,
-0.47847261,
-0.47847500,
-0.47847367,
-0.47847215,
-0.47847284,
-0.47847473,
0.00000061,
-0.00000055,
-0.00000098,
-0.00000011
-0.00000001,
-0.00000050,
0.00000111,
-0.00000011,
-0.00000049,
0.00000042,
0.00000011,
0.00000111,
-0.00000010,
-0.00000006,
-0.00000045,
-0.00000172,
-0.00000033,
-0.00000020,
-0.00000081,
0.00000034,
0.00000032,
0.00000005,
0.00000016,
-0.00000129,
-0.00000012,
0.00000007,
0.00000213,
0.00000167,
-0.00000051,
0.00000019,
-0.00000031,
0.00000053,
-0.00000070,
-0.00000052,
-0.00000034,
-0.00000021
0.00000024,
-0.00000076,
0.00000081,
-0.00000008,
0.00000040,
0.00000109,
0.00000002,
0.00000043,
0.00000047,
-0.00000017,
0.00000189,
-0.00000162,
-0.00000060,
0.00000013,
0.00000008,
-0.00000015,
0.00000088,
0.00000099,
0.00000141,
-0.00000061,
0.00000023,
0.00000143,
0.00000021,
0.00000039,
0.00000208,
-0.00000132,
-0.00000072,
0.00000028,
0.00000174,
0.00000002,
0.00000016,
-0.00000015
-0.00000169,
-0.00000111,
0.00000055,
-0.00000097,
0.00000087,
-0.00000002,
-0.00000090,
0.00000039,
-0.00000250,
-0.00000062,
0.00000006,
-0.00000084,
0.00000067,
-0.00000083,
0.00000009,
-0.00000079,
-0.00000160,
0.00000026,
0.00000070,
-0.00000208,
0.00000041,
-0.00000011,
0.00000250,
0.00000033,
-0.00000242,
-0.00000046,
-0.00000070,
0.00000272,
-0.00000059,
-0.00000105,
-0.00000093,
0.00000122
-0.00000137,
-0.00000075,
0.00000140,
-0.00000034,
-0.00000060,
0.00000081,
-0.00000084,
-0.00000108,
0.00000080,
0.00000018,
-0.00000189,
-0.00000171,
-0.00000033,
0.00000071,
-0.00000023,
0.00000027,
-0.00000154,
-0.00000278,
0.00000073,
0.00000029,
0.00000044,
-0.00000131,
0.00000017,
-0.00000002,
0.00000137,
0.00000095,
-0.00000093,
-0.00000076,
-0.00000181,
-0.00000072,
-0.00000001,
-0.00000111
