-172.69552895,
-173.64956697,
-173.64883399,
-174.60663301,
-174.60717278,
-175.56767489,
-175.56807166,
-176.53364943,
-176.53351570,
-177.50307298,
-177.50268217,
-178.47610957,
-178.47654809,
-179.45360885,
-179.45335614,
-180.43440780,
-180.43464479,
-181.42032571,
-181.42070596,
-182.40736884,
-182.40797058,
-183.40018149,
-183.40087141,
-184.39733959,
-184.39739131,
-185.39784298,
-185.39772149,
-835.44860854,
-835.44841043,
-835.44818809,
-0.00044527,
-0.00009395
-205.17750956,
-206.25966693,
-206.25886206,
-207.34511172,
-207.34530163,
-208.43461203,
-208.43557380,
-209.52983240,
-209.53000195,
-210.63028641,
-210.62957080,
-211.73242888,
-211.73233487,
-212.83982028,
-212.83937407,
-213.94981966,
-213.95033619,
-215.06677861,
-215.06665799,
-216.18684440,
-216.18606735,
-217.31081796,
-217.31053222,
-218.43856795,
-218.43900823,
-219.57225958,
-219.57269330,
-835.44827684,
-835.44852886,
-835.44846902,
-0.00052271,
0.00034312
-205.17723869,
-206.25871158,
-206.25885855,
-207.34493980,
-207.34575042,
-208.43593580,
-208.43566691,
-209.53092226,
-209.53078912,
-210.62953719,
-210.62932946,
-211.73233062,
-211.73280921,
-212.83906881,
-212.83893646,
-213.95027602,
-213.95019578,
-215.06635904,
-215.06609960,
-216.18598959,
-216.18658900,
-217.30987912,
-217.31032862,
-218.43947253,
-218.43971017,
-219.57253518,
-219.57256218,
-835.44855815,
-835.44848802,
-835.44816354,
0.00095298,
0.00011310
-241.92723271,
-243.14877875,
-243.14891737,
-244.37389851,
-244.37362645,
-245.60370378,
-245.60324931,
-246.83911727,
-246.83855233,
-248.07777039,
-248.07706583,
-249.32124642,
-249.32124811,
-250.56936741,
-250.56869405,
-251.82266267,
-251.82370130,
-253.08060291,
-253.08096652,
-254.34326862,
-254.34326526,
-255.60908392,
-255.60929156,
-256.88124410,
-256.88108258,
-258.15599268,
-258.15699663,
-835.44872932,
-835.44812951,
-835.44911688,
0.00074777,
-0.00005875
-241.92784917,
-243.14822025,
-243.14849924,
-244.37414371,
-244.37399176,
-245.60371120,
-245.60446902,
-246.83914283,
-246.83815716,
-248.07797501,
-248.07747158,
-249.32171298,
-249.32034672,
-250.56894254,
-250.56984992,
-251.82324629,
-251.82321265,
-253.08121371,
-253.08101599,
-254.34282096,
-254.34352878,
-255.61046509,
-255.60934815,
-256.88086074,
-256.88106869,
-258.15665666,
-258.15547343,
-835.44820869,
-835.44849099,
-835.44824810,
-0.00017671,
-0.00000398
-283.29862978,
-284.66846162,
-284.66846312,
-286.04598717,
-286.04588233,
-287.42695999,
-287.42642287,
-288.81351477,
-288.81315210,
-290.20218873,
-290.20281113,
-291.59928102,
-291.59856182,
-292.99962438,
-293.00024047,
-294.40519341,
-294.40554572,
-295.81649676,
-295.81550632,
-297.23145145,
-297.23230464,
-298.65290441,
-298.65358266,
-300.07844070,
-300.07791990,
-301.50830053,
-301.50866449,
-835.44873660,
-835.44844191,
-835.44859484,
-0.00090833,
0.00000236
-283.29820649,
-284.66874995,
-284.66824187,
-286.04572403,
-286.04620129,
-287.42675569,
-287.42620472,
-288.81364411,
-288.81330643,
-290.20183139,
-290.20242712,
-291.59866651,
-291.59798600,
-292.99975125,
-292.99988592,
-294.40534291,
-294.40521948,
-295.81672752,
-295.81681441,
-297.23191051,
-297.23174387,
-298.65317097,
-298.65254710,
-300.07832447,
-300.07744305,
-301.50849865,
-301.50902475,
-835.44846702,
-835.44831557,
-835.44866194,
-0.00026406,
0.00017268
-329.65580876,
-331.18907124,
-331.18908395,
-332.72760544,
-332.72711502,
-334.27039030,
-334.27013454,
-335.81987668,
-335.81974217,
-337.37398204,
-337.37450385,
-338.93430690,
-338.93345691,
-340.49876225,
-340.49775718,
-342.06976885,
-342.06932051,
-343.64456791,
-343.64451840,
-345.22451760,
-345.22472274,
-346.81091525,
-346.81096939,
-348.40211805,
-348.40220963,
-349.99876230,
-349.99832981,
-835.44877961,
-835.44833915,
-835.44809278,
0.00032054,
0.00087272
-329.65652077,
-331.18845038,
-331.18904716,
-332.72699307,
-332.72775459,
-334.26973218,
-334.27009349,
-335.81946005,
-335.81918665,
-337.37378482,
-337.37407238,
-338.93413432,
-338.93388976,
-340.49818128,
-340.49769813,
-342.06916209,
-342.06905849,
-343.64419644,
-343.64466107,
-345.22457265,
-345.22494757,
-346.81046812,
-346.81081192,
-348.40149840,
-348.40219143,
-349.99896380,
-349.99832045,
-835.44881101,
-835.44888142,
-835.44825740,
0.00019523,
0.00059954
-381.38028178,
-383.08599493,
-383.08649714,
-384.79998670,
-384.80019500,
-386.51692139,
-386.51668574,
-388.24211020,
-388.24171019,
-389.97175606,
-389.97159781,
-391.70714231,
-391.70629523,
-393.44822320,
-393.44837737,
-395.19372219,
-395.19394822,
-396.94746235,
-396.94713674,
-398.70537845,
-398.70551701,
-400.46901977,
-400.46875229,
-402.23964831,
-402.23917959,
-404.01486129,
-404.01420769,
-835.44880889,
-835.44870098,
-835.44834764,
0.00012214,
-0.00032311
-381.38025988,
-383.08636644,
-383.08678969,
-384.79912553,
-384.79956516,
-386.51644287,
-386.51715221,
-388.24289669,
-388.24186659,
-389.97107779,
-389.97114935,
-391.70655457,
-391.70709474,
-393.44777081,
-393.44799994,
-395.19477317,
-395.19446208,
-396.94675837,
-396.94667498,
-398.70587758,
-398.70490758,
-400.46870115,
-400.46835774,
-402.23902942,
-402.24009854,
-404.01430552,
-404.01428558,
-835.44871791,
-835.44967649,
-835.44829121,
-0.00025463,
-0.00036906
-438.86199497,
-440.75551442,
-440.75548476,
-442.65592441,
-442.65614445,
-444.56099561,
-444.56167553,
-446.47350503,
-446.47319803,
-448.39131529,
-448.39110093,
-450.31477554,
-450.31507438,
-452.24522786,
-452.24511489,
-454.18025492,
-454.18020553,
-456.12221942,
-456.12193588,
-458.07018474,
-458.07020067,
-460.02568119,
-460.02577200,
-461.98521926,
-461.98559836,
-463.95237938,
-463.95288390,
-835.44924097,
-835.44883088,
-835.44920723,
0.00029751,
-0.00006630
-438.86297614,
-440.75537212,
-440.75509238,
-442.65621450,
-442.65605447,
-444.56156787,
-444.56149902,
-446.47282879,
-446.47365324,
-448.39105536,
-448.39124955,
-450.31517105,
-450.31544631,
-452.24485158,
-452.24581967,
-454.18073242,
-454.17969194,
-456.12177977,
-456.12251642,
-458.07017681,
-458.07013289,
-460.02602518,
-460.02518641,
-461.98587980,
-461.98629325,
-463.95232569,
-463.95257552,
-835.44832367,
-835.44854968,
-835.44881417,
-0.00021345,
-0.00094075
-502.51182248,
-504.60535808,
-504.60539638,
-506.70470577,
-506.70464798,
-508.81069522,
-508.81073337,
-510.92289968,
-510.92285862,
-513.04126427,
-513.04152049,
-515.16720494,
-515.16724166,
-517.29629403,
-517.29637795,
-519.43728767,
-519.43697586,
-521.58170015,
-521.58142557,
-523.73328831,
-523.73314551,
-525.89100130,
-525.88965972,
-528.05508061,
-528.05583106,
-530.22747426,
-530.22779795,
-835.44811809,
-835.44855041,
-835.44886090,
-0.00024232,
-0.00035848
-502.51105037,
-504.60603114,
-504.60555299,
-506.70512235,
-506.70489212,
-508.81086658,
-508.81046963,
-510.92289661,
-510.92350762,
-513.04227848,
-513.04192291,
-515.16721020,
-515.16689213,
-517.29584389,
-517.29687903,
-519.43784812,
-519.43776892,
-521.58182734,
-521.58118738,
-523.73315018,
-523.73136271,
-525.89085044,
-525.89070282,
-528.05485081,
-528.05575088,
-530.22767116,
-530.22872864,
-835.44833361,
-835.44828621,
-835.44854601,
-0.00014755,
0.00049043
-572.74918702,
-575.05401482,
-575.05314667,
-577.36668184,
-577.36663752,
-579.68743911,
-579.68801669,
-582.01269724,
-582.01328499,
-584.34708843,
-584.34669631,
-586.68607787,
-586.68606706,
-589.03541528,
-589.03467813,
-591.38857610,
-591.38851153,
-593.74950948,
-593.75003898,
-596.11713768,
-596.11666143,
-598.49422233,
-598.49387294,
-600.87409603,
-600.87393486,
-603.26259923,
-603.26271278,
-835.44817771,
-835.44919773,
-835.44856440,
0.00041162,
0.00040631
-572.74935755,
-575.05349732,
-575.05427476,
-577.36620634,
-577.36564363,
-579.68753565,
-579.68838240,
-582.01338915,
-582.01310361,
-584.34647329,
-584.34681811,
-586.68532869,
-586.68580213,
-589.03513520,
-589.03558661,
-591.38842594,
-591.38826360,
-593.75041290,
-593.74995490,
-596.11678699,
-596.11714920,
-598.49318679,
-598.49369688,
-600.87372633,
-600.87406501,
-603.26266911,
-603.26289268,
-835.44892788,
-835.44882596,
-835.44872295,
0.00015186,
-0.00010359
-650.00823992,
-652.53917051,
-652.53892970,
-655.07980447,
-655.08068109,
-657.62680041,
-657.62647307,
-660.17996488,
-660.18062004,
-662.74283350,
-662.74200543,
-665.31183571,
-665.31178918,
-667.88696267,
-667.88759895,
-670.47385637,
-670.47327352,
-673.06396923,
-673.06391858,
-675.66151106,
-675.66176150,
-678.26744684,
-678.26671030,
-680.88126308,
-680.88072176,
-683.50216991,
-683.50183343,
-835.44883333,
-835.44880942,
-835.44802159,
0.00003493,
0.00027884
-650.00814176,
-652.53931812,
-652.53976965,
-655.08008183,
-655.08024194,
-657.62619454,
-657.62643016,
-660.18005456,
-660.18015214,
-662.74192281,
-662.74143559,
-665.31245416,
-665.31185131,
-667.88700550,
-667.88713676,
-670.47387904,
-670.47394640,
-673.06405159,
-673.06339018,
-675.66154710,
-675.66188503,
-678.26738168,
-678.26789615,
-680.88124295,
-680.88162229,
-683.50128213,
-683.50135859,
-835.44929895,
-835.44825886,
-835.44816592,
-0.00043754,
-0.00104992
-734.73569353,
-737.51124161,
-737.51104759,
-740.29117496,
-740.29112356,
-743.07982245,
-743.07975449,
-745.87638045,
-745.87674257,
-748.67971688,
-748.67907450,
-751.49306623,
-751.49345160,
-754.31355471,
-754.31298690,
-757.14141322,
-757.14268694,
-759.97631658,
-759.97619268,
-762.81948012,
-762.81979120,
-765.67124813,
-765.67123637,
-768.53017186,
-768.53028837,
-771.39803947,
-771.39736723,
-835.44849667,
-835.44882101,
-835.44899161,
0.00016885,
0.00008102
-734.73477663,
-737.51115441,
-737.51067884,
-740.29182504,
-740.29172616,
-743.07959517,
-743.07927707,
-745.87683091,
-745.87715313,
-748.67927798,
-748.67925575,
-751.49279235,
-751.49328352,
-754.31289869,
-754.31292821,
-757.14172945,
-757.14208373,
-759.97649630,
-759.97645673,
-762.81937011,
-762.81930907,
-765.67221939,
-765.67087598,
-768.52963891,
-768.53036474,
-771.39772595,
-771.39735641,
-835.44913207,
-835.44891337,
-835.44823138,
-0.00010107,
-0.00015317
-827.40084963,
-830.42733261,
-830.42653399,
-833.46535194,
-833.46640167,
-836.50898791,
-836.50854678,
-839.56357190,
-839.56389963,
-842.62568332,
-842.62552537,
-845.69455044,
-845.69462900,
-848.77399233,
-848.77402243,
-851.86000764,
-851.86050195,
-854.95380003,
-854.95385893,
-858.05711896,
-858.05740164,
-861.16740057,
-861.16762737,
-864.29057055,
-864.28989819,
-867.41911299,
-867.41940382,
-835.44886623,
-835.44885876,
-835.44883437,
0.00026453,
-0.00062356
-827.40035697,
-830.42847914,
-830.42779312,
-833.46587134,
-833.46581287,
-836.50962072,
-836.50884092,
-839.56292380,
-839.56235514,
-842.62582765,
-842.62623125,
-845.69427524,
-845.69469503,
-848.77431860,
-848.77401157,
-851.86018481,
-851.85946130,
-854.95368264,
-854.95373396,
-858.05746266,
-858.05753184,
-861.16717686,
-861.16628854,
-864.29012383,
-864.29019554,
-867.41935005,
-867.41915966,
-835.44893655,
-835.44845668,
-835.44899582,
0.00013932,
0.00045177
-928.46988070,
-931.76874178,
-931.76875819,
-935.07477111,
-935.07479983,
-938.39347347,
-938.39375426,
-941.72107615,
-941.72070315,
-945.05192003,
-945.05312333,
-948.39592178,
-948.39608059,
-951.74503607,
-951.74523887,
-955.10713672,
-955.10732999,
-958.47642945,
-958.47593304,
-961.85710617,
-961.85666246,
-965.24249530,
-965.24232643,
-968.63939678,
-968.63887649,
-972.04132161,
-972.04051360,
-835.44898095,
-835.44879207,
-835.44826734,
-0.00019383,
0.00038466
-928.47024629,
-931.76903126,
-931.76867982,
-935.07488893,
-935.07500363,
-938.39405478,
-938.39375714,
-941.72019780,
-941.72115423,
-945.05200399,
-945.05238088,
-948.39546571,
-948.39583434,
-951.74510630,
-951.74465414,
-955.10742054,
-955.10762395,
-958.47612781,
-958.47591075,
-961.85716457,
-961.85783255,
-965.24238371,
-965.24332433,
-968.63903745,
-968.63979378,
-972.04180294,
-972.04074678,
-835.44912458,
-835.44849771,
-835.44876586,
0.00034329,
0.00012790
-1038.43680881,
-1042.02407727,
-1042.02422392,
-1045.61800858,
-1045.61795725,
-1049.22107462,
-1049.22086913,
-1052.83472601,
-1052.83415652,
-1056.45790456,
-1056.45674748,
-1060.08640591,
-1060.08604139,
-1063.72931726,
-1063.72853391,
-1067.37936445,
-1067.37944688,
-1071.03938797,
-1071.03917296,
-1074.70625959,
-1074.70679991,
-1078.38394865,
-1078.38434345,
-1082.07210584,
-1082.07228265,
-1085.77015610,
-1085.77011303,
-835.44842798,
-835.44903438,
-835.44835951,
-0.00040439,
0.00016341
-1038.43680143,
-1042.02381394,
-1042.02382342,
-1045.61795489,
-1045.61797281,
-1049.22127248,
-1049.22028093,
-1052.83483226,
-1052.83499992,
-1056.45728973,
-1056.45733619,
-1060.08561328,
-1060.08545855,
-1063.72877375,
-1063.72893037,
-1067.37942269,
-1067.37856184,
-1071.03881733,
-1071.03897210,
-1074.70732339,
-1074.70717124,
-1078.38435761,
-1078.38394154,
-1082.07157611,
-1082.07177221,
-1085.77006647,
-1085.77033587,
-835.44826412,
-835.44872487,
-835.44860400,
0.00029541,
0.00031341
-835.44863737,
-835.44849714,
-835.44819444,
-835.44879347,
-835.44822581,
-835.44888285,
-835.44834332,
-835.44824397,
-835.44830642,
-835.44837735,
-835.44930142,
-835.44845826,
-835.44847391,
-835.44893695,
-835.44817405,
-835.44805399,
-835.44834893,
-835.44827094,
-835.44919280,
-835.44831973,
-835.44895979,
-835.44894309,
-835.44869160,
-835.44838111,
-835.44871225,
-835.44850423,
-835.44880680,
-835.44794932,
-835.44843007,
-835.44939578,
-0.00013409,
-0.00024647
-835.44817080,
-835.44872296,
-835.44880961,
-835.44766546,
-835.44899096,
-835.44908490,
-835.44873172,
-835.44834737,
-835.44872116,
-835.44809444,
-835.44816516,
-835.44822141,
-835.44822048,
-835.44867698,
-835.44874758,
-835.44897774,
-835.44849862,
-835.44834098,
-835.44789715,
-835.44813348,
-835.44833267,
-835.44856729,
-835.44877944,
-835.44812407,
-835.44831752,
-835.44848670,
-835.44873309,
-835.44784004,
-835.44861215,
-835.44883857,
0.00026670,
-0.00011504
-835.44915803,
-835.44852284,
-835.44864289,
-835.44940143,
-835.44917264,
-835.44817133,
-835.44861673,
-835.44845804,
-835.44862659,
-835.44821377,
-835.44874556,
-835.44899508,
-835.44782395,
-835.44874441,
-835.44908221,
-835.44856455,
-835.44850976,
-835.44845713,
-835.44866389,
-835.44845693,
-835.44940492,
-835.44883710,
-835.44863032,
-835.44778141,
-835.44821265,
-835.44844863,
-835.44858478,
-835.44891713,
-835.44873928,
-835.44912226,
0.00030158,
-0.00077439
0.00027772,
-0.00011281,
-0.00023343,
-0.00009063,
-0.00090870,
0.00043839,
-0.00024368,
0.00013237,
-0.00069047,
0.00031539,
-0.00022053,
0.00049468,
0.00031819,
0.00052168,
0.00027238,
0.00037777,
0.00022584,
-0.00047115,
-0.00006473,
0.00029349,
-0.00051248,
0.00065851,
0.00020525,
0.00001719,
-0.00007829,
-0.00017500,
0.00049492,
0.00039688,
-0.00027016,
-0.00011739,
-0.00018762,
-0.00013124
-0.00010375,
0.00078462,
-0.00008520,
0.00022914,
0.00002057,
0.00016827,
0.00038460,
-0.00058084,
-0.00077055,
-0.00021658,
0.00043651,
-0.00016955,
-0.00002193,
-0.00040004,
-0.00003904,
-0.00027532,
-0.00037595,
0.00043970,
-0.00023238,
-0.00031028,
-0.00059326,
0.00040070,
0.00015072,
0.00023919,
0.00018580,
-0.00037508,
0.00018173,
0.00045235,
-0.00030012,
-0.00005819,
0.00004705,
-0.00015696
