-702.80341421,
-715.73520653,
-715.72441862,
-728.84387552,
-728.85417664,
-742.13441759,
-742.13869419,
-755.60644528,
-755.60168613,
-769.24262022,
-769.24152333,
-783.08410484,
-783.07787371,
-797.09458933,
-797.08459630,
-811.28891332,
-811.29337551,
-825.68084847,
-825.67772462,
-840.25211082,
-840.26335821,
-855.00896587,
-855.02477348,
-869.97187794,
-869.96671589,
-885.12427165,
-885.13456626,
-1174.60745573,
0.00390303,
-0.00537227,
0.00057403,
-0.00038586
-1211.97299301,
-1231.35118385,
-1231.35005778,
-1250.96033568,
-1250.94974774,
-1270.80279191,
-1270.79513483,
-1290.86599221,
-1290.85662727,
-1311.16371820,
-1311.17229303,
-1331.71554220,
-1331.71558339,
-1352.48909316,
-1352.48960563,
-1373.51297450,
-1373.51221302,
-1394.77244927,
-1394.76278133,
-1416.27226646,
-1416.26408693,
-1438.02722225,
-1438.03155141,
-1460.03089913,
-1460.04256231,
-1482.27801316,
-1482.27840269,
-1174.60507981,
-0.00081462,
-0.00037584,
0.00598054,
-0.00492305
-1211.98716325,
-1231.36341662,
-1231.35408246,
-1250.96073070,
-1250.95645109,
-1270.80058221,
-1270.80019974,
-1290.86840963,
-1290.86108910,
-1311.16796802,
-1311.16762367,
-1331.71910892,
-1331.72005384,
-1352.49126697,
-1352.49398155,
-1373.51799275,
-1373.51266141,
-1394.77117536,
-1394.76581077,
-1416.27402553,
-1416.27868803,
-1438.02974420,
-1438.03259255,
-1460.03422876,
-1460.03631140,
-1482.27463198,
-1482.27927045,
-1174.61221233,
0.00053240,
-0.00666598,
-0.00387593,
0.01296352
-1954.98650220,
-1982.61899444,
-1982.62009631,
-2010.56702743,
-2010.56855387,
-2038.80079488,
-2038.79591359,
-2067.31559096,
-2067.30975177,
-2096.12738931,
-2096.12279033,
-2125.25048706,
-2125.24897025,
-2154.67182028,
-2154.65988438,
-2184.37481007,
-2184.39054616,
-2214.40738459,
-2214.40504058,
-2244.73514908,
-2244.73610526,
-2275.38145036,
-2275.37099120,
-2306.33107550,
-2306.33008167,
-2337.59488936,
-2337.59638099,
-1174.61408908,
0.00002121,
-0.00314872,
0.00189666,
-0.00417190
-1954.97433696,
-1982.62386860,
-1982.62625360,
-2010.56151467,
-2010.56772516,
-2038.79730688,
-2038.79580282,
-2067.31328133,
-2067.30888833,
-2096.13133096,
-2096.12807201,
-2125.24770827,
-2125.23370349,
-2154.66143222,
-2154.66380869,
-2184.38349613,
-2184.38917082,
-2214.40807403,
-2214.41045775,
-2244.73625450,
-2244.74158034,
-2275.37611205,
-2275.37476409,
-2306.32771910,
-2306.33256841,
-2337.59030492,
-2337.58954691,
-1174.62135612,
0.00033870,
0.00232828,
-0.00757214,
-0.00384316
-2993.87338572,
-3031.84085996,
-3031.84541606,
-3070.17085737,
-3070.17006287,
-3108.85576669,
-3108.85770519,
-3147.91483901,
-3147.91761615,
-3187.33005815,
-3187.33035561,
-3227.12661351,
-3227.11215874,
-3267.27009991,
-3267.27335937,
-3307.79432590,
-3307.79692464,
-3348.69629004,
-3348.69950577,
-3389.97020452,
-3389.97439090,
-3431.63151675,
-3431.62892680,
-3473.67110142,
-3473.65682639,
-3516.08182492,
-3516.08938873,
-1174.61569827,
0.00789879,
-0.00371032,
0.00133303,
0.00115825
-2993.86609483,
-3031.84506680,
-3031.85047715,
-3070.16887411,
-3070.17024971,
-3108.85600441,
-3108.85309611,
-3147.91279534,
-3147.91328593,
-3187.32995453,
-3187.33021665,
-3227.12077170,
-3227.11599435,
-3267.26525113,
-3267.26981562,
-3307.79334755,
-3307.79981873,
-3348.69294843,
-3348.69696106,
-3389.97247433,
-3389.97551279,
-3431.63528099,
-3431.63025550,
-3473.66652129,
-3473.67089912,
-3516.07983496,
-3516.08725852,
-1174.61738364,
0.00055159,
-0.00587578,
0.00471780,
0.00685438
-4397.99841088,
-4448.56465621,
-4448.56013349,
-4499.57956479,
-4499.59279286,
-4551.03030115,
-4551.03080056,
-4602.92599802,
-4602.91978714,
-4655.25153599,
-4655.25212124,
-4708.02355962,
-4708.02155575,
-4761.24862451,
-4761.24198503,
-4814.91089311,
-4814.91658134,
-4869.02490892,
-4869.03183171,
-4923.59757106,
-4923.60077551,
-4978.61860380,
-4978.61905703,
-5034.09756218,
-5034.09354917,
-5090.04940491,
-5090.04068583,
-1174.61429857,
0.00225858,
0.00362114,
0.00390596,
-0.00048063
-4397.99955816,
-4448.56569957,
-4448.57596952,
-4499.58977919,
-4499.59082424,
-4551.02732015,
-4551.02897189,
-4602.92450119,
-4602.92515591,
-4655.24530059,
-4655.25026225,
-4708.02661628,
-4708.02643383,
-4761.25002337,
-4761.24290510,
-4814.90819011,
-4814.92349469,
-4869.02474021,
-4869.02996301,
-4923.58951007,
-4923.60044660,
-4978.61642914,
-4978.61616618,
-5034.10371839,
-5034.09570869,
-5090.05171197,
-5090.04022868,
-1174.61729793,
0.00320530,
-0.00135615,
-0.00556325,
-0.01309413
-6243.93614588,
-6309.64920685,
-6309.63401745,
-6375.86326875,
-6375.87025778,
-6442.59260775,
-6442.59130559,
-6509.84558651,
-6509.85378785,
-6577.62528259,
-6577.63149711,
-6645.93467251,
-6645.92411326,
-6714.76662565,
-6714.76805996,
-6784.13953483,
-6784.13492074,
-6854.03637825,
-6854.03748783,
-6924.46660534,
-6924.47308842,
-6995.45561995,
-6995.45566292,
-7066.97308819,
-7066.97926870,
-7139.05534085,
-7139.05405935,
-1174.61146464,
0.00185247,
0.00108295,
0.00128111,
-0.00028662
-6243.93522234,
-6309.64347178,
-6309.63958940,
-6375.87226763,
-6375.87110486,
-6442.59151662,
-6442.59436901,
-6509.85600755,
-6509.85149064,
-6577.62476310,
-6577.62294700,
-6645.92843347,
-6645.93572566,
-6714.76074671,
-6714.76701808,
-6784.13126215,
-6784.12275448,
-6854.03200070,
-6854.04537879,
-6924.46704301,
-6924.47662595,
-6995.45928471,
-6995.44375839,
-7066.97577637,
-7066.97541218,
-7139.05073601,
-7139.05462423,
-1174.61113185,
-0.00122229,
0.00279614,
0.00154234,
-0.00148559
-8615.61981329,
-8699.17834125,
-8699.19001296,
-8783.35458179,
-8783.35128559,
-8868.12211834,
-8868.12592085,
-8953.50465050,
-8953.50312161,
-9039.50988806,
-9039.50128060,
-9126.11535203,
-9126.11224043,
-9213.34303304,
-9213.33792198,
-9301.20128597,
-9301.20906790,
-9389.68843423,
-9389.69267614,
-9478.80795772,
-9478.80109128,
-9568.53929116,
-9568.54653708,
-9658.88777825,
-9658.89164082,
-9749.91776635,
-9749.91362065,
-1174.61648214,
-0.00937281,
-0.00295537,
0.00101308,
0.00231654
-8615.62155023,
-8699.17811018,
-8699.18808018,
-8783.34903585,
-8783.35336237,
-8868.12912341,
-8868.12966478,
-8953.50646747,
-8953.50123531,
-9039.50604880,
-9039.51306257,
-9126.11484063,
-9126.10997187,
-9213.33660281,
-9213.33979466,
-9301.21089977,
-9301.21755730,
-9389.69506498,
-9389.69806488,
-9478.80454983,
-9478.80084210,
-9568.54610176,
-9568.54083038,
-9658.90015226,
-9658.90052429,
-9749.91388655,
-9749.91375056,
-1174.61472124,
-0.00293389,
-0.00406751,
-0.00009224,
0.00241968
-11604.17602926,
-11708.56422859,
-11708.56407836,
-11813.64353985,
-11813.64963729,
-11919.43563529,
-11919.43994940,
-12025.94048247,
-12025.94943715,
-12133.16486335,
-12133.16287100,
-12241.07892566,
-12241.07767095,
-12349.70705552,
-12349.71272456,
-12459.07433480,
-12459.07284342,
-12569.16805730,
-12569.16411907,
-12679.96815885,
-12679.96363855,
-12791.52001326,
-12791.50810293,
-12903.78447816,
-12903.78806868,
-13016.80760949,
-13016.80900085,
-1174.61784152,
-0.00734522,
-0.00869809,
0.00003489,
0.00338883
-11604.18029014,
-11708.56157963,
-11708.56625067,
-11813.64439432,
-11813.63947718,
-11919.43971100,
-11919.43248987,
-12025.94820394,
-12025.94302800,
-12133.15508351,
-12133.16626425,
-12241.07167932,
-12241.07971549,
-12349.71054480,
-12349.71550783,
-12459.06422964,
-12459.06975872,
-12569.17134194,
-12569.17078610,
-12679.97856125,
-12679.97633531,
-12791.52407321,
-12791.51666749,
-12903.79418925,
-12903.78960887,
-13016.80216323,
-13016.81556295,
-1174.61808475,
-0.00182145,
0.00027154,
0.00257505,
0.00415614
-15308.06231020,
-15436.45575630,
-15436.47200356,
-15565.66873966,
-15565.66849889,
-15695.69208365,
-15695.68907503,
-15826.53188577,
-15826.53922616,
-15958.16495342,
-15958.16814489,
-16090.63612937,
-16090.64005046,
-16223.90343240,
-16223.90071438,
-16358.01447063,
-16358.01672009,
-16492.95538793,
-16492.94471752,
-16628.71413037,
-16628.71892566,
-16765.33741776,
-16765.33878165,
-16902.74857036,
-16902.74677699,
-17041.05402254,
-17041.04807068,
-1174.61382781,
0.00208462,
-0.00897910,
-0.00457917,
-0.00535338
-15308.06669586,
-15436.46035752,
-15436.45605384,
-15565.66468555,
-15565.67154775,
-15695.68799415,
-15695.69477595,
-15826.53122052,
-15826.52931512,
-15958.16952229,
-15958.17049773,
-16090.64110255,
-16090.63345750,
-16223.91621285,
-16223.90183777,
-16358.00711308,
-16358.01215174,
-16492.95648614,
-16492.95726757,
-16628.72752296,
-16628.72157270,
-16765.33755656,
-16765.33004268,
-16902.75306398,
-16902.74625201,
-17041.05052300,
-17041.05121760,
-1174.61457230,
0.00156432,
0.00027206,
-0.00631477,
-0.00560444
-19832.95681448,
-19988.78940704,
-19988.80174258,
-20145.55622598,
-20145.55563040,
-20303.22382641,
-20303.22959614,
-20461.83043871,
-20461.81968564,
-20621.37954599,
-20621.37466905,
-20781.85375768,
-20781.85124272,
-20943.23739609,
-20943.24119833,
-21105.55617420,
-21105.55927865,
-21268.81168079,
-21268.82183661,
-21433.02236634,
-21433.02368866,
-21598.17524375,
-21598.17577969,
-21764.30946425,
-21764.30882864,
-21931.36997892,
-21931.36526750,
-1174.61568020,
0.00395296,
0.00085200,
0.00351349,
-0.00245755
-19832.96632264,
-19988.80009860,
-19988.79985676,
-20145.55229587,
-20145.55732555,
-20303.21915184,
-20303.22338599,
-20461.82526155,
-20461.82475564,
-20621.37721028,
-20621.36756248,
-20781.84548550,
-20781.83864033,
-20943.22872434,
-20943.23110246,
-21105.56431462,
-21105.55761084,
-21268.81211546,
-21268.81923241,
-21433.02969580,
-21433.03051301,
-21598.17845036,
-21598.17038465,
-21764.30391101,
-21764.31062552,
-21931.36278190,
-21931.36487590,
-1174.61087577,
0.00150485,
-0.00209099,
-0.00079948,
-0.00195998
-25291.87453083,
-25478.83566917,
-25478.83039380,
-25666.79403830,
-25666.79107678,
-25855.79196889,
-25855.80022788,
-26045.83311902,
-26045.84043389,
-26236.91399158,
-26236.91706075,
-26429.06599688,
-26429.07377302,
-26622.25245829,
-26622.24825091,
-26816.43807798,
-26816.44100169,
-27011.78416276,
-27011.77739441,
-27208.13885361,
-27208.13608664,
-27405.56154257,
-27405.57146731,
-27604.08539063,
-27604.08939148,
-27803.68174661,
-27803.68660289,
-1174.60642583,
0.00396172,
-0.00651378,
0.00655033,
0.00139941
-25291.87275054,
-25478.81790579,
-25478.82633888,
-25666.79113490,
-25666.78239855,
-25855.79162952,
-25855.79529914,
-26045.82892970,
-26045.83940655,
-26236.91376755,
-26236.92430206,
-26429.06918910,
-26429.05977064,
-26622.24127237,
-26622.25318382,
-26816.44226741,
-26816.43645049,
-27011.77667262,
-27011.78273874,
-27208.13707137,
-27208.13945768,
-27405.56200345,
-27405.56417023,
-27604.08414344,
-27604.08925479,
-27803.68636939,
-27803.68028587,
-1174.62272992,
0.00200161,
-0.00638529,
0.00090819,
-0.00058416
-31805.05087889,
-32026.96042181,
-32026.96193076,
-32250.05562506,
-32250.05490779,
-32474.23852539,
-32474.25113817,
-32699.64756011,
-32699.64036136,
-32926.18006398,
-32926.18086243,
-33153.87777188,
-33153.88450884,
-33382.82754095,
-33382.82903095,
-33612.89441808,
-33612.88857318,
-33844.15623995,
-33844.15691815,
-34076.58504377,
-34076.59203100,
-34310.23163530,
-34310.23248757,
-34545.13870410,
-34545.13927072,
-34781.19563841,
-34781.17974144,
-1174.60765632,
0.00626604,
-0.00220700,
-0.00176395,
-0.00202834
-31805.05303960,
-32026.96147851,
-32026.96293708,
-32250.05510888,
-32250.05005370,
-32474.23915705,
-32474.24147944,
-32699.64605655,
-32699.64161048,
-32926.17857302,
-32926.17671581,
-33153.88224375,
-33153.88457730,
-33382.82942882,
-33382.82902453,
-33612.89079099,
-33612.88822951,
-33844.15774674,
-33844.14364192,
-34076.58555378,
-34076.59096590,
-34310.22897641,
-34310.23242273,
-34545.13882800,
-34545.12801743,
-34781.18083492,
-34781.18761588,
-1174.61181442,
-0.00311695,
0.00100195,
0.00077263,
-0.00299145
-39500.09518480,
-39761.03872845,
-39761.03067190,
-40023.29482092,
-40023.30775134,
-40286.83107709,
-40286.83426180,
-40551.67288274,
-40551.66254214,
-40817.80605247,
-40817.80611912,
-41085.27510080,
-41085.27482606,
-41354.03275395,
-41354.03197978,
-41624.09908553,
-41624.10908450,
-41895.50762671,
-41895.49933324,
-42168.23169831,
-42168.24036414,
-42442.27258273,
-42442.27762461,
-42717.64830930,
-42717.63951382,
-42994.35097241,
-42994.35104229,
-1174.61080564,
-0.00472546,
0.00089052,
0.00431017,
-0.00881964
-39500.10395782,
-39761.03615322,
-39761.03678134,
-40023.29741553,
-40023.30555887,
-40286.83291771,
-40286.82681096,
-40551.66229040,
-40551.66633476,
-40817.81347447,
-40817.80101790,
-41085.27917366,
-41085.27549228,
-41354.02272950,
-41354.03094056,
-41624.10968699,
-41624.10864891,
-41895.50490444,
-41895.49910226,
-42168.23641551,
-42168.23149773,
-42442.28474486,
-42442.27154136,
-42717.64344034,
-42717.64242358,
-42994.34754445,
-42994.34594803,
-1174.61521926,
-0.00349073,
0.00338805,
-0.00247132,
-0.00561176
-48511.67941066,
-48816.06229866,
-48816.07475491,
-49121.82349686,
-49121.82080738,
-49429.02637849,
-49429.01810324,
-49737.66219795,
-49737.65469363,
-50047.81272758,
-50047.81128269,
-50359.38415897,
-50359.37606414,
-50672.33346470,
-50672.32598266,
-50986.84141368,
-50986.83471371,
-51302.72172719,
-51302.71838899,
-51620.06152257,
-51620.05572801,
-51938.91029986,
-51938.91475503,
-52259.26564933,
-52259.25734932,
-52581.04749521,
-52581.04625368,
-1174.61229175,
0.00557664,
0.00027062,
0.00981595,
-0.00167373
-48511.68168270,
-48816.06056007,
-48816.07104647,
-49121.81384847,
-49121.81168969,
-49429.02409722,
-49429.02166772,
-49737.65582619,
-49737.65648726,
-50047.80824731,
-50047.80555796,
-50359.37883562,
-50359.37548039,
-50672.32757052,
-50672.32628560,
-50986.84452877,
-50986.83699863,
-51302.72382842,
-51302.72099012,
-51620.05285347,
-51620.05650282,
-51938.91050859,
-51938.91572868,
-52259.26640631,
-52259.26477827,
-52581.04291427,
-52581.05710219,
-1174.60928278,
-0.00029073,
0.00202040,
0.00509520,
0.00542537
-1174.62115421,
-1174.61337681,
-1174.61323134,
-1174.61750558,
-1174.61622949,
-1174.62137837,
-1174.61004831,
-1174.60681208,
-1174.62171246,
-1174.61999386,
-1174.61703500,
-1174.60805967,
-1174.61558671,
-1174.61918534,
-1174.61379663,
-1174.61313575,
-1174.61635368,
-1174.61051245,
-1174.61271626,
-1174.60455463,
-1174.61153145,
-1174.60195348,
-1174.61848719,
-1174.61861366,
-1174.60931429,
-1174.61292484,
-1174.62197500,
-1174.61539339,
0.00143235,
-0.00343221,
-0.00239439,
0.00355802
0.00138765,
-0.00203708,
-0.00229704,
0.00204347,
0.00245993,
-0.00413546,
0.00260029,
-0.00605785,
0.00094478,
-0.00599984,
0.00479276,
-0.00636705,
0.00209867,
0.00799627,
0.00231903,
0.00290619,
0.01233761,
0.00697967,
-0.00271486,
-0.00863495,
-0.00270513,
-0.00429539,
0.00323779,
-0.00619426,
-0.00627601,
-0.00268139,
-0.00171639,
0.00182944,
0.00403260,
0.00719134,
-0.00059619,
-0.00513699
0.00639495,
-0.00564962,
-0.00601715,
-0.00701940,
-0.00920184,
0.00223882,
-0.00051222,
-0.00940555,
-0.00299640,
0.00447984,
-0.00655307,
-0.00217394,
0.00517204,
0.00967025,
-0.00496521,
0.00168082,
-0.00242738,
0.00198825,
-0.00096662,
-0.00697557,
-0.01080770,
0.00320044,
0.00104828,
0.00324836,
0.00238277,
0.00114503,
0.00022568,
-0.00259517,
0.00044678,
-0.00150893,
0.00011087,
-0.00128351
-0.00114538,
-0.00267007,
0.00812724,
-0.00523131,
0.00167552,
-0.00682906,
0.00847532,
-0.00035817,
-0.00286685,
0.00721229,
0.00261132,
-0.00361549,
0.00225769,
-0.00006697,
-0.00015484,
-0.00044460,
0.00418514,
-0.00690477,
-0.00553887,
-0.00035214,
-0.00611567,
-0.00191895,
-0.00182482,
-0.00697525,
-0.00228190,
0.00256823,
-0.00658916,
0.00455101,
0.00258273,
0.00461376,
0.00082593,
0.00356151
0.00133998,
0.00798688,
-0.00456586,
0.00734151,
-0.00022910,
-0.00013919,
-0.00502280,
-0.00387577,
0.00465827,
-0.00585440,
-0.00261772,
0.00081227,
-0.00542401,
-0.00515612,
-0.00041725,
-0.00032658,
-0.00585968,
0.00673715,
-0.00361206,
0.00163499,
-0.00243256,
-0.00377827,
-0.00082570,
0.00455577,
0.00666122,
-0.00329199,
0.00589911,
0.00313563,
0.00186104,
0.00212739,
-0.00688986,
-0.00665581
