-31.70004322,
-32.13746128,
-32.13788885,
-32.57935322,
-32.57838143,
-33.02481909,
-33.02480508,
-33.47398680,
-33.47477076,
-33.93029075,
-33.92963427,
-34.38964884,
-34.38959186,
-34.85274734,
-34.85344706,
-35.32212274,
-35.32118903,
-35.79412259,
-35.79549602,
-36.27234028,
-36.27271075,
-36.75534584,
-36.75545101,
-37.24253548,
-37.24193601,
-37.73355536,
-37.73370947,
-1221.68805418,
-1221.68943943,
-1221.68839358,
0.00085851,
-0.00015589
-48.01542146,
-48.60746280,
-48.60828525,
-49.20575659,
-49.20546958,
-49.80972150,
-49.81034628,
-50.41693883,
-50.41793554,
-51.03248427,
-51.03167926,
-51.65164667,
-51.65147935,
-52.27636368,
-52.27681271,
-52.90824607,
-52.90836910,
-53.54412579,
-53.54382110,
-54.18580232,
-54.18691920,
-54.83357278,
-54.83333721,
-55.48717170,
-55.48686991,
-56.14572510,
-56.14576621,
-1221.68855166,
-1221.68870123,
-1221.68843523,
0.00004496,
0.00030181
-48.01525751,
-48.60744070,
-48.60809195,
-49.20659356,
-49.20584221,
-49.80867447,
-49.80959638,
-50.41743590,
-50.41823473,
-51.03184839,
-51.03196288,
-51.65244437,
-51.65201951,
-52.27668515,
-52.27672543,
-52.90841686,
-52.90748662,
-53.54372686,
-53.54414186,
-54.18689469,
-54.18640599,
-54.83434667,
-54.83383604,
-55.48696175,
-55.48760689,
-56.14622359,
-56.14509624,
-1221.68904640,
-1221.68856934,
-1221.68893067,
0.00023261,
-0.00010563
-69.79718905,
-70.57661241,
-70.57717232,
-71.36478183,
-71.36413344,
-72.15646291,
-72.15789534,
-72.95679152,
-72.95671094,
-73.76238512,
-73.76338324,
-74.57503061,
-74.57545190,
-75.39504602,
-75.39423367,
-76.21939378,
-76.21933332,
-77.05348658,
-77.05296849,
-77.89208427,
-77.89184898,
-78.73843833,
-78.73847204,
-79.59076467,
-79.59149631,
-80.45056097,
-80.45104887,
-1221.68863905,
-1221.68835853,
-1221.68824445,
-0.00008953,
-0.00007473
-69.79633454,
-70.57758749,
-70.57692073,
-71.36491607,
-71.36449856,
-72.15693675,
-72.15654685,
-72.95620671,
-72.95626479,
-73.76315693,
-73.76301508,
-74.57557062,
-74.57570849,
-75.39465169,
-75.39455194,
-76.22000742,
-76.21974044,
-77.05303665,
-77.05354550,
-77.89204647,
-77.89188522,
-78.73858844,
-78.73844000,
-79.59158224,
-79.59155188,
-80.45039997,
-80.45115011,
-1221.68893664,
-1221.68942831,
-1221.68864854,
-0.00044168,
0.00040358
-98.11993502,
-99.12383647,
-99.12433979,
-100.13312644,
-100.13390240,
-101.15342593,
-101.15205622,
-102.17836074,
-102.17804337,
-103.21164309,
-103.21201025,
-104.25323658,
-104.25392104,
-105.30236315,
-105.30247110,
-106.35925309,
-106.35918186,
-107.42377386,
-107.42397137,
-108.49536233,
-108.49555143,
-109.57622902,
-109.57688699,
-110.66407249,
-110.66408727,
-111.76109328,
-111.76090929,
-1221.68926021,
-1221.68821620,
-1221.68790564,
0.00032178,
-0.00012880
-98.11968371,
-99.12452513,
-99.12461653,
-100.13406093,
-100.13400496,
-101.15284987,
-101.15320209,
-102.17840073,
-102.17748856,
-103.21172515,
-103.21197651,
-104.25292162,
-104.25356569,
-105.30232480,
-105.30193362,
-106.35943035,
-106.35979086,
-107.42366443,
-107.42303615,
-108.49597959,
-108.49520362,
-109.57643754,
-109.57621740,
-110.66462952,
-110.66422257,
-111.76033969,
-111.76113996,
-1221.68812956,
-1221.68830304,
-1221.68852646,
0.00049935,
0.00018456
-134.15550591,
-135.41950095,
-135.41961551,
-136.69398353,
-136.69351466,
-137.97380259,
-137.97365690,
-139.26376720,
-139.26333261,
-140.56324289,
-140.56331723,
-141.87208350,
-141.87194560,
-143.18916997,
-143.18875077,
-144.51515860,
-144.51382006,
-145.85200636,
-145.85072252,
-147.19522645,
-147.19530408,
-148.54940912,
-148.54910792,
-149.91088296,
-149.91089347,
-151.28342027,
-151.28333471,
-1221.68887854,
-1221.68845157,
-1221.68870655,
-0.00044164,
0.00017292
-134.15627068,
-135.41986375,
-135.41932422,
-136.69268376,
-136.69292630,
-137.97380054,
-137.97391913,
-139.26361170,
-139.26393909,
-140.56361903,
-140.56372870,
-141.87204039,
-141.87179839,
-143.18848019,
-143.18926880,
-144.51469184,
-144.51457626,
-145.85079427,
-145.85138596,
-147.19517694,
-147.19490170,
-148.54923633,
-148.54960905,
-149.91150989,
-149.91150413,
-151.28399564,
-151.28323328,
-1221.68979150,
-1221.68853414,
-1221.68839649,
0.00036270,
0.00071539
-179.16659070,
-180.73073995,
-180.73124340,
-182.30725576,
-182.30717818,
-183.89309121,
-183.89293655,
-185.48958237,
-185.49013798,
-187.09650216,
-187.09655785,
-188.71255215,
-188.71221593,
-190.33932162,
-190.34057054,
-191.97783565,
-191.97806052,
-193.62546790,
-193.62472253,
-195.28405066,
-195.28289637,
-196.95247340,
-196.95292246,
-198.63256222,
-198.63173536,
-200.32265228,
-200.32217810,
-1221.68833764,
-1221.68867176,
-1221.68863309,
0.00000454,
0.00019852
-179.16617516,
-180.73170323,
-180.73185355,
-182.30704027,
-182.30675931,
-183.89292151,
-183.89298122,
-185.49008501,
-185.48971109,
-187.09597771,
-187.09616939,
-188.71256308,
-188.71206284,
-190.34044553,
-190.34024151,
-191.97802466,
-191.97850194,
-193.62523356,
-193.62482465,
-195.28355419,
-195.28325695,
-196.95268759,
-196.95299359,
-198.63157593,
-198.63215885,
-200.32237178,
-200.32277738,
-1221.68844139,
-1221.68803858,
-1221.68849265,
0.00013550,
-0.00016939
-234.50744373,
-236.41947544,
-236.41961946,
-238.34135619,
-238.34163559,
-240.27619497,
-240.27586815,
-242.22315126,
-242.22290422,
-244.18087453,
-244.18080953,
-246.15077266,
-246.15163226,
-248.13235946,
-248.13265482,
-250.12521293,
-250.12560830,
-252.13082787,
-252.13125941,
-254.14740281,
-254.14778704,
-256.17752668,
-256.17706648,
-258.21849658,
-258.21865201,
-260.27056094,
-260.27125196,
-1221.68918950,
-1221.68808436,
-1221.68866100,
0.00006727,
0.00026132
-234.50774140,
-236.42037031,
-236.41920979,
-238.34176424,
-238.34242123,
-240.27541278,
-240.27597961,
-242.22289860,
-242.22298352,
-244.17964142,
-244.18036417,
-246.15089759,
-246.15081460,
-248.13313076,
-248.13228591,
-250.12470540,
-250.12466197,
-252.13164659,
-252.13040552,
-254.14721257,
-254.14701014,
-256.17727609,
-256.17726715,
-258.21912364,
-258.21864552,
-260.27014665,
-260.27063785,
-1221.68835832,
-1221.68916242,
-1221.68776261,
0.00047764,
0.00027230
-301.63297102,
-303.93736465,
-303.93774218,
-306.25493665,
-306.25594988,
-308.58440832,
-308.58366453,
-310.92737695,
-310.92878448,
-313.28483589,
-313.28480231,
-315.65649215,
-315.65609583,
-318.03756531,
-318.03808751,
-320.43417739,
-320.43295564,
-322.84445283,
-322.84472165,
-325.26956992,
-325.26919352,
-327.70454877,
-327.70494791,
-330.15454794,
-330.15364290,
-332.61946453,
-332.61946596,
-1221.68828729,
-1221.68889018,
-1221.68897524,
0.00035312,
-0.00029559
-301.63370405,
-303.93791124,
-303.93799213,
-306.25486964,
-306.25580534,
-308.58355317,
-308.58350914,
-310.92812576,
-310.92824791,
-313.28431496,
-313.28482887,
-315.65565861,
-315.65566782,
-318.03807480,
-318.03856829,
-320.43444951,
-320.43454068,
-322.84436303,
-322.84472233,
-325.26905017,
-325.26905158,
-327.70407658,
-327.70391535,
-330.15371982,
-330.15357909,
-332.61851633,
-332.61906162,
-1221.68864564,
-1221.68913239,
-1221.68849999,
-0.00038184,
0.00083383
-382.08781746,
-384.83539538,
-384.83463888,
-387.59691047,
-387.59659438,
-390.37120766,
-390.37091556,
-393.16288018,
-393.16278596,
-395.96880843,
-395.96842155,
-398.78908145,
-398.78935569,
-401.62346160,
-401.62341538,
-404.47482334,
-404.47465460,
-407.33851161,
-407.33875391,
-410.22072537,
-410.22145049,
-413.11577969,
-413.11509753,
-416.02717190,
-416.02627876,
-418.95343344,
-418.95407369,
-1221.68858685,
-1221.68883211,
-1221.68926837,
0.00001382,
0.00002554
-382.08822275,
-384.83522502,
-384.83508585,
-387.59607060,
-387.59633770,
-390.37006501,
-390.37065129,
-393.16305537,
-393.16174917,
-395.96796746,
-395.96856883,
-398.78961122,
-398.78856771,
-401.62360674,
-401.62316935,
-404.47451850,
-404.47489372,
-407.33947415,
-407.33885975,
-410.22170421,
-410.22085121,
-413.11544091,
-413.11472652,
-416.02669045,
-416.02654514,
-418.95359570,
-418.95456404,
-1221.68937336,
-1221.68861264,
-1221.68925734,
-0.00033587,
-0.00068298
-477.51045342,
-480.75426926,
-480.75466637,
-484.01272563,
-484.01268337,
-487.28744032,
-487.28698386,
-490.57778650,
-490.57739675,
-493.88477141,
-493.88483263,
-497.20842608,
-497.20853936,
-500.54890417,
-500.54914656,
-503.90369501,
-503.90512259,
-507.28172664,
-507.28031284,
-510.67233482,
-510.67142903,
-514.08180210,
-514.08118585,
-517.50423999,
-517.50483478,
-520.94800772,
-520.94829436,
-1221.68822861,
-1221.68856077,
-1221.68888585,
-0.00001565,
-0.00014344
-477.51046703,
-480.75426498,
-480.75535951,
-484.01260005,
-484.01195771,
-487.28699216,
-487.28733747,
-490.57672906,
-490.57777600,
-493.88470370,
-493.88468970,
-497.20892188,
-497.20929478,
-500.55042207,
-500.54956321,
-503.90383453,
-503.90410768,
-507.28117890,
-507.28045358,
-510.67154767,
-510.67204555,
-514.08212384,
-514.08196564,
-517.50496786,
-517.50499676,
-520.94908240,
-520.94853974,
-1221.68840088,
-1221.68885527,
-1221.68862522,
0.00001130,
-0.00032114
-589.63724897,
-593.42912932,
-593.43049937,
-597.24307277,
-597.24245380,
-601.06910359,
-601.06996918,
-604.91577845,
-604.91609010,
-608.78457850,
-608.78420450,
-612.66735374,
-612.66765097,
-616.57137314,
-616.57134593,
-620.48881723,
-620.48960814,
-624.43119190,
-624.43168642,
-628.38774138,
-628.38817731,
-632.36861793,
-632.36878091,
-636.36204914,
-636.36232663,
-640.37307098,
-640.37239150,
-1221.68758734,
-1221.68907307,
-1221.68931851,
0.00001619,
-0.00064974
-589.63705025,
-593.42940597,
-593.43039536,
-597.24302789,
-597.24278804,
-601.06867132,
-601.06893171,
-604.91549865,
-604.91701811,
-608.78488800,
-608.78421084,
-612.66711727,
-612.66772486,
-616.57201264,
-616.57141508,
-620.48921754,
-620.48926141,
-624.43158106,
-624.43102052,
-628.38764445,
-628.38824712,
-632.36842393,
-632.36854004,
-636.36253326,
-636.36193545,
-640.37347886,
-640.37343562,
-1221.68851804,
-1221.68800499,
-1221.68946136,
-0.00043964,
-0.00019361
-720.29693516,
-724.69507496,
-724.69593297,
-729.11846455,
-729.11983166,
-733.56355719,
-733.56398327,
-738.02520857,
-738.02521439,
-742.50532108,
-742.50583466,
-747.00875122,
-747.01034227,
-751.53418046,
-751.53377651,
-756.07663110,
-756.07688845,
-760.64268551,
-760.64259405,
-765.22513539,
-765.22564274,
-769.83143139,
-769.83066988,
-774.45526825,
-774.45590161,
-779.10454783,
-779.10482718,
-1221.68932690,
-1221.68896705,
-1221.68813531,
0.00003811,
0.00010814
-720.29713962,
-724.69555610,
-724.69573421,
-729.11898005,
-729.11798857,
-733.56366732,
-733.56292625,
-738.02526661,
-738.02505560,
-742.50637798,
-742.50641118,
-747.01061787,
-747.00905070,
-751.53430057,
-751.53394294,
-756.07646092,
-756.07694777,
-760.64265791,
-760.64185318,
-765.22493671,
-765.22545654,
-769.83093909,
-769.83164589,
-774.45602683,
-774.45592654,
-779.10492918,
-779.10417562,
-1221.68879980,
-1221.68880036,
-1221.68923499,
-0.00012270,
0.00051277
-871.39919224,
-876.47579055,
-876.47613255,
-881.57109672,
-881.57090056,
-886.68716049,
-886.68747952,
-891.83152092,
-891.83124837,
-896.99141902,
-896.99050795,
-902.17152245,
-902.17104120,
-907.38145351,
-907.38165623,
-912.60916424,
-912.60935221,
-917.86208515,
-917.86276092,
-923.13208914,
-923.13231504,
-928.43188615,
-928.43169856,
-933.74889093,
-933.74869877,
-939.09226578,
-939.09166542,
-1221.68891934,
-1221.68823880,
-1221.68847160,
0.00082142,
-0.00068466
-871.39966120,
-876.47565476,
-876.47605062,
-881.57168193,
-881.57075316,
-886.68785648,
-886.68762700,
-891.83193602,
-891.83134163,
-896.99122390,
-896.99032485,
-902.17123268,
-902.17185012,
-907.38111156,
-907.38142478,
-912.60917390,
-912.60928051,
-917.86256064,
-917.86265901,
-923.13184020,
-923.13215197,
-928.43161689,
-928.43161158,
-933.74929784,
-933.74933781,
-939.09280133,
-939.09218651,
-1221.68783346,
-1221.68892707,
-1221.68835894,
-0.00046936,
-0.00011349
-1044.97978589,
-1050.78414660,
-1050.78451594,
-1056.62182862,
-1056.62254213,
-1062.47868028,
-1062.47903245,
-1068.35753756,
-1068.35748426,
-1074.26484128,
-1074.26458536,
-1080.19475918,
-1080.19578685,
-1086.14701769,
-1086.14888318,
-1092.13005978,
-1092.13021766,
-1098.13323759,
-1098.13405247,
-1104.15974291,
-1104.15916241,
-1110.21392516,
-1110.21350612,
-1116.28993923,
-1116.28920563,
-1122.39256620,
-1122.39359426,
-1221.68766805,
-1221.68883749,
-1221.68808868,
0.00042961,
-0.00019596
-1044.98009149,
-1050.78428749,
-1050.78492214,
-1056.62208060,
-1056.62232547,
-1062.47961726,
-1062.47870098,
-1068.35716528,
-1068.35673673,
-1074.26445617,
-1074.26482782,
-1080.19552760,
-1080.19615045,
-1086.14765607,
-1086.14749221,
-1092.13071357,
-1092.13007998,
-1098.13356519,
-1098.13371506,
-1104.15869687,
-1104.15894621,
-1110.21329244,
-1110.21313956,
-1116.28985246,
-1116.29010055,
-1122.39327199,
-1122.39275816,
-1221.68806268,
-1221.68748572,
-1221.68819495,
0.00010302,
-0.00114383
-1221.68888683,
-1221.68914463,
-1221.68799811,
-1221.68903441,
-1221.68878669,
-1221.68785279,
-1221.68743405,
-1221.68859624,
-1221.68875704,
-1221.68882870,
-1221.68854357,
-1221.68900958,
-1221.68862426,
-1221.68862235,
-1221.68847244,
-1221.68901145,
-1221.68815596,
-1221.68844718,
-1221.68835530,
-1221.68919574,
-1221.68945002,
-1221.68818725,
-1221.68884594,
-1221.68832224,
-1221.68858576,
-1221.68831671,
-1221.68860273,
-1221.68787721,
-1221.68792091,
-1221.68888638,
0.00011790,
0.00002499
-1221.68801483,
-1221.68815058,
-1221.68863027,
-1221.68791351,
-1221.68815953,
-1221.68953018,
-1221.68897012,
-1221.68864629,
-1221.68864581,
-1221.68931187,
-1221.68915529,
-1221.68920111,
-1221.68895317,
-1221.68844677,
-1221.68846833,
-1221.68881501,
-1221.68842932,
-1221.68856439,
-1221.68794366,
-1221.68863225,
-1221.68970843,
-1221.68968614,
-1221.68907567,
-1221.68847713,
-1221.68879020,
-1221.68768731,
-1221.68856369,
-1221.68866569,
-1221.68851291,
-1221.68896217,
0.00046117,
0.00089426
-1221.68813876,
-1221.68786511,
-1221.68842555,
-1221.68900495,
-1221.68938212,
-1221.68836619,
-1221.68880386,
-1221.68901361,
-1221.68819348,
-1221.68796528,
-1221.68978360,
-1221.68843900,
-1221.68796002,
-1221.68872834,
-1221.68846540,
-1221.68858863,
-1221.68923678,
-1221.68851949,
-1221.68812443,
-1221.68812759,
-1221.68853847,
-1221.68796562,
-1221.68788260,
-1221.68900905,
-1221.68870956,
-1221.68929811,
-1221.68912430,
-1221.68823465,
-1221.68804004,
-1221.68843685,
-0.00059276,
0.00030346
-0.00009731,
-0.00077442,
0.00027650,
-0.00015137,
-0.00030291,
-0.00001831,
0.00072979,
-0.00012862,
-0.00049547,
-0.00017795,
-0.00026402,
-0.00018060,
0.00051761,
0.00001188,
-0.00005846,
0.00047594,
-0.00024111,
-0.00002190,
0.00007485,
-0.00049795,
-0.00050377,
-0.00040950,
0.00031235,
-0.00011739,
-0.00045025,
-0.00008607,
-0.00035118,
-0.00052028,
0.00000025,
0.00063542,
-0.00116216,
-0.00017245
0.00015572,
0.00081172,
0.00021434,
0.00006809,
0.00059145,
0.00020141,
0.00052050,
-0.00059990,
-0.00035542,
-0.00059279,
0.00038166,
-0.00022527,
-0.00013304,
-0.00025071,
0.00036115,
0.00011468,
0.00025259,
-0.00003122,
-0.00027582,
0.00043989,
-0.00038839,
0.00006506,
-0.00067873,
0.00053668,
0.00002028,
-0.00009300,
0.00006804,
-0.00031377,
0.00033681,
0.00017719,
0.00023233,
-0.00039273
