-16074.00712578,
-16231.76644959,
-16231.79684356,
-16337.62253464,
-16337.58698502,
-16445.75749942,
-16445.85523940,
-16554.50647519,
-16554.52807969,
-16663.72827874,
-16663.77271340,
-16773.53617408,
-16773.51083382,
-16883.91640788
-16883.93453620,
-16994.81407862,
-16994.78803224,
-17106.21430466,
-17106.23745340,
-17218.12405918,
-17218.24719990,
-17330.68911074,
-17330.76839526,
-17443.74878878,
-17443.81869369,
-17557.47087360,
-17557.40376101,
-17368.03595695
-17368.03785263,
-16032.57802259,
-16032.65370432,
-18599.30886901,
-27648.13309638,
-50162.60609859,
-50162.58069031,
-36777.91165537,
-36777.84847871,
-37312.87994867,
-37312.75587269,
-37853.50213820,
-37853.52340406,
-38400.07210849
-38400.05357029,
-38952.40293225,
-38952.54697338,
-39510.86869295,
-39510.83886835,
-40075.17492449,
-40075.22049466,
-40645.59371903,
-40645.56026991,
-41221.87098964,
-41221.85897185,
-41804.49929541,
-41804.50397721,
-42393.04483861
-42393.16322068,
-42987.97024966,
-42987.95623779,
-23587.43884570,
-23587.55234428,
-9216.11598663,
-9216.21983893,
-34632.00191759,
-27648.15460476,
-50162.58680422,
-50162.58507749,
-36777.96321637,
-36777.85620865,
-37312.76543671
-37312.87401378,
-37853.43826156,
-37853.54852329,
-38399.96267542,
-38400.04102629,
-38952.42910482,
-38952.45876144,
-39510.74138591,
-39510.82646873,
-40075.18150583,
-40075.16479323,
-40645.46590827,
-40645.57811218,
-41221.89082568
-41221.94158463,
-41804.46611670,
-41804.37545695,
-42393.17882009,
-42393.14273200,
-42987.95679396,
-42988.08865540,
-23587.45961366,
-23587.49170425,
-9216.15171980,
-9216.14489831,
-34631.92149228,
-67718.58158286,
-121594.91737106
-121594.87879838,
-58863.01422080,
-58862.99480449,
-59658.30771278,
-59658.38621949,
-60461.69291655,
-60461.65247426,
-61273.15993744,
-61273.23114952,
-62092.67300463,
-62092.74269454,
-62920.50933639,
-62920.44410357,
-63756.52166863
-63756.49320686,
-64600.85954075,
-64600.80042111,
-65453.46865365,
-65453.41839415,
-66314.45555250,
-66314.38571241,
-67184.06933910,
-67183.97325862,
-68062.02065995,
-68062.10448117,
-12897.32636705,
-12897.28541548,
-3441.29011265
-3441.42089503,
-81631.51364504,
-67718.70677692,
-121594.87639254,
-121594.84882082,
-58863.08117885,
-58863.01772546,
-59658.33905911,
-59658.35828941,
-60461.70435708,
-60461.68339485,
-61273.15817345,
-61273.14573380,
-62092.73858200
-62092.79008668,
-62920.41627642,
-62920.34416392,
-63756.50941923,
-63756.55071991,
-64600.75013620,
-64600.78651330,
-65453.34808582,
-65453.37073522,
-66314.41635553,
-66314.54099241,
-67183.99218747,
-67184.00108574,
-68062.05322643
-68062.07337523,
-12897.35973494,
-12897.29519257,
-3441.27717934,
-3441.35851253,
-81631.45550419,
-97583.72618421,
-208134.77464882,
-208134.76707890,
-88567.78170593,
-88567.75492090,
-89647.60222572,
-89647.55217478,
-90737.05625756
-90737.18996148,
-91836.71717662,
-91836.53337586,
-92946.07156047,
-92945.99157946,
-94065.41802785,
-94065.40977469,
-95194.85703429,
-95194.98521829,
-96334.60887081,
-96334.62489304,
-97484.46403443,
-97484.47138530,
-98644.54485564
-98644.55452253,
-99814.96008112,
-99814.90285520,
-100995.67379045,
-100995.77837642,
-13549.83182555,
-13549.72177253,
-1947.55298402,
-1947.59360216,
-115765.69696847,
-97583.85834376,
-208134.84206161,
-208134.84379049,
-88567.82554203
