3.25393839,
0.00000007,
3.24519508,
0.00000026,
3.23644098,
-0.00000261,
3.22768339,
-0.00000053,
3.21889345,
-0.00000193,
3.21012787,
0.00000260,
3.20126268,
-0.00000095,
3.19233257,
-0.00000140,
3.18350366,
0.00000008,
3.17451532,
-0.00000144,
3.16556618,
-0.00000066,
3.15665000,
-0.00000191,
3.14761157,
0.00000115,
3.13860897,
0.00000164,
-1.91388704,
-0.00000039,
-1.91389745,
0.00000272,
-0.00000075,
0.00000109,
-0.00000053,
0.00000135,
-0.00000149,
0.00000460,
-0.00000141,
0.00000068,
-0.00000316,
-0.00000080,
-0.00000012,
-0.00000170,
-0.00000422,
0.00000099,
-0.00000325,
-0.00000045,
-0.00000112,
0.00000006,
-0.00000153,
0.00000160,
-0.00000052,
0.00000141,
-0.00000097,
0.00000008,
0.00000209,
0.00000254,
-0.00000056,
0.00000231,
0.00000059,
-0.00000116,
0.00000156,
-0.00000130,
2.96260415,
-0.00000126,
2.95315800,
-0.00000180,
2.94365072,
-0.00000118,
2.93417044,
0.00000127,
2.92459547,
0.00000158,
2.91508527,
-0.00000165,
2.90550734,
0.00000366,
2.89596940,
-0.00000009,
2.88638530,
0.00000275,
2.87675053,
-0.00000053,
2.86709975,
-0.00000017,
2.85746244,
-0.00000051,
2.84781288,
0.00000269,
2.83811517,
-0.00000116,
-1.91389497,
-0.00000102,
-1.91389240,
-0.00000046,
-0.00000048,
-0.00000013,
0.00000055,
0.00000183,
-0.00000085,
0.00000122,
0.00000143,
0.00000206,
0.00000200,
-0.00000042,
0.00000155,
-0.00000187,
0.00000140,
0.00000171,
-0.00000269,
-0.00000206,
0.00000003,
-0.00000044,
-0.00000049,
0.00000162,
-0.00000001,
-0.00000025,
0.00000024,
0.00000077,
0.00000087,
-0.00000079,
-0.00000184,
-0.00000316,
-0.00000040,
0.00000068,
0.00000231,
-0.00000068,
2.65184847,
0.00000138,
2.64198236,
0.00000035,
2.63200455,
-0.00000001,
2.62211711,
-0.00000236,
2.61216582,
-0.00000120,
2.60224799,
0.00000230,
2.59221813,
0.00000121,
2.58229076,
-0.00000164,
2.57229957,
-0.00000078,
2.56237533,
-0.00000244,
2.55234346,
0.00000150,
2.54238099,
0.00000056,
2.53234574,
-0.00000002,
2.52236138,
-0.00000069,
-1.91389375,
0.00000044,
-1.91388615,
-0.00000025,
0.00000084,
-0.00000156,
-0.00000001,
-0.00000216,
0.00000024,
0.00000092,
-0.00000048,
-0.00000059,
-0.00000057,
-0.00000137,
-0.00000139,
0.00000040,
-0.00000018,
0.00000129,
-0.00000034,
0.00000041,
0.00000362,
-0.00000165,
0.00000162,
0.00000026,
-0.00000130,
0.00000216,
-0.00000125,
-0.00000066,
-0.00000105,
0.00000019,
-0.00000151,
-0.00000036,
-0.00000185,
-0.00000032,
-0.00000198,
0.00000038,
2.33145832,
0.00000094,
2.32141123,
0.00000473,
2.31131841,
-0.00000161,
2.30123639,
0.00000250,
2.29120026,
0.00000006,
2.28116112,
-0.00000016,
2.27103275,
-0.00000090,
2.26096648,
-0.00000180,
2.25092978,
0.00000195,
2.24082726,
0.00000232,
2.23078502,
-0.00000085,
2.22074724,
-0.00000054,
2.21064987,
0.00000105,
2.20057894,
-0.00000098,
-1.91389436,
-0.00000040,
-1.91389560,
-0.00000001,
0.00000136,
-0.00000073,
0.00000204,
-0.00000307,
-0.00000101,
-0.00000122,
0.00000326,
-0.00000057,
0.00000100,
0.00000048,
0.00000216,
0.00000158,
0.00000247,
0.00000041,
-0.00000222,
-0.00000016,
-0.00000292,
0.00000040,
-0.00000172,
0.00000075,
0.00000034,
-0.00000013,
0.00000063,
0.00000250,
-0.00000011,
0.00000007,
0.00000104,
0.00000034,
-0.00000096,
-0.00000180,
0.00000078,
-0.00000079,
