0.32413713,
-0.00000001,
0.00000000,
-0.00000001,
0.32401443,
-0.00000001,
-0.00000000,
0.00000000,
0.32388806,
0.00000000,
0.00000001,
0.00000000,
0.32375831,
0.00000000,
0.00000001,
-0.00000001,
0.32362509,
-0.00000000,
-0.00000001,
-0.00000001,
-0.00000001,
0.00000000,
-0.00000000,
-0.00000000,
-0.00000000,
-0.00000000,
0.00000000,
-0.00000001,
0.00000000,
0.00000002,
0.00000000,
-0.00000001,
-0.00000001,
0.00000000,
-0.00000000,
-0.00000000,
0.00000001,
-0.00000001,
-0.00000000,
0.00000001,
-0.00000002,
0.00000002,
-0.00000001,
-0.00000001,
0.00000000,
0.00000001,
0.00000000,
0.00000001,
0.00000001,
-0.00000001,
0.00000001,
-0.00000000,
0.00000001,
0.00000001,
0.00000001,
0.00000001,
-0.00000000,
-0.00000001,
-0.00000000,
0.00000000,
-0.00000001,
-0.00000000,
0.00000001,
-0.00000000,
-0.00000001,
0.00000000,
-0.00000001,
0.00000000,
-0.00000001,
0.00000000,
-0.00000000,
-0.00000001,
0.00000001,
-0.00000000,
-0.00000001,
-0.00000000,
0.00000001,
-0.00000000,
0.00000001,
0.00000002,
0.31849112,
0.00000000,
-0.00000001,
0.00000001,
0.31825803,
0.00000001,
0.00000000,
0.00000000,
0.31802163,
0.00000001,
0.00000000,
0.00000000,
0.31778186,
-0.00000001,
-0.00000000,
0.00000000,
0.31753860,
-0.00000000,
-0.00000000,
0.00000001,
0.00000001,
0.00000001,
-0.00000000,
0.00000000,
-0.00000000,
-0.00000001,
-0.00000000,
0.00000000,
0.00000001,
0.00000001,
0.00000000,
-0.00000000,
0.00000000,
0.00000000,
0.00000001,
0.00000000,
-0.00000001,
0.00000001,
-0.00000002,
-0.00000001,
0.00000000,
-0.00000001,
0.00000001,
-0.00000001,
0.00000000,
-0.00000001,
-0.00000002,
0.00000001,
-0.00000000,
-0.00000000,
-0.00000000,
-0.00000002,
0.00000000,
-0.00000000,
-0.00000001,
0.00000000,
-0.00000001,
-0.00000001,
0.00000000,
0.00000001,
-0.00000002,
-0.00000000,
-0.00000001,
0.00000000,
0.00000001,
-0.00000001,
0.00000001,
-0.00000001,
-0.00000001,
0.00000000,
0.00000001,
-0.00000001,
-0.00000001,
-0.00000000,
-0.00000003,
-0.00000001,
-0.00000000,
0.00000001,
0.00000000,
-0.00000000,
0.30937187,
-0.00000000,
-0.00000001,
0.00000001,
0.30903253,
-0.00000001,
-0.00000000,
0.00000001,
0.30868979,
-0.00000000,
-0.00000000,
0.00000000,
0.30834395,
-0.00000000,
-0.00000001,
-0.00000000,
0.30799482,
0.00000001,
0.00000001,
0.00000001,
0.00000002,
-0.00000001,
0.00000001,
0.00000000,
-0.00000001,
-0.00000000,
-0.00000000,
-0.00000000,
0.00000001,
-0.00000001,
0.00000001,
-0.00000000,
-0.00000000,
0.00000000,
0.00000002,
-0.00000000,
0.00000001,
0.00000001,
0.00000001,
-0.00000000,
-0.00000001,
-0.00000002,
0.00000001,
0.00000001,
0.00000001,
0.00000000,
0.00000001,
-0.00000000,
-0.00000001,
0.00000001,
0.00000002,
-0.00000002,
-0.00000001,
0.00000001,
0.00000000,
-0.00000000,
-0.00000000,
-0.00000002,
-0.00000001,
-0.00000001,
-0.00000000,
0.00000000,
-0.00000000,
-0.00000001,
-0.00000001,
0.00000001,
0.00000001,
-0.00000002,
0.00000002,
-0.00000000,
0.00000001,
-0.00000001,
0.00000000,
-0.00000001,
-0.00000001,
0.00000001,
-0.00000002,
-0.00000001,
0.00000000,
0.00000000,
0.29693370,
-0.00000001,
0.00000000,
0.00000001,
0.29649371,
0.00000001,
-0.00000000,
0.00000000,
0.29605065,
-0.00000001,
-0.00000001,
-0.00000000,
0.29560463,
0.00000002,
-0.00000002,
-0.00000001,
0.29515552,
-0.00000000,
-0.00000001,
-0.00000000,
-0.00000002,
-0.00000001,
0.00000002,
-0.00000001,
-0.00000001,
0.00000001,
-0.00000000,
0.00000001,
0.00000002,
0.00000001,
-0.00000000,
-0.00000003,
0.00000000,
0.00000001,
0.00000001,
0.00000002,
0.00000000,
-0.00000001,
-0.00000001,
-0.00000001,
-0.00000000,
-0.00000001,
0.00000001,
-0.00000000,
-0.00000000,
0.00000000,
0.00000000,
0.00000002,
0.00000000,
0.00000001,
0.00000002,
-0.00000001,
0.00000001,
0.00000001,
-0.00000000,
0.00000001,
-0.00000001,
-0.00000001,
-0.00000000,
0.00000001,
0.00000001,
-0.00000001,
-0.00000000,
-0.00000000,
-0.00000001,
-0.00000001,
0.00000000,
-0.00000001,
-0.00000000,
-0.00000002,
-0.00000000,
-0.00000001,
-0.00000001,
-0.00000000,
0.00000000,
0.00000000,
0.00000000,
0.00000002,
-0.00000001,
0.00000001,
0.28139070,
0.00000000,
-0.00000002,
-0.00000000,
0.28085782,
-0.00000001,
-0.00000000,
0.00000001,
0.28032214,
-0.00000000,
0.00000002,
0.00000001,
0.27978377,
-0.00000001,
-0.00000000,
-0.00000001,
0.27924257,
-0.00000000,
0.00000001,
0.00000002,
-0.00000002,
0.00000002,
0.00000000,
-0.00000001,
0.00000001,
0.00000001,
0.00000002,
0.00000000,
0.00000000,
-0.00000001,
-0.00000001,
0.00000000,
0.00000000,
0.00000000,
-0.00000000,
-0.00000001,
-0.00000001,
-0.00000000,
0.00000001,
-0.00000002,
0.00000000,
0.00000001,
-0.00000002,
0.00000000,
0.00000000,
-0.00000001,
0.00000000,
-0.00000001,
0.00000001,
0.00000001,
-0.00000001,
-0.00000003,
-0.00000001,
0.00000000,
0.00000000,
-0.00000000,
0.00000000,
-0.00000001,
-0.00000000,
0.00000001,
-0.00000001,
-0.00000001,
-0.00000001,
0.00000000,
-0.00000001,
0.00000003,
-0.00000001,
0.00000001,
-0.00000001,
-0.00000001,
0.00000000,
0.00000000,
-0.00000000,
-0.00000000,
0.00000000,
0.00000001,
0.00000001,
0.00000001,
0.00000001,
-0.00000001,
