0.39560119,
-0.00000002,
0.00000001,
-0.00000001,
0.39540188,
0.00000000,
-0.00000001,
-0.00000001,
0.39519656,
0.00000000,
-0.00000001,
0.00000000,
0.39498499,
0.00000000,
0.00000001,
-0.00000001,
0.39476751,
-0.00000000,
0.00000001,
0.00000001,
0.00000001,
0.00000001,
-0.00000001,
-0.00000002,
-0.00000000,
0.00000001,
0.00000001,
-0.00000000,
-0.00000000,
0.00000000,
0.00000001,
-0.00000001,
0.00000001,
0.00000000,
0.00000001,
0.00000001,
0.00000001,
-0.00000000,
-0.00000000,
0.00000000,
0.00000001,
0.00000002,
0.00000001,
0.00000002,
0.00000000,
0.00000001,
-0.00000001,
-0.00000000,
0.00000000,
-0.00000002,
-0.00000000,
0.00000001,
0.00000000,
0.00000001,
0.00000000,
0.00000001,
0.00000000,
0.00000001,
0.00000001,
0.00000002,
0.00000000,
-0.00000001,
0.00000001,
0.00000000,
0.00000000,
-0.00000002,
-0.00000000,
-0.00000000,
0.00000001,
0.00000000,
0.00000001,
0.00000001,
-0.00000000,
-0.00000001,
0.00000001,
0.00000000,
0.00000000,
0.00000000,
0.00000001,
-0.00000001,
0.38622867,
-0.00000000,
-0.00000000,
-0.00000001,
0.38583744,
0.00000001,
-0.00000001,
-0.00000001,
0.38544027,
-0.00000000,
0.00000000,
-0.00000000,
0.38503722,
-0.00000002,
-0.00000001,
0.00000001,
0.38462822,
-0.00000000,
-0.00000000,
0.00000001,
-0.00000001,
0.00000000,
-0.00000001,
-0.00000000,
-0.00000000,
-0.00000003,
-0.00000001,
0.00000000,
-0.00000000,
-0.00000000,
-0.00000001,
0.00000001,
-0.00000002,
-0.00000000,
-0.00000000,
0.00000001,
-0.00000002,
0.00000000,
-0.00000000,
0.00000002,
0.00000001,
-0.00000001,
-0.00000000,
-0.00000001,
-0.00000001,
-0.00000001,
0.00000000,
0.00000002,
0.00000001,
-0.00000001,
0.00000000,
-0.00000001,
0.00000001,
-0.00000000,
-0.00000001,
0.00000001,
-0.00000001,
-0.00000001,
-0.00000001,
0.00000000,
0.00000001,
-0.00000001,
0.00000000,
-0.00000000,
-0.00000000,
-0.00000001,
0.00000000,
-0.00000000,
-0.00000001,
0.00000001,
-0.00000001,
-0.00000000,
-0.00000000,
-0.00000002,
0.00000000,
-0.00000001,
0.00000000,
-0.00000000,
0.00000000,
-0.00000000,
0.37084549,
-0.00000000,
-0.00000001,
0.00000001,
0.37027162,
0.00000001,
0.00000001,
0.00000001,
0.36969224,
-0.00000000,
0.00000002,
0.00000001,
0.36910734,
0.00000000,
-0.00000001,
-0.00000000,
0.36851705,
-0.00000000,
-0.00000000,
0.00000001,
0.00000001,
0.00000000,
0.00000001,
-0.00000000,
-0.00000000,
-0.00000001,
0.00000000,
0.00000000,
-0.00000001,
0.00000000,
0.00000001,
0.00000000,
-0.00000001,
-0.00000002,
0.00000001,
-0.00000000,
-0.00000001,
0.00000000,
-0.00000001,
0.00000000,
0.00000001,
-0.00000001,
0.00000002,
0.00000001,
-0.00000001,
0.00000000,
0.00000001,
0.00000001,
0.00000002,
-0.00000000,
-0.00000001,
0.00000003,
-0.00000000,
-0.00000001,
0.00000001,
-0.00000000,
-0.00000001,
-0.00000002,
0.00000001,
-0.00000001,
0.00000001,
-0.00000002,
0.00000001,
0.00000002,
0.00000001,
-0.00000001,
0.00000001,
-0.00000001,
0.00000000,
-0.00000001,
0.00000000,
0.00000000,
0.00000000,
0.00000001,
-0.00000000,
0.00000000,
-0.00000000,
0.00000000,
-0.00000001,
-0.00000000,
0.34982755,
0.00000001,
-0.00000002,
-0.00000001,
0.34908521,
-0.00000001,
0.00000001,
-0.00000000,
0.34833799,
-0.00000000,
0.00000002,
0.00000001,
0.34758594,
-0.00000001,
0.00000001,
-0.00000001,
0.34682871,
0.00000002,
-0.00000001,
-0.00000001,
0.00000001,
0.00000001,
0.00000000,
0.00000002,
-0.00000000,
0.00000002,
0.00000000,
-0.00000001,
-0.00000001,
0.00000000,
-0.00000001,
-0.00000001,
0.00000001,
-0.00000000,
-0.00000001,
0.00000000,
-0.00000002,
-0.00000000,
-0.00000002,
-0.00000001,
0.00000000,
-0.00000001,
0.00000001,
-0.00000001,
-0.00000000,
-0.00000002,
0.00000002,
0.00000001,
-0.00000001,
-0.00000001,
0.00000001,
-0.00000001,
0.00000000,
-0.00000000,
-0.00000000,
-0.00000001,
0.00000001,
-0.00000002,
0.00000001,
-0.00000000,
0.00000001,
-0.00000001,
-0.00000000,
-0.00000000,
0.00000000,
0.00000000,
-0.00000000,
0.00000001,
0.00000000,
0.00000000,
-0.00000000,
0.00000000,
-0.00000001,
-0.00000000,
0.00000000,
-0.00000000,
-0.00000001,
-0.00000001,
0.00000001,
-0.00000002,
0.32370144,
0.00000000,
0.00000001,
0.00000001,
0.32280958,
0.00000001,
0.00000000,
-0.00000001,
0.32191358,
-0.00000001,
0.00000000,
0.00000001,
0.32101316,
0.00000001,
0.00000000,
0.00000001,
0.32010857,
0.00000001,
0.00000000,
-0.00000000,
-0.00000000,
-0.00000002,
-0.00000001,
0.00000000,
0.00000001,
-0.00000000,
0.00000002,
-0.00000001,
-0.00000001,
-0.00000002,
-0.00000001,
-0.00000000,
0.00000000,
0.00000002,
0.00000000,
0.00000001,
0.00000001,
0.00000003,
-0.00000001,
0.00000001,
-0.00000000,
-0.00000001,
-0.00000000,
-0.00000000,
-0.00000000,
0.00000001,
0.00000003,
0.00000000,
0.00000000,
-0.00000002,
0.00000000,
0.00000001,
0.00000000,
-0.00000000,
-0.00000001,
-0.00000001,
0.00000000,
0.00000001,
0.00000000,
0.00000001,
-0.00000000,
0.00000000,
-0.00000001,
-0.00000001,
0.00000002,
-0.00000001,
-0.00000000,
-0.00000000,
-0.00000001,
-0.00000000,
-0.00000001,
0.00000002,
-0.00000001,
0.00000000,
-0.00000001,
-0.00000000,
-0.00000001,
-0.00000000,
0.00000001,
0.00000000,
