0.00016697,
0.00000001,
0.00000000,
-0.00000001,
0.00016608,
-0.00000000,
-0.00000000,
-0.00000001,
0.00016528,
-0.00000001,
-0.00000000,
0.00000000,
0.00016460,
-0.00000002,
0.00000001,
0.00000001,
0.00016400,
0.00000001,
-0.00000000,
0.00000000,
0.00000001,
-0.00000000,
-0.00000001,
-0.00000000,
-0.00000000,
0.00000001,
0.00000001,
-0.00000000,
0.00000000,
0.00000001,
0.00000000,
-0.00000001,
-0.00000001,
-0.00000002,
0.00000000,
0.00000000,
0.00000000,
-0.00000000,
-0.00000001,
-0.00000001,
-0.00000000,
-0.00000001,
0.00000001,
0.00000001,
-0.00000001,
-0.00000000,
-0.00000000,
-0.00000001,
-0.00000001,
0.00000001,
-0.00000000,
0.00000000,
0.00000000,
-0.00000000,
0.00000001,
0.00000002,
0.00000000,
-0.00000000,
0.00000002,
-0.00000001,
-0.00000000,
0.00000000,
-0.00000001,
-0.00000001,
-0.00000001,
-0.00000002,
-0.00000000,
-0.00000001,
0.00000001,
0.00000001,
0.00000001,
-0.00000001,
-0.00000001,
-0.00000000,
-0.00000001,
0.00000001,
0.00000001,
-0.00000001,
0.00000000,
0.00000001,
0.00018749,
0.00000001,
0.00000001,
0.00000002,
0.00018988,
0.00000001,
0.00000001,
-0.00000001,
0.00019238,
-0.00000001,
-0.00000001,
-0.00000001,
0.00019501,
0.00000001,
0.00000000,
-0.00000000,
0.00019774,
-0.00000001,
-0.00000001,
0.00000001,
-0.00000001,
-0.00000000,
-0.00000000,
-0.00000001,
-0.00000000,
-0.00000000,
-0.00000000,
0.00000001,
-0.00000002,
0.00000000,
0.00000001,
-0.00000001,
0.00000001,
-0.00000002,
0.00000001,
-0.00000000,
0.00000000,
0.00000000,
0.00000001,
0.00000001,
-0.00000000,
0.00000000,
0.00000000,
-0.00000001,
-0.00000000,
0.00000001,
0.00000001,
-0.00000000,
-0.00000001,
-0.00000001,
0.00000002,
0.00000000,
0.00000000,
-0.00000000,
0.00000001,
0.00000001,
-0.00000000,
0.00000001,
-0.00000001,
0.00000001,
-0.00000001,
-0.00000000,
0.00000001,
0.00000001,
-0.00000001,
-0.00000001,
-0.00000001,
-0.00000001,
-0.00000002,
0.00000001,
-0.00000000,
-0.00000001,
-0.00000001,
0.00000000,
0.00000001,
0.00000001,
0.00000001,
-0.00000000,
-0.00000000,
0.00000002,
0.00033596,
0.00000001,
0.00000001,
-0.00000001,
0.00034357,
-0.00000001,
-0.00000001,
-0.00000001,
0.00035143,
-0.00000001,
0.00000000,
-0.00000001,
0.00035949,
0.00000001,
0.00000001,
0.00000000,
0.00036782,
0.00000001,
0.00000000,
0.00000000,
-0.00000000,
0.00000001,
-0.00000000,
0.00000000,
-0.00000000,
0.00000001,
-0.00000001,
0.00000001,
0.00000001,
0.00000001,
-0.00000001,
-0.00000000,
-0.00000001,
-0.00000001,
0.00000002,
-0.00000001,
0.00000003,
0.00000000,
-0.00000002,
-0.00000002,
-0.00000000,
-0.00000000,
-0.00000001,
-0.00000001,
-0.00000000,
0.00000001,
0.00000001,
0.00000000,
0.00000001,
-0.00000000,
0.00000002,
-0.00000003,
-0.00000001,
0.00000001,
-0.00000001,
-0.00000001,
-0.00000001,
0.00000000,
0.00000000,
0.00000000,
-0.00000001,
-0.00000001,
0.00000001,
0.00000001,
0.00000000,
0.00000001,
0.00000000,
-0.00000001,
-0.00000001,
0.00000000,
0.00000001,
0.00000000,
0.00000001,
-0.00000002,
-0.00000000,
-0.00000000,
0.00000001,
0.00000001,
0.00000000,
-0.00000000,
0.00071744,
0.00000000,
-0.00000002,
-0.00000001,
0.00073499,
0.00000000,
-0.00000001,
-0.00000001,
0.00075296,
0.00000001,
0.00000001,
0.00000001,
0.00077134,
0.00000002,
0.00000000,
0.00000001,
0.00079017,
0.00000001,
-0.00000000,
0.00000001,
0.00000002,
-0.00000000,
-0.00000000,
0.00000002,
0.00000000,
-0.00000002,
0.00000001,
-0.00000000,
0.00000001,
-0.00000001,
0.00000001,
-0.00000001,
0.00000000,
0.00000000,
0.00000001,
0.00000001,
-0.00000000,
-0.00000001,
-0.00000000,
-0.00000001,
0.00000000,
0.00000001,
0.00000000,
-0.00000001,
-0.00000000,
0.00000000,
-0.00000000,
-0.00000001,
0.00000003,
-0.00000001,
0.00000000,
-0.00000001,
-0.00000000,
0.00000001,
0.00000000,
-0.00000000,
-0.00000000,
-0.00000002,
-0.00000001,
-0.00000000,
0.00000001,
-0.00000001,
-0.00000000,
0.00000000,
-0.00000000,
0.00000000,
-0.00000000,
0.00000001,
0.00000000,
0.00000001,
-0.00000002,
-0.00000001,
-0.00000001,
-0.00000001,
0.00000001,
-0.00000000,
-0.00000000,
0.00000001,
0.00000000,
0.00000001,
0.00152470,
0.00000000,
0.00000000,
0.00000000,
0.00155958,
0.00000001,
0.00000001,
-0.00000002,
0.00159520,
-0.00000001,
0.00000001,
0.00000000,
0.00163149,
0.00000001,
-0.00000000,
-0.00000000,
0.00166853,
0.00000000,
-0.00000000,
0.00000001,
0.00000001,
0.00000000,
-0.00000001,
0.00000000,
0.00000000,
0.00000001,
-0.00000001,
0.00000001,
-0.00000001,
0.00000000,
0.00000000,
-0.00000002,
0.00000000,
-0.00000000,
0.00000000,
0.00000001,
-0.00000001,
-0.00000001,
-0.00000002,
0.00000000,
-0.00000000,
0.00000002,
0.00000000,
0.00000000,
0.00000000,
0.00000000,
0.00000001,
0.00000001,
0.00000001,
0.00000000,
-0.00000001,
-0.00000000,
-0.00000000,
0.00000001,
-0.00000001,
0.00000000,
0.00000001,
0.00000001,
0.00000001,
-0.00000000,
-0.00000001,
0.00000000,
-0.00000000,
-0.00000000,
0.00000001,
-0.00000002,
-0.00000000,
0.00000000,
-0.00000000,
-0.00000000,
-0.00000000,
0.00000001,
0.00000000,
-0.00000000,
-0.00000002,
-0.00000000,
0.00000000,
-0.00000000,
-0.00000000,
0.00000001,
