0.54043541,
-0.00000000,
0.00000000,
-0.00000002,
0.53920777,
-0.00000000,
-0.00000000,
-0.00000001,
0.53797300,
0.00000000,
0.00000000,
-0.00000001,
0.53673116,
0.00000000,
-0.00000000,
-0.00000000,
0.53548240,
-0.00000003,
0.00000000,
0.00000000,
0.00000001,
-0.00000002,
-0.00000001,
-0.00000001,
0.00000000,
0.00000003,
-0.00000000,
0.00000000,
-0.00000001,
-0.00000001,
-0.00000001,
0.00000000,
-0.00000001,
0.00000001,
-0.00000000,
-0.00000001,
-0.00000002,
0.00000001,
0.00000000,
-0.00000000,
-0.00000001,
-0.00000000,
-0.00000001,
-0.00000001,
0.00000002,
-0.00000000,
0.00000001,
0.00000000,
0.00000001,
0.00000000,
-0.00000001,
0.00000000,
0.00000002,
0.00000000,
-0.00000001,
0.00000001,
0.00000001,
0.00000001,
0.00000001,
0.00000001,
0.00000001,
-0.00000001,
0.00000001,
0.00000001,
-0.00000002,
-0.00000000,
-0.00000000,
-0.00000001,
-0.00000000,
-0.00000002,
-0.00000000,
-0.00000000,
-0.00000001,
0.00000000,
-0.00000001,
0.00000002,
-0.00000000,
0.00000001,
-0.00000000,
0.00000001,
0.49778914,
-0.00000001,
0.00000000,
0.00000001,
0.49635040,
0.00000001,
0.00000002,
0.00000002,
0.49490554,
-0.00000000,
-0.00000001,
0.00000000,
0.49345464,
-0.00000001,
0.00000000,
0.00000000,
0.49199775,
-0.00000001,
0.00000002,
0.00000001,
-0.00000001,
-0.00000001,
0.00000000,
-0.00000001,
-0.00000000,
-0.00000001,
-0.00000001,
0.00000000,
0.00000001,
0.00000001,
0.00000001,
0.00000001,
-0.00000001,
-0.00000002,
-0.00000002,
-0.00000002,
-0.00000000,
0.00000000,
0.00000000,
0.00000001,
0.00000001,
-0.00000000,
0.00000000,
0.00000002,
0.00000000,
-0.00000001,
0.00000000,
0.00000000,
0.00000000,
-0.00000001,
-0.00000001,
0.00000001,
-0.00000001,
0.00000000,
-0.00000002,
-0.00000001,
-0.00000001,
-0.00000002,
-0.00000001,
0.00000000,
0.00000001,
0.00000000,
-0.00000000,
-0.00000001,
0.00000002,
-0.00000001,
0.00000000,
0.00000000,
-0.00000001,
0.00000001,
0.00000000,
0.00000001,
-0.00000000,
-0.00000000,
-0.00000001,
0.00000001,
-0.00000002,
-0.00000000,
-0.00000001,
-0.00000001,
0.44893158,
0.00000002,
0.00000001,
-0.00000000,
0.44731787,
0.00000001,
0.00000001,
0.00000001,
0.44569948,
-0.00000000,
-0.00000000,
-0.00000000,
0.44407622,
0.00000000,
-0.00000001,
-0.00000001,
0.44244824,
0.00000000,
-0.00000001,
-0.00000001,
-0.00000000,
-0.00000002,
-0.00000000,
0.00000001,
-0.00000002,
-0.00000000,
0.00000001,
-0.00000000,
-0.00000000,
0.00000000,
-0.00000002,
0.00000000,
0.00000001,
-0.00000000,
0.00000001,
-0.00000001,
-0.00000000,
0.00000001,
0.00000000,
-0.00000002,
-0.00000000,
0.00000001,
0.00000000,
0.00000000,
-0.00000001,
-0.00000000,
0.00000001,
-0.00000001,
-0.00000001,
-0.00000001,
-0.00000000,
0.00000001,
0.00000000,
0.00000001,
0.00000002,
0.00000001,
0.00000001,
-0.00000001,
0.00000000,
0.00000000,
0.00000001,
-0.00000000,
0.00000000,
0.00000001,
0.00000001,
0.00000000,
0.00000000,
0.00000000,
0.00000000,
-0.00000001,
-0.00000000,
-0.00000000,
-0.00000000,
-0.00000001,
-0.00000000,
0.00000000,
0.00000001,
0.00000000,
0.00000001,
0.00000001,
0.39512559,
-0.00000000,
0.00000002,
-0.00000000,
0.39337986,
-0.00000000,
-0.00000000,
-0.00000000,
0.39163089,
0.00000000,
0.00000000,
0.00000001,
0.38987856,
-0.00000001,
0.00000002,
-0.00000001,
0.38812294,
-0.00000000,
0.00000001,
-0.00000000,
-0.00000002,
-0.00000001,
-0.00000000,
-0.00000001,
0.00000001,
0.00000000,
0.00000001,
0.00000000,
-0.00000000,
-0.00000000,
0.00000000,
0.00000001,
-0.00000000,
-0.00000000,
-0.00000000,
0.00000001,
-0.00000002,
-0.00000001,
0.00000001,
0.00000002,
0.00000002,
0.00000001,
-0.00000000,
0.00000001,
0.00000001,
0.00000001,
0.00000000,
-0.00000000,
0.00000000,
-0.00000002,
-0.00000004,
0.00000001,
0.00000000,
-0.00000001,
0.00000001,
0.00000001,
0.00000000,
0.00000001,
-0.00000000,
-0.00000001,
0.00000000,
0.00000001,
-0.00000000,
0.00000000,
0.00000001,
-0.00000002,
-0.00000000,
-0.00000000,
-0.00000001,
0.00000000,
-0.00000000,
-0.00000001,
-0.00000000,
0.00000000,
0.00000001,
0.00000001,
-0.00000001,
0.00000001,
-0.00000001,
-0.00000000,
0.33784436,
0.00000000,
-0.00000000,
-0.00000001,
0.33601616,
0.00000001,
-0.00000001,
0.00000000,
0.33418620,
-0.00000000,
0.00000000,
0.00000001,
0.33235457,
0.00000001,
-0.00000002,
0.00000000,
0.33052144,
-0.00000000,
0.00000000,
0.00000000,
0.00000001,
-0.00000000,
-0.00000000,
0.00000000,
-0.00000000,
-0.00000000,
-0.00000001,
0.00000001,
-0.00000000,
0.00000001,
0.00000001,
0.00000001,
-0.00000000,
-0.00000002,
0.00000001,
-0.00000001,
-0.00000001,
0.00000001,
-0.00000001,
0.00000000,
-0.00000001,
0.00000002,
-0.00000001,
-0.00000001,
0.00000000,
-0.00000002,
-0.00000001,
-0.00000001,
0.00000001,
-0.00000000,
-0.00000000,
0.00000000,
0.00000001,
0.00000001,
-0.00000001,
-0.00000001,
0.00000001,
0.00000001,
-0.00000000,
0.00000000,
0.00000002,
-0.00000001,
-0.00000001,
0.00000000,
-0.00000000,
0.00000000,
0.00000001,
-0.00000003,
-0.00000000,
0.00000000,
0.00000000,
0.00000001,
0.00000000,
-0.00000002,
-0.00000001,
0.00000001,
0.00000001,
0.00000001,
-0.00000001,
-0.00000000,
