0.00034475,
0.00000000,
-0.00000001,
0.00000000,
0.00034067,
-0.00000002,
-0.00000000,
0.00000000,
0.00033632,
-0.00000000,
0.00000001,
-0.00000000,
0.00033169,
0.00000001,
-0.00000000,
0.00000001,
0.00032681,
0.00000000,
0.00000001,
0.00000001,
0.00000001,
-0.00000000,
-0.00000001,
-0.00000001,
0.00000000,
0.00000001,
-0.00000000,
0.00000000,
0.00000003,
-0.00000001,
0.00000001,
0.00000000,
0.00000000,
0.00000000,
-0.00000001,
-0.00000001,
0.00000001,
-0.00000000,
0.00000000,
0.00000001,
0.00000000,
0.00000001,
-0.00000001,
0.00000000,
-0.00000001,
0.00000001,
0.00000000,
-0.00000001,
-0.00000001,
0.00000001,
-0.00000000,
-0.00000001,
-0.00000001,
-0.00000000,
-0.00000001,
-0.00000001,
-0.00000000,
0.00000000,
0.00000000,
-0.00000001,
-0.00000000,
-0.00000001,
0.00000001,
0.00000001,
0.00000003,
-0.00000002,
-0.00000001,
0.00000000,
-0.00000000,
0.00000000,
-0.00000000,
0.00000000,
-0.00000000,
0.00000001,
0.00000001,
-0.00000001,
0.00000000,
0.00000000,
0.00000001,
0.00000001,
0.00012383,
-0.00000000,
-0.00000000,
0.00000001,
0.00011614,
0.00000000,
-0.00000002,
0.00000001,
0.00010859,
0.00000001,
0.00000001,
-0.00000000,
0.00010120,
0.00000001,
-0.00000000,
0.00000001,
0.00009401,
0.00000000,
-0.00000001,
-0.00000001,
-0.00000000,
-0.00000000,
0.00000000,
0.00000000,
-0.00000000,
0.00000000,
-0.00000001,
-0.00000000,
0.00000000,
-0.00000001,
-0.00000002,
0.00000000,
0.00000001,
0.00000001,
0.00000001,
-0.00000001,
-0.00000001,
-0.00000000,
0.00000001,
-0.00000001,
-0.00000001,
0.00000000,
0.00000000,
0.00000000,
0.00000000,
0.00000001,
0.00000000,
-0.00000000,
0.00000001,
0.00000000,
-0.00000000,
-0.00000000,
-0.00000001,
0.00000001,
0.00000001,
-0.00000001,
0.00000001,
0.00000001,
-0.00000001,
-0.00000001,
0.00000001,
-0.00000000,
0.00000000,
0.00000001,
-0.00000001,
0.00000000,
-0.00000001,
-0.00000003,
-0.00000001,
0.00000001,
0.00000000,
-0.00000001,
0.00000001,
-0.00000001,
-0.00000000,
0.00000000,
-0.00000000,
-0.00000000,
0.00000001,
0.00000000,
0.00006161,
-0.00000001,
-0.00000000,
-0.00000002,
0.00007046,
0.00000001,
0.00000000,
-0.00000000,
0.00008031,
0.00000001,
-0.00000001,
-0.00000001,
0.00009117,
0.00000000,
0.00000000,
-0.00000000,
0.00010313,
-0.00000001,
0.00000000,
-0.00000002,
0.00000001,
-0.00000001,
-0.00000000,
-0.00000000,
-0.00000002,
0.00000001,
0.00000000,
-0.00000001,
-0.00000001,
-0.00000001,
-0.00000000,
-0.00000001,
0.00000000,
-0.00000000,
-0.00000000,
-0.00000001,
-0.00000001,
-0.00000001,
-0.00000000,
0.00000001,
0.00000000,
0.00000000,
-0.00000000,
0.00000001,
0.00000001,
0.00000001,
0.00000001,
0.00000002,
0.00000001,
-0.00000000,
-0.00000001,
-0.00000001,
0.00000001,
-0.00000000,
-0.00000001,
-0.00000000,
0.00000001,
-0.00000001,
-0.00000001,
-0.00000000,
-0.00000001,
0.00000001,
0.00000001,
0.00000001,
0.00000002,
-0.00000000,
-0.00000000,
0.00000000,
-0.00000000,
-0.00000000,
-0.00000002,
-0.00000002,
-0.00000001,
-0.00000002,
0.00000000,
-0.00000001,
-0.00000000,
-0.00000000,
-0.00000000,
-0.00000001,
0.00102306,
-0.00000000,
0.00000002,
0.00000001,
0.00108281,
0.00000002,
-0.00000001,
0.00000001,
0.00114483,
0.00000000,
0.00000000,
0.00000000,
0.00120923,
-0.00000000,
-0.00000000,
0.00000001,
0.00127600,
0.00000001,
-0.00000000,
0.00000001,
-0.00000000,
0.00000000,
-0.00000000,
-0.00000001,
-0.00000001,
0.00000000,
0.00000001,
-0.00000002,
-0.00000001,
0.00000000,
0.00000000,
-0.00000000,
-0.00000001,
0.00000001,
-0.00000000,
-0.00000001,
-0.00000002,
-0.00000002,
-0.00000001,
-0.00000001,
-0.00000001,
-0.00000001,
0.00000002,
-0.00000000,
0.00000000,
-0.00000002,
0.00000002,
0.00000000,
0.00000000,
0.00000000,
0.00000002,
0.00000001,
0.00000001,
-0.00000001,
0.00000001,
-0.00000001,
-0.00000000,
-0.00000000,
0.00000000,
0.00000001,
0.00000002,
0.00000002,
0.00000001,
-0.00000000,
-0.00000001,
0.00000000,
0.00000001,
0.00000000,
0.00000000,
-0.00000001,
0.00000000,
0.00000001,
-0.00000000,
0.00000000,
0.00000001,
0.00000001,
-0.00000001,
0.00000002,
-0.00000001,
-0.00000000,
0.00432812,
-0.00000001,
0.00000001,
0.00000000,
0.00448735,
-0.00000002,
-0.00000000,
0.00000001,
0.00465057,
-0.00000000,
-0.00000000,
0.00000000,
0.00481796,
-0.00000000,
0.00000001,
0.00000001,
0.00498950,
-0.00000000,
0.00000001,
-0.00000000,
-0.00000000,
0.00000000,
0.00000000,
0.00000000,
-0.00000000,
0.00000000,
0.00000001,
0.00000000,
0.00000001,
0.00000001,
0.00000001,
0.00000001,
-0.00000001,
-0.00000001,
0.00000001,
-0.00000001,
-0.00000001,
0.00000001,
-0.00000002,
-0.00000002,
-0.00000001,
0.00000002,
-0.00000000,
0.00000001,
-0.00000000,
0.00000001,
0.00000000,
0.00000000,
0.00000001,
-0.00000001,
-0.00000001,
0.00000000,
0.00000000,
0.00000000,
-0.00000000,
-0.00000000,
0.00000001,
-0.00000001,
-0.00000000,
-0.00000000,
0.00000000,
0.00000001,
-0.00000001,
-0.00000000,
0.00000002,
0.00000001,
-0.00000000,
-0.00000002,
0.00000000,
0.00000001,
-0.00000001,
-0.00000000,
0.00000000,
-0.00000001,
0.00000001,
0.00000000,
0.00000001,
-0.00000001,
0.00000000,
-0.00000001,
