0.31957851,
0.00000000,
-0.00000000,
0.00000000,
0.31970786,
-0.00000000,
-0.00000000,
-0.00000001,
0.31983777,
0.00000001,
-0.00000001,
0.00000000,
0.31996808,
0.00000000,
-0.00000000,
-0.00000001,
0.32009905,
-0.00000001,
0.00000000,
0.00000001,
-0.00000002,
0.00000000,
-0.00000001,
-0.00000001,
0.00000000,
-0.00000001,
0.00000000,
-0.00000000,
0.00000000,
-0.00000001,
0.00000001,
-0.00000000,
0.00000001,
-0.00000001,
-0.00000001,
0.00000001,
0.00000002,
-0.00000000,
-0.00000000,
0.00000001,
-0.00000000,
-0.00000001,
0.00000001,
-0.00000001,
-0.00000002,
0.00000001,
0.00000000,
-0.00000001,
0.00000000,
-0.00000001,
0.00000000,
0.00000001,
-0.00000000,
0.00000000,
-0.00000001,
0.00000001,
0.00000001,
-0.00000001,
-0.00000000,
-0.00000001,
0.00000002,
0.00000001,
0.00000001,
-0.00000000,
0.00000000,
0.00000001,
0.00000001,
0.00000001,
-0.00000001,
0.00000001,
-0.00000000,
0.00000001,
0.00000001,
0.00000001,
-0.00000000,
0.00000000,
0.00000000,
0.00000001,
0.00000001,
-0.00000000,
0.32396609,
-0.00000001,
-0.00000000,
-0.00000001,
0.32411146,
0.00000000,
-0.00000001,
0.00000000,
0.32425739,
-0.00000000,
0.00000000,
0.00000000,
0.32440388,
0.00000001,
-0.00000000,
0.00000000,
0.32455080,
0.00000001,
-0.00000001,
-0.00000000,
-0.00000001,
0.00000001,
0.00000001,
0.00000001,
-0.00000000,
0.00000002,
-0.00000000,
0.00000000,
-0.00000001,
0.00000001,
-0.00000000,
0.00000001,
-0.00000001,
-0.00000002,
0.00000001,
0.00000001,
-0.00000001,
0.00000001,
-0.00000001,
-0.00000001,
0.00000000,
-0.00000001,
0.00000000,
-0.00000000,
0.00000000,
0.00000000,
-0.00000001,
0.00000000,
-0.00000000,
-0.00000002,
-0.00000000,
0.00000002,
-0.00000001,
0.00000001,
-0.00000000,
0.00000001,
0.00000001,
-0.00000000,
0.00000001,
0.00000001,
0.00000000,
0.00000001,
-0.00000001,
0.00000000,
-0.00000001,
-0.00000000,
-0.00000000,
0.00000001,
0.00000000,
0.00000000,
0.00000001,
-0.00000002,
-0.00000001,
-0.00000000,
0.00000001,
0.00000002,
0.00000001,
0.00000001,
0.00000000,
0.00000000,
0.32887136,
0.00000002,
-0.00000000,
0.00000002,
0.32903301,
-0.00000001,
-0.00000000,
0.00000000,
0.32919529,
0.00000000,
0.00000000,
0.00000000,
0.32935807,
0.00000000,
0.00000000,
0.00000001,
0.32952133,
-0.00000000,
-0.00000001,
0.00000001,
-0.00000001,
-0.00000001,
-0.00000001,
0.00000000,
-0.00000000,
0.00000000,
-0.00000001,
-0.00000001,
-0.00000000,
0.00000000,
-0.00000001,
0.00000002,
0.00000000,
-0.00000001,
0.00000000,
0.00000000,
0.00000001,
0.00000001,
0.00000000,
-0.00000000,
-0.00000000,
-0.00000000,
-0.00000001,
-0.00000001,
0.00000000,
-0.00000001,
0.00000000,
-0.00000001,
0.00000001,
0.00000001,
-0.00000001,
0.00000000,
0.00000000,
0.00000001,
-0.00000001,
0.00000001,
0.00000001,
-0.00000000,
0.00000000,
-0.00000000,
-0.00000001,
0.00000000,
0.00000001,
0.00000000,
0.00000000,
0.00000000,
0.00000000,
-0.00000002,
-0.00000001,
0.00000000,
0.00000001,
-0.00000001,
-0.00000001,
0.00000000,
-0.00000000,
-0.00000001,
0.00000000,
-0.00000001,
-0.00000000,
-0.00000000,
0.33430487,
0.00000000,
-0.00000001,
0.00000000,
0.33448331,
-0.00000000,
0.00000000,
0.00000000,
0.33466221,
-0.00000000,
0.00000001,
0.00000001,
0.33484175,
0.00000000,
-0.00000000,
0.00000000,
0.33502179,
0.00000002,
0.00000000,
-0.00000001,
0.00000002,
-0.00000000,
-0.00000002,
0.00000000,
-0.00000001,
-0.00000000,
0.00000000,
-0.00000000,
-0.00000000,
-0.00000001,
-0.00000000,
-0.00000001,
0.00000000,
0.00000001,
-0.00000000,
-0.00000001,
-0.00000000,
0.00000000,
0.00000000,
0.00000000,
-0.00000000,
-0.00000001,
-0.00000001,
0.00000000,
0.00000000,
0.00000000,
-0.00000000,
0.00000000,
-0.00000001,
-0.00000002,
-0.00000000,
-0.00000001,
-0.00000001,
0.00000000,
0.00000001,
-0.00000000,
-0.00000000,
0.00000001,
-0.00000000,
-0.00000001,
-0.00000001,
-0.00000001,
0.00000002,
0.00000001,
-0.00000000,
-0.00000001,
0.00000002,
-0.00000000,
0.00000001,
-0.00000001,
0.00000002,
-0.00000000,
-0.00000000,
0.00000000,
0.00000000,
0.00000000,
0.00000000,
0.00000000,
-0.00000001,
0.00000000,
0.34027887,
0.00000001,
-0.00000000,
0.00000001,
0.34047436,
0.00000001,
-0.00000000,
0.00000000,
0.34067045,
-0.00000001,
-0.00000001,
-0.00000001,
0.34086707,
-0.00000000,
0.00000001,
-0.00000000,
0.34106421,
0.00000000,
-0.00000001,
-0.00000001,
0.00000001,
0.00000001,
0.00000001,
-0.00000000,
0.00000001,
-0.00000001,
-0.00000001,
-0.00000000,
0.00000001,
0.00000000,
0.00000001,
-0.00000000,
-0.00000000,
-0.00000000,
0.00000001,
-0.00000001,
0.00000001,
-0.00000000,
0.00000001,
-0.00000001,
0.00000001,
-0.00000001,
-0.00000001,
0.00000001,
-0.00000000,
-0.00000000,
-0.00000000,
0.00000000,
-0.00000002,
-0.00000001,
0.00000001,
-0.00000001,
0.00000001,
0.00000000,
0.00000001,
-0.00000000,
-0.00000001,
-0.00000000,
0.00000000,
-0.00000001,
-0.00000001,
0.00000000,
0.00000001,
-0.00000002,
-0.00000000,
0.00000001,
-0.00000001,
-0.00000002,
-0.00000001,
-0.00000001,
0.00000000,
0.00000000,
0.00000001,
-0.00000000,
-0.00000002,
0.00000001,
-0.00000001,
-0.00000000,
-0.00000001,
-0.00000001,
