0.84189670,
-0.00000000,
-0.00000000,
-0.00000001,
0.84106401,
0.00000000,
-0.00000000,
-0.00000001,
0.84021645,
0.00000000,
-0.00000000,
-0.00000001,
0.83935424,
-0.00000000,
-0.00000000,
0.00000001,
0.83847736,
-0.00000001,
-0.00000000,
0.00000001,
-0.00000000,
-0.00000000,
-0.00000001,
-0.00000002,
-0.00000000,
-0.00000000,
0.00000001,
0.00000000,
-0.00000000,
-0.00000000,
0.00000000,
0.00000001,
0.00000000,
0.00000001,
0.00000000,
0.00000001,
0.00000001,
0.00000001,
-0.00000000,
0.00000001,
-0.00000000,
-0.00000001,
0.00000000,
-0.00000000,
-0.00000000,
0.00000000,
0.00000001,
-0.00000000,
-0.00000001,
-0.00000001,
0.00000000,
-0.00000001,
-0.00000001,
-0.00000001,
-0.00000001,
0.00000001,
-0.00000000,
0.00000000,
0.00000001,
-0.00000002,
0.00000000,
0.00000000,
0.00000001,
0.00000001,
-0.00000001,
0.00000003,
-0.00000001,
-0.00000000,
0.00000001,
-0.00000002,
0.00000000,
0.00000000,
0.00000001,
-0.00000000,
0.00000000,
-0.00000001,
-0.00000000,
0.00000001,
0.00000001,
-0.00000000,
0.80806971,
-0.00000000,
-0.00000000,
-0.00000001,
0.80677894,
0.00000001,
0.00000001,
-0.00000000,
0.80547435,
0.00000000,
0.00000001,
0.00000001,
0.80415601,
0.00000001,
0.00000000,
-0.00000000,
0.80282399,
0.00000001,
0.00000001,
-0.00000000,
-0.00000001,
-0.00000001,
-0.00000001,
0.00000001,
0.00000001,
0.00000001,
0.00000001,
-0.00000000,
-0.00000000,
-0.00000000,
-0.00000002,
0.00000001,
-0.00000000,
0.00000000,
0.00000000,
0.00000002,
-0.00000001,
0.00000001,
0.00000001,
-0.00000001,
0.00000000,
0.00000001,
0.00000000,
-0.00000000,
-0.00000001,
-0.00000000,
-0.00000001,
0.00000000,
0.00000001,
0.00000000,
0.00000001,
0.00000002,
-0.00000000,
-0.00000000,
0.00000000,
-0.00000001,
0.00000001,
-0.00000001,
0.00000001,
0.00000001,
0.00000001,
0.00000000,
-0.00000001,
-0.00000001,
0.00000001,
-0.00000001,
-0.00000000,
0.00000002,
-0.00000001,
-0.00000000,
-0.00000001,
0.00000002,
0.00000001,
-0.00000002,
-0.00000002,
-0.00000001,
-0.00000000,
0.00000000,
-0.00000001,
0.00000000,
0.76011491,
0.00000002,
0.00000000,
-0.00000000,
0.75840266,
0.00000001,
0.00000000,
-0.00000000,
0.75667779,
0.00000000,
-0.00000000,
-0.00000001,
0.75494056,
0.00000000,
-0.00000000,
-0.00000001,
0.75319100,
-0.00000000,
0.00000000,
0.00000000,
0.00000000,
0.00000000,
-0.00000000,
-0.00000000,
-0.00000001,
0.00000001,
-0.00000001,
-0.00000001,
-0.00000001,
0.00000001,
-0.00000001,
-0.00000000,
0.00000001,
-0.00000001,
0.00000000,
0.00000000,
-0.00000000,
-0.00000000,
-0.00000001,
0.00000000,
0.00000000,
0.00000000,
-0.00000002,
-0.00000001,
0.00000001,
-0.00000001,
0.00000001,
0.00000000,
-0.00000002,
-0.00000001,
-0.00000001,
-0.00000000,
0.00000001,
-0.00000001,
0.00000001,
0.00000000,
0.00000001,
-0.00000001,
0.00000001,
0.00000001,
0.00000001,
0.00000001,
-0.00000001,
0.00000000,
-0.00000000,
0.00000001,
-0.00000000,
0.00000002,
-0.00000001,
0.00000002,
0.00000000,
0.00000001,
-0.00000001,
0.00000001,
0.00000001,
0.00000001,
-0.00000000,
0.00000001,
0.00000000,
-0.00000001,
0.69940846,
0.00000000,
-0.00000000,
0.00000001,
0.69732443,
0.00000000,
-0.00000001,
0.00000000,
0.69522982,
0.00000001,
0.00000000,
0.00000001,
0.69312460,
-0.00000001,
-0.00000001,
0.00000000,
0.69100881,
0.00000001,
-0.00000001,
-0.00000000,
-0.00000002,
-0.00000001,
-0.00000001,
0.00000001,
0.00000000,
0.00000001,
0.00000001,
0.00000000,
0.00000000,
-0.00000001,
-0.00000002,
-0.00000000,
0.00000001,
0.00000001,
0.00000000,
-0.00000001,
0.00000000,
0.00000001,
-0.00000001,
0.00000000,
0.00000001,
-0.00000001,
-0.00000001,
0.00000000,
0.00000001,
-0.00000000,
0.00000001,
-0.00000001,
0.00000001,
0.00000001,
-0.00000001,
0.00000001,
0.00000000,
0.00000001,
0.00000001,
-0.00000000,
0.00000001,
0.00000001,
-0.00000001,
-0.00000000,
-0.00000001,
-0.00000001,
-0.00000001,
0.00000001,
-0.00000001,
-0.00000000,
0.00000001,
0.00000000,
-0.00000000,
0.00000000,
-0.00000000,
-0.00000000,
-0.00000001,
-0.00000001,
0.00000000,
0.00000000,
-0.00000001,
0.00000000,
-0.00000001,
-0.00000001,
0.62775662,
-0.00000000,
-0.00000001,
-0.00000000,
0.62536439,
-0.00000000,
-0.00000001,
0.00000001,
0.62296368,
0.00000001,
0.00000001,
-0.00000001,
0.62055457,
0.00000003,
-0.00000000,
-0.00000000,
0.61813720,
-0.00000001,
0.00000000,
-0.00000001,
-0.00000001,
0.00000001,
0.00000001,
-0.00000001,
-0.00000001,
-0.00000000,
0.00000002,
0.00000001,
-0.00000000,
0.00000001,
0.00000001,
0.00000002,
0.00000000,
0.00000003,
0.00000000,
-0.00000000,
0.00000001,
0.00000002,
0.00000001,
0.00000000,
0.00000001,
0.00000002,
-0.00000002,
-0.00000001,
0.00000000,
0.00000000,
-0.00000001,
0.00000001,
0.00000000,
-0.00000001,
-0.00000001,
-0.00000001,
-0.00000000,
0.00000001,
0.00000001,
0.00000002,
-0.00000001,
0.00000000,
0.00000001,
0.00000001,
0.00000001,
0.00000000,
0.00000000,
-0.00000000,
0.00000002,
0.00000001,
0.00000000,
-0.00000002,
-0.00000001,
0.00000001,
0.00000000,
-0.00000002,
0.00000001,
-0.00000001,
0.00000001,
0.00000000,
-0.00000000,
0.00000000,
0.00000000,
-0.00000000,
