-723.22024194,
-0.00012629,
-727.16508296,
0.00079789,
-731.12577662,
-0.00016842,
-735.10117272,
0.00042876,
-739.09234611,
0.00016322,
-743.10336545,
0.00008160,
-747.12983041,
0.00008962,
-751.17054694,
0.00087938,
-755.22430995,
-0.00018411,
-759.29486616,
-0.00069035,
-763.38417120,
0.00061218,
-767.48531223,
-0.00011678,
-771.60871111,
0.00046613,
-775.74362417,
-0.00019679,
-3341.79463812,
-0.00013586,
-3341.79477297,
-0.00010577,
-0.00020311,
-0.00031346,
-0.00015112,
-0.00085488,
-0.00122747,
0.00044687,
-0.00055361,
0.00018749,
0.00001421,
-0.00026704,
-0.00000372,
0.00010691,
0.00062850,
-0.00033200,
0.00031134,
0.00011513,
-0.00030859,
0.00027372,
0.00041633,
-0.00013064,
0.00078412,
-0.00002012,
-0.00008075,
-0.00024425,
-0.00007249,
-0.00024793,
0.00057931,
-0.00036187,
0.00068674,
0.00065177,
-0.00077907,
-0.00030039,
-857.46284310,
-0.00076091,
-861.92904661,
0.00037283,
-866.41505490,
0.00023466,
-870.91976980,
-0.00062158,
-875.44474651,
-0.00046597,
-879.97783464,
0.00042215,
-884.53292852,
-0.00040274,
-889.10245160,
0.00019921,
-893.69327430,
-0.00038717,
-898.30071618,
-0.00027314,
-902.92051120,
-0.00015446,
-907.56060979,
-0.00052210,
-912.21638313,
-0.00051591,
-916.89870378,
0.00051246,
-3341.79462711,
-0.00078264,
-3341.79433835,
0.00058092,
0.00059028,
0.00017713,
-0.00033579,
-0.00048258,
0.00014081,
-0.00015180,
0.00055656,
0.00016391,
0.00024225,
-0.00039040,
0.00072155,
-0.00041008,
-0.00040341,
0.00000489,
0.00039114,
0.00012684,
0.00018533,
0.00025268,
0.00093032,
-0.00008461,
0.00044639,
0.00067170,
0.00046943,
0.00022792,
0.00004998,
-0.00023796,
0.00050257,
-0.00037887,
0.00033952,
-0.00032353,
0.00038401,
0.00048169,
-1009.13586815,
0.00006618,
-1014.17327121,
0.00076271,
-1019.22862363,
0.00045448,
-1024.30180409,
0.00042330,
-1029.39434367,
-0.00017548,
-1034.50598982,
-0.00009508,
-1039.63153287,
0.00031688,
-1044.77688632,
-0.00009535,
-1049.94108590,
-0.00105113,
-1055.12507793,
-0.00074205,
-1060.33801827,
-0.00032964,
-1065.55776513,
0.00006609,
-1070.80007600,
0.00018948,
-1076.06051328,
-0.00026868,
-3341.79432485,
0.00000314,
-3341.79445615,
-0.00022919,
0.00016037,
0.00013042,
-0.00040170,
0.00002910,
-0.00041251,
-0.00031942,
0.00067247,
-0.00040112,
0.00004274,
0.00035188,
0.00011067,
0.00009604,
-0.00061893,
-0.00037679,
0.00008675,
0.00003504,
0.00024562,
0.00001432,
0.00043598,
0.00048554,
-0.00010635,
-0.00009351,
-0.00016971,
0.00017698,
-0.00038670,
-0.00009540,
-0.00090179,
-0.00004199,
-0.00020960,
0.00008705,
-0.00030473,
0.00016772,
-1179.66786280,
-0.00004094,
-1185.31494340,
-0.00052952,
-1190.99120814,
0.00004034,
-1196.67498962,
-0.00015232,
-1202.37572670,
-0.00050966,
-1208.11214827,
-0.00000098,
-1213.86002150,
-0.00045695,
-1219.62374876,
0.00012545,
-1225.42023851,
0.00032214,
-1231.22811607,
0.00000865,
-1237.04678000,
-0.00000059,
-1242.91094209,
-0.00022463,
-1248.78244672,
-0.00047317,
-1254.66848785,
0.00045628,
-3341.79431458,
0.00031501,
-3341.79393385,
0.00032728,
-0.00036891,
-0.00012355,
0.00026341,
-0.00000532,
0.00058857,
-0.00000450,
0.00026438,
0.00023252,
-0.00031255,
0.00028668,
0.00005278,
0.00039410,
0.00007872,
-0.00010032,
0.00025814,
0.00035343,
0.00048436,
-0.00008080,
0.00061188,
-0.00011000,
0.00009060,
0.00065771,
-0.00056577,
-0.00022450,
0.00035520,
0.00059502,
0.00050050,
-0.00005510,
-0.00057208,
-0.00009545,
0.00038961,
-0.00071395,
