-1915467.76667624,
0.47531444,
-1940778.05206933,
1.05833847,
-1966340.68577026,
0.36107874,
-1992155.29137148,
-0.71345878,
-2018224.33999951,
0.10082865,
-2044548.54829768,
-0.02481669,
-2071130.13720426,
0.45399479,
-2097966.82282293,
0.05443397,
-2125065.82037897,
0.54900665,
-2152424.72629751,
-0.31535035,
-2180049.68659024,
0.86705829,
-2207939.00341011,
-0.23620900,
-2236094.61294308,
0.60736898,
-2264519.05410076,
-0.54090762,
-49600.28114427,
-0.28040881,
-49600.61187399,
0.27246224,
-0.86138753,
-0.08271561,
0.19815631,
-0.25017522,
0.03284610,
0.36505831,
-0.09034404,
-0.33694416,
0.29525086,
-0.65171850,
-0.00464194,
0.21366123,
-0.02205336,
-0.26723599,
0.42249319,
-0.05445603,
-0.61263045,
-0.06980404,
-0.12442580,
-0.22379933,
0.04606951,
0.21594631,
0.00550026,
0.75980350,
0.04471192,
-0.63551292,
-1.03899118,
0.00338399,
0.41271859,
-0.28186424,
0.65240273,
0.16510233,
-2857897.25230482,
0.09383361,
-2892056.53819264,
-0.63164986,
-2926522.37625868,
0.81028768,
-2961295.75194791,
0.03797502,
-2996377.89115283,
0.03601254,
-3031768.49720866,
1.01792618,
-3067472.96123374,
0.15902594,
-3103497.17604690,
0.04058813,
-3139830.77405870,
-0.70537896,
-3176483.63192314,
0.01695681,
-3213454.49801845,
-0.10610313,
-3250752.17214348,
0.13483849,
-3288372.07448460,
0.33490694,
-3326318.37612203,
0.18949200,
-49600.06906118,
-1.48942214,
-49600.20667966,
0.70873085,
0.14132942,
0.78692303,
0.78170824,
0.04667040,
0.02850474,
0.01176556,
-0.70685920,
0.26174218,
0.09491308,
0.22738275,
0.71161561,
-0.73466689,
-0.75727628,
-0.27046786,
0.34072007,
0.25918962,
-0.17093020,
-0.58342026,
0.71783292,
-0.04770343,
-0.41920809,
0.42129745,
-0.28882048,
0.01028576,
-0.56908261,
-0.30373788,
0.35422764,
-0.11306693,
-0.04389197,
-0.36441282,
0.82747171,
0.19442931,
-4111691.02089331,
-0.30384752,
-4156550.41296280,
-0.29715070,
-4201775.86248867,
-0.24968294,
-4247372.08508229,
-0.46138050,
-4293339.08279042,
-0.08205619,
-4339673.43790292,
-0.16167114,
-4386384.39799407,
0.13229936,
-4433468.34439993,
0.05856032,
-4480934.78697133,
0.18542499,
-4528783.94686359,
-0.24680076,
-4577011.88856437,
0.87691044,
-4625620.36716807,
-0.18699838,
-4674619.81426024,
1.31641348,
-4724007.48552295,
0.21776659,
-49600.34105047,
0.43534795,
-49600.05070985,
1.09307139,
0.40235988,
0.63882759,
0.43221529,
-0.33090210,
-0.13189725,
-0.21365068,
0.84600415,
0.09414629,
-0.44393961,
-0.30940812,
-0.71699803,
-0.53818119,
0.62014455,
-0.08846616,
-0.12598779,
0.17710000,
-0.90049427,
-0.36475408,
0.45908338,
-0.19358610,
-0.67820662,
0.37480103,
0.59835139,
0.19181123,
0.61333814,
0.10183742,
-0.53773834,
-0.23757370,
0.57835559,
-0.44164533,
-0.40616052,
-0.18369885,
-5738891.61856065,
0.92833262,
-5796484.48072346,
0.64619271,
-5854506.60727987,
1.10176979,
-5912959.65456927,
-0.26850238,
-5971859.81216275,
-0.49865724,
-6031194.35492970,
-0.47712771,
-6090966.07372186,
-0.18032698,
-6151181.85620818,
-0.94218294,
-6211847.38066806,
0.07160223,
-6272955.75615002,
-0.18147751,
-6334519.81255035,
0.21079709,
-6396537.11480046,
0.05103413,
-6459001.32118845,
-0.12704632,
-6521922.86552327,
0.58238279,
-49599.98766834,
-0.04667040,
-49599.91152665,
0.26338077,
0.59217964,
1.15589174,
0.65645290,
-0.09880067,
0.15774729,
0.28626315,
-0.05932387,
-0.32006137,
-0.14878941,
-0.11329881,
-0.43911480,
0.08878337,
-1.19911342,
0.02149000,
-0.30000321,
-0.35986845,
0.27392780,
-0.13700935,
0.49209175,
-0.80845875,
-0.01499994,
-0.40337111,
-0.39633013,
-0.07852067,
-0.39510835,
0.08051386,
0.78726614,
0.63354247,
-0.45059308,
-0.30277589,
0.30254973,
0.02318009,
