0.20050930,
0.00000001,
-0.00000002,
0.00000001,
0.20074581,
0.00000001,
0.00000000,
0.00000000,
0.20098417,
-0.00000000,
-0.00000001,
-0.00000000,
0.20122435,
0.00000000,
0.00000001,
0.00000001,
0.20146642,
-0.00000001,
0.00000000,
-0.00000001,
0.00000000,
-0.00000001,
-0.00000001,
-0.00000000,
-0.00000001,
-0.00000002,
0.00000000,
0.00000001,
-0.00000000,
-0.00000001,
-0.00000001,
0.00000000,
0.00000002,
0.00000000,
0.00000002,
-0.00000000,
-0.00000001,
-0.00000000,
-0.00000000,
-0.00000002,
-0.00000001,
0.00000000,
-0.00000000,
-0.00000000,
0.00000001,
0.00000001,
0.00000001,
-0.00000000,
-0.00000000,
-0.00000001,
-0.00000001,
0.00000001,
0.00000000,
0.00000000,
-0.00000002,
0.00000000,
0.00000001,
-0.00000002,
-0.00000000,
0.00000001,
0.00000001,
-0.00000000,
-0.00000000,
-0.00000000,
0.00000001,
-0.00000000,
-0.00000002,
0.00000000,
0.00000001,
-0.00000001,
-0.00000001,
-0.00000001,
0.00000001,
0.00000001,
0.00000002,
-0.00000000,
0.00000000,
-0.00000001,
-0.00000000,
-0.00000001,
0.20901503,
-0.00000003,
0.00000001,
-0.00000000,
0.20931257,
0.00000001,
-0.00000002,
-0.00000001,
0.20961213,
-0.00000000,
0.00000000,
-0.00000000,
0.20991365,
-0.00000001,
0.00000000,
0.00000001,
0.21021720,
0.00000001,
-0.00000001,
0.00000000,
0.00000000,
0.00000000,
-0.00000000,
-0.00000000,
-0.00000000,
-0.00000000,
-0.00000000,
0.00000001,
-0.00000000,
-0.00000000,
0.00000002,
-0.00000000,
0.00000000,
0.00000000,
-0.00000001,
-0.00000001,
-0.00000001,
-0.00000000,
0.00000002,
-0.00000001,
-0.00000000,
-0.00000001,
-0.00000000,
-0.00000000,
-0.00000001,
-0.00000001,
-0.00000000,
0.00000000,
-0.00000000,
0.00000000,
0.00000000,
-0.00000002,
-0.00000000,
-0.00000000,
-0.00000001,
-0.00000001,
-0.00000000,
-0.00000000,
-0.00000000,
0.00000000,
0.00000000,
0.00000001,
-0.00000001,
0.00000001,
0.00000001,
-0.00000000,
-0.00000001,
-0.00000001,
-0.00000002,
0.00000000,
-0.00000001,
0.00000000,
0.00000001,
0.00000001,
0.00000000,
-0.00000000,
-0.00000001,
-0.00000000,
-0.00000001,
0.00000001,
0.21953371,
0.00000000,
0.00000000,
-0.00000001,
0.21989636,
-0.00000000,
-0.00000001,
-0.00000000,
0.22026095,
0.00000000,
0.00000000,
-0.00000001,
0.22062766,
-0.00000002,
-0.00000001,
-0.00000000,
0.22099654,
0.00000001,
0.00000000,
0.00000002,
-0.00000002,
0.00000000,
-0.00000000,
0.00000001,
0.00000000,
-0.00000002,
0.00000001,
0.00000000,
-0.00000002,
-0.00000001,
-0.00000001,
0.00000000,
0.00000000,
-0.00000001,
0.00000000,
0.00000000,
0.00000001,
-0.00000001,
0.00000001,
-0.00000000,
0.00000000,
0.00000001,
-0.00000000,
-0.00000000,
-0.00000001,
-0.00000001,
0.00000001,
-0.00000000,
0.00000001,
-0.00000000,
0.00000002,
-0.00000000,
0.00000001,
-0.00000000,
-0.00000002,
0.00000000,
-0.00000001,
-0.00000001,
-0.00000001,
-0.00000000,
0.00000001,
-0.00000000,
0.00000001,
-0.00000001,
-0.00000000,
0.00000001,
-0.00000002,
0.00000000,
-0.00000000,
0.00000000,
-0.00000002,
0.00000001,
-0.00000001,
-0.00000000,
0.00000000,
-0.00000002,
0.00000001,
-0.00000001,
0.00000001,
0.00000001,
0.23219951,
-0.00000000,
0.00000000,
-0.00000000,
0.23263150,
-0.00000000,
0.00000000,
-0.00000001,
0.23306586,
0.00000001,
0.00000001,
0.00000000,
0.23350241,
0.00000000,
0.00000001,
0.00000000,
0.23394120,
0.00000001,
-0.00000000,
-0.00000000,
0.00000001,
-0.00000002,
0.00000001,
0.00000002,
0.00000000,
0.00000001,
0.00000000,
0.00000001,
-0.00000001,
0.00000001,
-0.00000000,
0.00000000,
0.00000001,
-0.00000001,
-0.00000000,
-0.00000000,
0.00000001,
-0.00000000,
0.00000000,
-0.00000001,
0.00000001,
-0.00000001,
-0.00000001,
-0.00000001,
-0.00000000,
-0.00000001,
0.00000001,
0.00000001,
-0.00000001,
0.00000000,
-0.00000000,
-0.00000000,
0.00000001,
0.00000000,
0.00000002,
-0.00000001,
-0.00000001,
0.00000002,
0.00000001,
-0.00000001,
-0.00000001,
-0.00000000,
0.00000001,
-0.00000001,
-0.00000000,
-0.00000001,
0.00000000,
-0.00000001,
-0.00000000,
-0.00000000,
0.00000000,
-0.00000001,
-0.00000000,
0.00000001,
-0.00000000,
0.00000002,
-0.00000001,
0.00000001,
-0.00000000,
-0.00000000,
0.24716911,
0.00000001,
-0.00000000,
-0.00000000,
0.24767598,
-0.00000001,
0.00000001,
0.00000001,
0.24818516,
0.00000001,
-0.00000002,
-0.00000001,
0.24869698,
0.00000000,
0.00000000,
0.00000000,
0.24921108,
-0.00000002,
0.00000001,
-0.00000000,
0.00000000,
0.00000001,
0.00000001,
0.00000001,
-0.00000001,
0.00000001,
0.00000001,
0.00000000,
-0.00000000,
-0.00000000,
0.00000000,
-0.00000001,
-0.00000001,
0.00000001,
0.00000001,
-0.00000000,
0.00000000,
-0.00000001,
0.00000000,
0.00000002,
-0.00000001,
0.00000000,
-0.00000001,
0.00000000,
0.00000000,
0.00000001,
-0.00000002,
0.00000001,
-0.00000000,
0.00000002,
-0.00000001,
-0.00000002,
-0.00000001,
-0.00000001,
0.00000000,
0.00000002,
0.00000000,
0.00000000,
0.00000001,
0.00000000,
0.00000001,
-0.00000001,
0.00000000,
0.00000001,
-0.00000001,
0.00000001,
0.00000001,
-0.00000000,
-0.00000000,
-0.00000002,
0.00000001,
-0.00000001,
0.00000001,
0.00000000,
0.00000000,
0.00000000,
-0.00000000,
0.00000001,
-0.00000002,
-0.00000000,
