0.03570895,
0.00000000,
-0.00000001,
0.00000000,
0.03551732,
0.00000002,
-0.00000000,
-0.00000000,
0.03532441,
-0.00000000,
-0.00000000,
-0.00000000,
0.03513021,
0.00000001,
-0.00000001,
-0.00000002,
0.03493481,
0.00000000,
0.00000001,
0.00000002,
0.00000000,
0.00000001,
0.00000001,
0.00000000,
0.00000000,
-0.00000002,
0.00000001,
0.00000002,
-0.00000001,
0.00000000,
-0.00000001,
-0.00000001,
-0.00000000,
-0.00000000,
0.00000001,
0.00000000,
-0.00000000,
-0.00000000,
-0.00000001,
0.00000001,
0.00000001,
-0.00000000,
0.00000001,
-0.00000000,
0.00000001,
0.00000001,
-0.00000001,
0.00000001,
0.00000001,
-0.00000001,
-0.00000000,
-0.00000000,
0.00000000,
-0.00000001,
-0.00000001,
-0.00000000,
0.00000001,
-0.00000000,
-0.00000000,
-0.00000000,
0.00000000,
-0.00000001,
-0.00000000,
-0.00000001,
-0.00000001,
0.00000001,
0.00000001,
0.00000000,
0.00000001,
-0.00000002,
0.00000002,
0.00000001,
0.00000000,
-0.00000000,
-0.00000002,
-0.00000000,
-0.00000001,
0.00000001,
0.00000000,
-0.00000000,
0.02902101,
-0.00000000,
-0.00000000,
-0.00000000,
0.02879648,
-0.00000000,
0.00000001,
0.00000002,
0.02857124,
-0.00000001,
-0.00000000,
-0.00000001,
0.02834524,
0.00000002,
0.00000000,
-0.00000000,
0.02811859,
-0.00000000,
-0.00000001,
0.00000000,
0.00000001,
0.00000000,
-0.00000002,
0.00000000,
-0.00000000,
-0.00000001,
0.00000001,
0.00000001,
-0.00000001,
-0.00000001,
-0.00000000,
0.00000000,
-0.00000001,
0.00000002,
0.00000001,
0.00000001,
0.00000001,
0.00000001,
0.00000001,
0.00000001,
0.00000000,
0.00000000,
-0.00000000,
0.00000002,
-0.00000001,
0.00000001,
0.00000001,
-0.00000001,
0.00000000,
-0.00000000,
0.00000001,
-0.00000001,
-0.00000000,
-0.00000001,
-0.00000000,
0.00000002,
-0.00000002,
0.00000000,
-0.00000001,
-0.00000001,
-0.00000000,
-0.00000001,
-0.00000001,
0.00000002,
-0.00000001,
0.00000001,
0.00000001,
-0.00000002,
-0.00000001,
0.00000001,
0.00000000,
-0.00000000,
0.00000001,
-0.00000001,
-0.00000001,
0.00000000,
0.00000001,
-0.00000001,
-0.00000001,
-0.00000001,
0.02157048,
0.00000000,
0.00000001,
-0.00000000,
0.02133254,
-0.00000002,
0.00000001,
0.00000000,
0.02109455,
0.00000000,
-0.00000001,
-0.00000000,
0.02085652,
0.00000000,
0.00000001,
-0.00000000,
0.02061849,
0.00000001,
0.00000002,
0.00000001,
-0.00000001,
0.00000000,
0.00000000,
0.00000001,
0.00000001,
-0.00000001,
0.00000001,
-0.00000001,
-0.00000003,
0.00000001,
0.00000000,
0.00000002,
0.00000000,
-0.00000001,
0.00000001,
-0.00000000,
0.00000000,
-0.00000000,
0.00000001,
0.00000000,
0.00000001,
-0.00000000,
0.00000001,
-0.00000000,
-0.00000001,
-0.00000000,
0.00000001,
0.00000001,
0.00000000,
0.00000000,
0.00000001,
0.00000002,
0.00000000,
-0.00000001,
0.00000001,
-0.00000000,
0.00000000,
0.00000001,
-0.00000001,
-0.00000000,
-0.00000001,
0.00000000,
-0.00000001,
-0.00000000,
-0.00000001,
-0.00000001,
-0.00000002,
0.00000001,
0.00000000,
-0.00000001,
-0.00000001,
0.00000002,
0.00000000,
-0.00000000,
0.00000000,
0.00000001,
0.00000000,
-0.00000001,
-0.00000001,
0.00000000,
0.01404947,
0.00000002,
-0.00000001,
0.00000000,
0.01382199,
0.00000000,
-0.00000001,
0.00000001,
0.01359535,
-0.00000000,
-0.00000001,
0.00000001,
0.01336948,
-0.00000001,
0.00000000,
-0.00000001,
0.01314443,
-0.00000001,
0.00000000,
0.00000001,
-0.00000001,
0.00000000,
-0.00000001,
0.00000000,
-0.00000001,
0.00000000,
0.00000001,
0.00000002,
-0.00000000,
0.00000000,
0.00000001,
0.00000000,
0.00000001,
0.00000000,
-0.00000000,
0.00000000,
0.00000002,
-0.00000001,
0.00000002,
-0.00000001,
0.00000001,
-0.00000002,
-0.00000000,
0.00000000,
0.00000001,
-0.00000000,
-0.00000001,
-0.00000000,
0.00000001,
-0.00000000,
-0.00000001,
-0.00000001,
-0.00000001,
-0.00000000,
-0.00000000,
0.00000000,
0.00000002,
0.00000000,
0.00000000,
0.00000001,
-0.00000000,
-0.00000001,
-0.00000001,
-0.00000001,
-0.00000001,
-0.00000000,
-0.00000001,
0.00000000,
-0.00000001,
0.00000001,
0.00000001,
0.00000001,
-0.00000001,
0.00000001,
-0.00000000,
-0.00000001,
-0.00000001,
0.00000001,
0.00000002,
-0.00000000,
0.00729387,
-0.00000000,
0.00000001,
0.00000001,
0.00710541,
0.00000001,
0.00000001,
0.00000001,
0.00691864,
0.00000001,
-0.00000002,
0.00000000,
0.00673366,
-0.00000001,
-0.00000000,
-0.00000000,
0.00655048,
0.00000001,
0.00000001,
0.00000001,
-0.00000001,
-0.00000000,
0.00000000,
-0.00000000,
0.00000000,
-0.00000000,
-0.00000001,
-0.00000001,
0.00000001,
-0.00000003,
0.00000001,
-0.00000001,
-0.00000001,
0.00000001,
0.00000001,
-0.00000001,
-0.00000001,
-0.00000001,
-0.00000000,
0.00000001,
-0.00000001,
-0.00000001,
-0.00000000,
-0.00000000,
0.00000000,
-0.00000001,
0.00000000,
0.00000000,
-0.00000000,
-0.00000001,
-0.00000000,
0.00000002,
-0.00000000,
-0.00000001,
-0.00000000,
0.00000001,
0.00000000,
-0.00000000,
0.00000000,
0.00000002,
0.00000001,
0.00000001,
0.00000000,
-0.00000001,
0.00000002,
-0.00000002,
0.00000000,
0.00000000,
0.00000000,
-0.00000001,
0.00000000,
0.00000001,
0.00000000,
0.00000001,
-0.00000001,
0.00000001,
-0.00000001,
-0.00000000,
-0.00000000,
0.00000002,
