0.28267151,
-0.00000000,
0.00000000,
-0.00000001,
0.28341218,
-0.00000001,
0.00000000,
0.00000001,
0.28415428,
-0.00000001,
0.00000001,
0.00000001,
0.28489768,
-0.00000000,
0.00000001,
-0.00000000,
0.28564230,
0.00000000,
-0.00000000,
0.00000000,
0.00000000,
0.00000001,
-0.00000000,
-0.00000002,
0.00000000,
0.00000001,
-0.00000001,
0.00000000,
0.00000000,
0.00000000,
0.00000001,
0.00000000,
0.00000000,
-0.00000000,
-0.00000002,
0.00000000,
0.00000001,
-0.00000001,
-0.00000000,
0.00000000,
-0.00000001,
-0.00000000,
-0.00000000,
0.00000001,
-0.00000000,
0.00000000,
-0.00000000,
0.00000001,
-0.00000000,
-0.00000000,
0.00000002,
-0.00000001,
-0.00000000,
-0.00000000,
0.00000001,
0.00000000,
-0.00000000,
0.00000002,
-0.00000000,
-0.00000001,
0.00000000,
0.00000000,
0.00000000,
-0.00000000,
0.00000000,
-0.00000000,
-0.00000001,
-0.00000000,
-0.00000001,
0.00000000,
-0.00000001,
0.00000000,
0.00000000,
0.00000000,
-0.00000000,
0.00000001,
-0.00000000,
-0.00000000,
-0.00000001,
-0.00000000,
0.30704387,
-0.00000002,
0.00000000,
0.00000000,
0.30782801,
-0.00000000,
0.00000001,
0.00000002,
0.30861355,
0.00000001,
-0.00000001,
0.00000002,
0.30940045,
-0.00000001,
0.00000000,
-0.00000000,
0.31018878,
-0.00000001,
0.00000000,
-0.00000001,
0.00000001,
-0.00000000,
-0.00000001,
-0.00000000,
0.00000000,
0.00000001,
-0.00000001,
-0.00000000,
0.00000000,
0.00000000,
0.00000000,
0.00000000,
0.00000000,
0.00000001,
0.00000001,
0.00000000,
0.00000001,
-0.00000001,
-0.00000000,
-0.00000000,
0.00000000,
-0.00000000,
-0.00000000,
0.00000001,
-0.00000000,
0.00000001,
-0.00000000,
0.00000001,
-0.00000000,
-0.00000000,
0.00000001,
-0.00000002,
-0.00000000,
-0.00000001,
-0.00000002,
-0.00000000,
-0.00000000,
0.00000002,
0.00000000,
-0.00000000,
0.00000001,
0.00000000,
-0.00000001,
0.00000001,
-0.00000000,
0.00000001,
-0.00000001,
-0.00000002,
-0.00000001,
-0.00000001,
-0.00000003,
-0.00000002,
-0.00000000,
0.00000002,
-0.00000001,
-0.00000001,
0.00000000,
-0.00000000,
0.00000000,
-0.00000000,
0.33283182,
-0.00000001,
-0.00000000,
-0.00000000,
0.33366111,
-0.00000003,
-0.00000001,
-0.00000001,
0.33449167,
0.00000000,
-0.00000002,
0.00000001,
0.33532370,
0.00000000,
0.00000001,
-0.00000000,
0.33615725,
-0.00000001,
-0.00000000,
-0.00000001,
-0.00000000,
0.00000000,
-0.00000000,
0.00000000,
-0.00000001,
0.00000001,
-0.00000001,
0.00000002,
-0.00000000,
-0.00000001,
0.00000000,
0.00000000,
0.00000000,
0.00000001,
-0.00000001,
0.00000001,
-0.00000000,
0.00000000,
-0.00000001,
0.00000001,
-0.00000000,
0.00000001,
-0.00000000,
-0.00000000,
-0.00000001,
-0.00000001,
-0.00000002,
-0.00000001,
-0.00000001,
-0.00000001,
-0.00000000,
0.00000001,
-0.00000003,
0.00000002,
-0.00000001,
0.00000001,
-0.00000000,
0.00000000,
0.00000000,
-0.00000001,
-0.00000000,
0.00000000,
0.00000002,
0.00000000,
-0.00000001,
0.00000003,
-0.00000003,
0.00000000,
0.00000001,
0.00000001,
-0.00000001,
-0.00000001,
0.00000000,
-0.00000000,
0.00000000,
0.00000000,
0.00000001,
0.00000001,
-0.00000000,
0.00000002,
0.36008417,
-0.00000001,
-0.00000001,
0.00000002,
0.36095983,
-0.00000000,
-0.00000001,
0.00000000,
0.36183726,
-0.00000001,
-0.00000000,
-0.00000001,
0.36271598,
-0.00000002,
-0.00000000,
0.00000000,
0.36359616,
-0.00000000,
-0.00000001,
-0.00000001,
0.00000000,
0.00000002,
-0.00000000,
-0.00000001,
0.00000001,
-0.00000001,
-0.00000002,
0.00000000,
0.00000001,
0.00000001,
0.00000002,
0.00000000,
0.00000000,
-0.00000001,
0.00000002,
-0.00000000,
-0.00000001,
0.00000002,
0.00000001,
-0.00000000,
0.00000000,
-0.00000000,
-0.00000001,
0.00000000,
0.00000000,
0.00000000,
-0.00000001,
0.00000001,
-0.00000000,
-0.00000001,
-0.00000000,
-0.00000000,
0.00000000,
-0.00000001,
0.00000001,
0.00000001,
-0.00000001,
-0.00000002,
-0.00000002,
-0.00000002,
-0.00000000,
0.00000000,
0.00000000,
-0.00000000,
-0.00000001,
0.00000001,
0.00000001,
-0.00000000,
-0.00000001,
0.00000001,
0.00000001,
-0.00000001,
0.00000000,
0.00000001,
0.00000000,
0.00000001,
-0.00000000,
-0.00000001,
0.00000000,
0.00000000,
0.38885003,
-0.00000000,
-0.00000000,
-0.00000002,
0.38977381,
0.00000000,
-0.00000002,
0.00000000,
0.39069911,
0.00000001,
-0.00000003,
-0.00000001,
0.39162614,
0.00000001,
0.00000001,
0.00000000,
0.39255455,
-0.00000001,
0.00000000,
-0.00000000,
0.00000001,
-0.00000000,
0.00000001,
-0.00000000,
0.00000000,
-0.00000002,
-0.00000000,
-0.00000001,
0.00000000,
0.00000000,
0.00000000,
0.00000001,
-0.00000002,
0.00000001,
0.00000000,
0.00000000,
-0.00000001,
0.00000000,
-0.00000000,
0.00000000,
-0.00000001,
-0.00000000,
-0.00000001,
-0.00000001,
0.00000001,
-0.00000001,
0.00000001,
-0.00000000,
0.00000001,
-0.00000000,
0.00000000,
0.00000000,
-0.00000000,
0.00000002,
0.00000000,
-0.00000001,
-0.00000000,
0.00000001,
0.00000001,
0.00000000,
0.00000000,
-0.00000001,
0.00000000,
0.00000000,
0.00000001,
-0.00000000,
0.00000001,
-0.00000000,
-0.00000001,
-0.00000001,
0.00000000,
-0.00000001,
0.00000001,
0.00000000,
-0.00000002,
0.00000000,
0.00000001,
-0.00000001,
0.00000001,
-0.00000001,
