0.56929831,
0.00000000,
0.00000000,
0.00000001,
0.56861091,
0.00000000,
0.00000000,
-0.00000001,
0.56791262,
-0.00000000,
-0.00000001,
0.00000001,
0.56720361,
0.00000001,
0.00000001,
-0.00000000,
0.56648384,
-0.00000000,
-0.00000000,
-0.00000001,
0.00000001,
0.00000000,
0.00000001,
-0.00000001,
0.00000000,
-0.00000001,
-0.00000000,
0.00000000,
-0.00000000,
-0.00000001,
0.00000001,
0.00000001,
-0.00000003,
0.00000000,
-0.00000000,
-0.00000002,
-0.00000001,
-0.00000001,
0.00000000,
-0.00000000,
0.00000001,
0.00000001,
-0.00000001,
-0.00000001,
0.00000001,
0.00000001,
0.00000000,
0.00000001,
0.00000001,
-0.00000000,
0.00000000,
0.00000000,
0.00000000,
-0.00000000,
0.00000002,
0.00000001,
0.00000001,
0.00000002,
0.00000000,
0.00000000,
-0.00000001,
-0.00000000,
0.00000000,
0.00000001,
-0.00000001,
0.00000000,
0.00000001,
0.00000000,
0.00000000,
0.00000001,
0.00000000,
0.00000001,
-0.00000001,
-0.00000000,
-0.00000001,
-0.00000001,
0.00000001,
0.00000000,
0.00000001,
0.00000000,
0.54204087,
-0.00000000,
0.00000000,
0.00000000,
0.54101859,
0.00000001,
-0.00000001,
0.00000000,
0.53998644,
-0.00000002,
-0.00000000,
-0.00000001,
0.53894416,
0.00000001,
0.00000000,
-0.00000000,
0.53789198,
0.00000001,
-0.00000000,
-0.00000002,
0.00000001,
0.00000001,
-0.00000002,
-0.00000000,
-0.00000001,
-0.00000001,
-0.00000001,
-0.00000001,
-0.00000000,
-0.00000001,
-0.00000001,
0.00000001,
0.00000000,
0.00000001,
0.00000000,
-0.00000000,
-0.00000001,
0.00000001,
0.00000000,
0.00000001,
-0.00000000,
0.00000000,
-0.00000000,
-0.00000000,
-0.00000000,
0.00000002,
-0.00000000,
0.00000000,
0.00000002,
0.00000000,
0.00000000,
0.00000001,
0.00000000,
-0.00000001,
-0.00000001,
-0.00000000,
0.00000001,
0.00000000,
-0.00000001,
0.00000001,
0.00000001,
0.00000001,
0.00000000,
-0.00000001,
0.00000001,
-0.00000000,
-0.00000001,
0.00000003,
-0.00000002,
-0.00000001,
0.00000000,
-0.00000001,
-0.00000000,
-0.00000000,
-0.00000001,
0.00000000,
0.00000001,
-0.00000002,
0.00000000,
0.00000001,
0.50453265,
0.00000001,
-0.00000000,
0.00000000,
0.50320741,
-0.00000000,
-0.00000000,
-0.00000002,
0.50187317,
0.00000001,
-0.00000001,
-0.00000003,
0.50053033,
-0.00000001,
-0.00000001,
-0.00000001,
0.49917866,
-0.00000000,
-0.00000000,
-0.00000000,
0.00000001,
-0.00000001,
0.00000002,
0.00000000,
-0.00000001,
0.00000001,
0.00000002,
0.00000001,
-0.00000001,
0.00000001,
-0.00000001,
0.00000001,
0.00000000,
-0.00000001,
-0.00000001,
-0.00000001,
-0.00000002,
0.00000000,
0.00000001,
0.00000001,
0.00000001,
-0.00000001,
0.00000001,
-0.00000000,
0.00000002,
-0.00000001,
0.00000002,
0.00000001,
-0.00000001,
-0.00000001,
-0.00000000,
0.00000001,
-0.00000000,
-0.00000001,
0.00000000,
-0.00000000,
0.00000001,
0.00000001,
-0.00000001,
-0.00000001,
-0.00000001,
0.00000002,
0.00000001,
0.00000000,
0.00000000,
0.00000001,
0.00000000,
0.00000000,
0.00000000,
-0.00000002,
0.00000002,
-0.00000000,
-0.00000001,
-0.00000000,
0.00000001,
-0.00000001,
-0.00000002,
-0.00000000,
-0.00000001,
-0.00000001,
0.45796434,
0.00000001,
-0.00000003,
-0.00000001,
0.45637908,
-0.00000000,
0.00000001,
-0.00000000,
0.45478644,
-0.00000001,
0.00000000,
0.00000000,
0.45318647,
-0.00000000,
0.00000000,
-0.00000000,
0.45157938,
-0.00000000,
-0.00000000,
-0.00000001,
0.00000002,
-0.00000000,
-0.00000000,
0.00000002,
0.00000000,
0.00000001,
0.00000001,
-0.00000001,
0.00000000,
0.00000001,
0.00000001,
0.00000001,
0.00000002,
0.00000001,
-0.00000001,
-0.00000001,
0.00000001,
0.00000002,
-0.00000000,
-0.00000001,
0.00000001,
-0.00000001,
-0.00000001,
0.00000000,
0.00000001,
-0.00000001,
0.00000001,
-0.00000001,
-0.00000001,
-0.00000001,
-0.00000000,
-0.00000000,
0.00000000,
0.00000001,
-0.00000000,
0.00000001,
-0.00000001,
-0.00000001,
-0.00000001,
-0.00000000,
0.00000000,
0.00000001,
0.00000000,
0.00000001,
-0.00000000,
0.00000000,
-0.00000001,
0.00000001,
-0.00000000,
-0.00000001,
-0.00000000,
0.00000001,
-0.00000001,
0.00000000,
-0.00000001,
-0.00000001,
0.00000001,
0.00000001,
-0.00000000,
-0.00000000,
0.40387896,
0.00000000,
-0.00000000,
0.00000001,
0.40208734,
0.00000000,
0.00000001,
0.00000001,
0.40029030,
0.00000001,
-0.00000002,
0.00000000,
0.39848792,
-0.00000001,
-0.00000001,
0.00000001,
0.39668020,
0.00000000,
0.00000000,
0.00000001,
0.00000001,
-0.00000000,
0.00000000,
0.00000000,
0.00000001,
-0.00000000,
-0.00000000,
0.00000000,
-0.00000001,
0.00000000,
0.00000000,
-0.00000001,
-0.00000001,
0.00000001,
-0.00000001,
0.00000001,
-0.00000000,
-0.00000001,
0.00000001,
0.00000001,
-0.00000001,
0.00000001,
-0.00000001,
-0.00000000,
-0.00000000,
-0.00000001,
0.00000000,
0.00000001,
0.00000000,
-0.00000001,
-0.00000001,
0.00000001,
0.00000000,
0.00000001,
0.00000000,
0.00000001,
-0.00000000,
-0.00000000,
-0.00000002,
-0.00000000,
-0.00000002,
-0.00000001,
-0.00000000,
-0.00000003,
-0.00000000,
-0.00000002,
-0.00000000,
-0.00000000,
0.00000001,
0.00000000,
0.00000002,
0.00000000,
-0.00000000,
-0.00000000,
0.00000001,
0.00000000,
-0.00000000,
-0.00000000,
0.00000000,
-0.00000001,
