0.23138840,
0.00000002,
0.00000002,
0.00000000,
0.23110796,
0.00000000,
-0.00000000,
0.00000000,
0.23082211,
0.00000001,
-0.00000002,
0.00000000,
0.23053098,
0.00000000,
-0.00000001,
-0.00000001,
0.23023450,
0.00000000,
-0.00000001,
0.00000000,
0.00000000,
0.00000000,
0.00000000,
0.00000000,
0.00000001,
-0.00000000,
-0.00000001,
-0.00000001,
-0.00000001,
-0.00000001,
0.00000001,
-0.00000000,
0.00000000,
0.00000000,
0.00000001,
-0.00000000,
-0.00000000,
0.00000002,
-0.00000001,
0.00000001,
0.00000001,
0.00000000,
-0.00000000,
0.00000001,
-0.00000002,
0.00000001,
-0.00000001,
0.00000000,
-0.00000001,
0.00000001,
-0.00000001,
0.00000001,
0.00000001,
-0.00000001,
0.00000001,
0.00000000,
-0.00000000,
0.00000001,
0.00000000,
-0.00000001,
0.00000002,
0.00000000,
-0.00000001,
-0.00000000,
-0.00000001,
0.00000000,
0.00000000,
0.00000000,
0.00000000,
0.00000002,
0.00000001,
-0.00000000,
-0.00000000,
0.00000000,
-0.00000001,
0.00000001,
-0.00000002,
0.00000000,
0.00000001,
-0.00000001,
0.21981880,
0.00000000,
-0.00000001,
0.00000000,
0.21937328,
-0.00000001,
0.00000000,
0.00000000,
0.21892280,
-0.00000002,
0.00000000,
0.00000000,
0.21846743,
0.00000000,
0.00000000,
-0.00000001,
0.21800717,
0.00000001,
-0.00000000,
0.00000000,
0.00000000,
-0.00000000,
0.00000003,
-0.00000001,
-0.00000000,
-0.00000001,
0.00000000,
-0.00000000,
0.00000000,
0.00000000,
-0.00000001,
0.00000000,
0.00000001,
0.00000000,
-0.00000001,
0.00000000,
0.00000001,
-0.00000000,
-0.00000000,
0.00000001,
-0.00000000,
0.00000000,
0.00000000,
0.00000000,
-0.00000000,
0.00000002,
0.00000000,
-0.00000002,
0.00000001,
0.00000000,
0.00000000,
0.00000002,
-0.00000002,
0.00000001,
0.00000001,
0.00000000,
-0.00000000,
0.00000001,
0.00000000,
0.00000000,
0.00000000,
0.00000002,
-0.00000001,
0.00000001,
0.00000001,
-0.00000001,
0.00000002,
-0.00000002,
-0.00000001,
-0.00000001,
-0.00000001,
-0.00000004,
0.00000001,
-0.00000000,
0.00000000,
0.00000001,
-0.00000000,
0.00000000,
0.00000001,
-0.00000000,
0.20321004,
0.00000000,
-0.00000000,
-0.00000001,
0.20261616,
0.00000002,
-0.00000000,
0.00000000,
0.20201808,
-0.00000001,
-0.00000000,
0.00000000,
0.20141579,
-0.00000001,
-0.00000001,
-0.00000001,
0.20080917,
0.00000000,
0.00000001,
0.00000001,
-0.00000000,
0.00000001,
-0.00000001,
0.00000001,
0.00000000,
0.00000000,
-0.00000000,
0.00000000,
0.00000001,
0.00000002,
-0.00000000,
-0.00000002,
-0.00000001,
0.00000001,
0.00000001,
-0.00000000,
0.00000001,
-0.00000000,
-0.00000000,
0.00000000,
-0.00000001,
0.00000002,
0.00000000,
-0.00000001,
-0.00000000,
-0.00000001,
0.00000001,
-0.00000000,
-0.00000000,
-0.00000000,
0.00000001,
-0.00000001,
-0.00000000,
0.00000001,
-0.00000000,
0.00000000,
-0.00000001,
0.00000000,
-0.00000000,
-0.00000000,
-0.00000000,
0.00000001,
0.00000001,
-0.00000001,
-0.00000000,
0.00000000,
-0.00000001,
-0.00000001,
-0.00000000,
0.00000001,
-0.00000001,
-0.00000001,
0.00000001,
-0.00000000,
-0.00000001,
0.00000002,
-0.00000001,
0.00000001,
-0.00000001,
-0.00000001,
0.18220034,
0.00000000,
-0.00000001,
0.00000000,
0.18148162,
-0.00000001,
-0.00000002,
-0.00000001,
0.18075932,
-0.00000001,
-0.00000001,
0.00000000,
0.18003361,
-0.00000001,
0.00000002,
0.00000001,
0.17930459,
-0.00000001,
-0.00000000,
0.00000000,
0.00000001,
0.00000000,
-0.00000001,
-0.00000001,
-0.00000001,
-0.00000001,
-0.00000002,
0.00000001,
0.00000000,
-0.00000001,
0.00000000,
-0.00000000,
0.00000001,
0.00000000,
-0.00000001,
-0.00000001,
-0.00000001,
-0.00000001,
-0.00000000,
-0.00000001,
-0.00000001,
0.00000000,
-0.00000000,
0.00000000,
-0.00000000,
-0.00000002,
-0.00000001,
0.00000001,
0.00000001,
0.00000000,
0.00000000,
-0.00000001,
-0.00000000,
0.00000000,
0.00000001,
0.00000000,
0.00000001,
0.00000001,
0.00000001,
0.00000000,
-0.00000000,
-0.00000001,
0.00000000,
0.00000000,
0.00000000,
-0.00000001,
0.00000002,
0.00000001,
0.00000001,
0.00000001,
0.00000001,
0.00000001,
-0.00000000,
-0.00000000,
-0.00000000,
-0.00000001,
0.00000000,
0.00000001,
-0.00000000,
0.00000000,
0.15763600,
0.00000000,
0.00000001,
-0.00000001,
0.15682201,
0.00000001,
-0.00000000,
0.00000001,
0.15600564,
-0.00000001,
-0.00000000,
0.00000001,
0.15518687,
0.00000001,
-0.00000001,
-0.00000001,
0.15436572,
0.00000001,
0.00000000,
0.00000000,
-0.00000000,
0.00000001,
0.00000001,
0.00000000,
-0.00000001,
0.00000001,
-0.00000001,
0.00000001,
0.00000001,
-0.00000000,
0.00000000,
0.00000000,
-0.00000001,
-0.00000000,
-0.00000000,
0.00000001,
-0.00000000,
-0.00000001,
-0.00000002,
-0.00000000,
0.00000000,
0.00000000,
-0.00000000,
-0.00000001,
0.00000000,
-0.00000000,
0.00000002,
-0.00000000,
-0.00000001,
0.00000000,
-0.00000001,
-0.00000000,
0.00000000,
0.00000001,
-0.00000000,
0.00000001,
0.00000000,
0.00000000,
0.00000000,
0.00000000,
-0.00000000,
0.00000000,
-0.00000002,
-0.00000001,
0.00000001,
0.00000001,
0.00000001,
0.00000002,
0.00000000,
-0.00000000,
0.00000001,
0.00000001,
0.00000000,
0.00000001,
-0.00000003,
0.00000000,
0.00000000,
-0.00000001,
0.00000001,
-0.00000000,
