0.60623294,
0.00000002,
0.00000002,
-0.00000000,
0.60543677,
-0.00000001,
-0.00000001,
-0.00000001,
0.60464299,
0.00000001,
0.00000001,
0.00000001,
0.60385163,
-0.00000002,
0.00000000,
0.00000000,
0.60306238,
0.00000000,
0.00000000,
0.00000001,
-0.00000000,
-0.00000002,
-0.00000000,
0.00000001,
-0.00000000,
-0.00000001,
-0.00000000,
-0.00000002,
-0.00000002,
0.00000001,
0.00000003,
0.00000001,
0.00000001,
-0.00000001,
0.00000001,
-0.00000000,
-0.00000000,
-0.00000000,
0.00000000,
0.00000001,
0.00000000,
-0.00000001,
0.00000001,
0.00000001,
-0.00000000,
0.00000001,
0.00000001,
-0.00000000,
0.00000001,
-0.00000000,
0.00000001,
-0.00000001,
-0.00000000,
0.00000001,
0.00000000,
0.00000001,
0.00000001,
0.00000000,
0.00000001,
-0.00000001,
0.00000001,
0.00000001,
-0.00000000,
-0.00000000,
0.00000000,
-0.00000000,
0.00000001,
0.00000002,
0.00000000,
0.00000001,
-0.00000000,
0.00000001,
-0.00000000,
-0.00000000,
-0.00000000,
0.00000000,
0.00000000,
-0.00000000,
-0.00000000,
-0.00000002,
0.58190910,
0.00000001,
-0.00000000,
0.00000001,
0.58118674,
-0.00000001,
-0.00000002,
0.00000000,
0.58046644,
0.00000002,
-0.00000001,
0.00000000,
0.57974876,
-0.00000001,
-0.00000001,
-0.00000001,
0.57903299,
0.00000001,
0.00000001,
0.00000000,
0.00000000,
0.00000001,
-0.00000000,
0.00000000,
0.00000001,
0.00000000,
-0.00000001,
0.00000000,
-0.00000001,
-0.00000002,
0.00000000,
-0.00000000,
0.00000001,
-0.00000000,
-0.00000000,
0.00000001,
0.00000001,
0.00000001,
0.00000001,
-0.00000002,
0.00000001,
0.00000001,
0.00000001,
0.00000001,
-0.00000000,
-0.00000000,
0.00000000,
0.00000001,
-0.00000000,
0.00000001,
-0.00000002,
0.00000000,
-0.00000001,
0.00000000,
0.00000001,
0.00000000,
-0.00000001,
-0.00000001,
0.00000001,
-0.00000001,
-0.00000001,
0.00000000,
0.00000000,
-0.00000001,
0.00000000,
0.00000000,
0.00000000,
0.00000002,
0.00000001,
-0.00000000,
0.00000000,
0.00000000,
0.00000001,
-0.00000000,
-0.00000000,
0.00000001,
0.00000000,
-0.00000000,
0.00000000,
-0.00000000,
0.55989301,
0.00000001,
0.00000001,
0.00000001,
0.55924099,
-0.00000001,
-0.00000000,
-0.00000002,
0.55859110,
0.00000000,
0.00000001,
0.00000002,
0.55794352,
-0.00000002,
0.00000000,
0.00000000,
0.55729789,
-0.00000002,
0.00000000,
0.00000002,
0.00000001,
-0.00000001,
0.00000000,
-0.00000001,
-0.00000000,
-0.00000000,
-0.00000000,
-0.00000001,
0.00000000,
-0.00000001,
0.00000000,
0.00000001,
-0.00000001,
0.00000000,
0.00000000,
-0.00000001,
0.00000000,
0.00000001,
-0.00000000,
0.00000002,
-0.00000000,
-0.00000000,
-0.00000001,
0.00000001,
0.00000001,
-0.00000000,
0.00000001,
0.00000001,
0.00000000,
-0.00000000,
0.00000000,
-0.00000001,
0.00000001,
-0.00000000,
-0.00000001,
0.00000001,
-0.00000001,
0.00000001,
-0.00000000,
0.00000000,
0.00000001,
0.00000000,
-0.00000000,
-0.00000002,
-0.00000001,
-0.00000000,
0.00000000,
-0.00000000,
0.00000000,
0.00000000,
-0.00000001,
-0.00000000,
0.00000000,
-0.00000000,
-0.00000000,
0.00000002,
-0.00000001,
0.00000000,
-0.00000002,
0.00000001,
0.54007904,
0.00000001,
-0.00000000,
0.00000000,
0.53949425,
-0.00000002,
-0.00000001,
0.00000000,
0.53891149,
-0.00000001,
-0.00000001,
-0.00000000,
0.53833077,
0.00000001,
-0.00000000,
0.00000000,
0.53775213,
-0.00000001,
-0.00000000,
0.00000000,
-0.00000001,
0.00000001,
0.00000001,
-0.00000001,
0.00000000,
0.00000000,
-0.00000000,
-0.00000001,
-0.00000000,
0.00000001,
-0.00000001,
0.00000000,
0.00000000,
-0.00000000,
-0.00000000,
0.00000000,
-0.00000000,
0.00000001,
-0.00000002,
-0.00000001,
0.00000001,
0.00000000,
0.00000000,
-0.00000001,
0.00000003,
0.00000001,
0.00000001,
-0.00000001,
-0.00000001,
-0.00000002,
0.00000000,
-0.00000001,
-0.00000000,
0.00000000,
0.00000000,
-0.00000000,
-0.00000001,
-0.00000000,
-0.00000001,
-0.00000000,
-0.00000001,
-0.00000001,
-0.00000000,
-0.00000000,
-0.00000000,
-0.00000002,
0.00000002,
-0.00000001,
0.00000000,
-0.00000000,
0.00000000,
0.00000000,
-0.00000001,
-0.00000001,
0.00000000,
0.00000000,
-0.00000001,
-0.00000000,
0.00000001,
-0.00000000,
0.52236995,
-0.00000000,
0.00000001,
0.00000001,
0.52184964,
0.00000001,
0.00000001,
-0.00000001,
0.52133101,
-0.00000000,
-0.00000001,
0.00000001,
0.52081445,
-0.00000002,
-0.00000000,
-0.00000000,
0.52029996,
0.00000001,
-0.00000001,
0.00000000,
-0.00000000,
-0.00000002,
0.00000001,
-0.00000000,
0.00000001,
0.00000001,
0.00000001,
-0.00000001,
0.00000000,
-0.00000000,
-0.00000001,
-0.00000000,
-0.00000000,
0.00000000,
0.00000000,
0.00000000,
0.00000000,
0.00000001,
0.00000000,
0.00000001,
-0.00000001,
-0.00000001,
0.00000001,
0.00000000,
0.00000000,
-0.00000000,
-0.00000001,
0.00000000,
-0.00000001,
-0.00000000,
-0.00000001,
0.00000000,
-0.00000001,
0.00000000,
0.00000001,
-0.00000001,
-0.00000001,
0.00000001,
-0.00000000,
-0.00000000,
0.00000000,
0.00000000,
-0.00000001,
0.00000000,
0.00000000,
0.00000001,
0.00000000,
0.00000002,
0.00000000,
-0.00000002,
0.00000000,
-0.00000001,
-0.00000002,
-0.00000000,
0.00000002,
-0.00000000,
-0.00000002,
-0.00000001,
0.00000001,
-0.00000001,
