0.09539757,
0.00000002,
-0.00000001,
0.00000001,
0.09520148,
-0.00000000,
0.00000001,
0.00000001,
0.09500341,
0.00000001,
-0.00000001,
-0.00000000,
0.09480321,
-0.00000001,
-0.00000001,
0.00000002,
0.09460098,
0.00000000,
0.00000001,
0.00000001,
-0.00000000,
-0.00000000,
0.00000000,
-0.00000001,
-0.00000000,
-0.00000002,
-0.00000001,
-0.00000000,
-0.00000001,
0.00000000,
0.00000001,
-0.00000001,
-0.00000001,
-0.00000001,
-0.00000001,
0.00000000,
0.00000000,
0.00000000,
-0.00000000,
-0.00000001,
-0.00000000,
0.00000002,
0.00000000,
-0.00000001,
-0.00000002,
0.00000000,
0.00000001,
0.00000002,
0.00000000,
0.00000001,
-0.00000001,
-0.00000001,
-0.00000001,
0.00000000,
-0.00000001,
-0.00000001,
0.00000001,
-0.00000001,
0.00000001,
0.00000000,
0.00000001,
-0.00000000,
-0.00000001,
-0.00000000,
-0.00000000,
0.00000001,
-0.00000000,
-0.00000000,
0.00000001,
-0.00000000,
0.00000000,
-0.00000000,
0.00000001,
0.00000001,
0.00000002,
0.00000001,
-0.00000000,
-0.00000001,
0.00000000,
0.00000001,
0.08814804,
-0.00000001,
-0.00000001,
-0.00000000,
0.08789052,
0.00000001,
0.00000001,
-0.00000001,
0.08763116,
0.00000001,
-0.00000000,
0.00000001,
0.08737011,
0.00000001,
-0.00000001,
0.00000001,
0.08710728,
-0.00000002,
-0.00000000,
-0.00000001,
-0.00000000,
0.00000001,
0.00000001,
-0.00000001,
0.00000000,
-0.00000000,
0.00000000,
-0.00000000,
0.00000000,
-0.00000001,
0.00000000,
0.00000001,
0.00000001,
0.00000000,
-0.00000001,
-0.00000001,
-0.00000002,
-0.00000001,
0.00000002,
-0.00000000,
-0.00000001,
-0.00000001,
0.00000000,
-0.00000000,
-0.00000001,
-0.00000001,
0.00000000,
-0.00000000,
-0.00000001,
0.00000001,
0.00000001,
0.00000001,
-0.00000000,
-0.00000001,
-0.00000001,
0.00000001,
-0.00000000,
-0.00000001,
0.00000000,
0.00000001,
0.00000000,
-0.00000000,
-0.00000001,
-0.00000001,
-0.00000000,
-0.00000001,
0.00000000,
-0.00000002,
0.00000000,
0.00000000,
-0.00000000,
0.00000000,
-0.00000000,
0.00000001,
0.00000000,
-0.00000001,
-0.00000000,
0.00000000,
-0.00000001,
-0.00000000,
0.07907596,
0.00000000,
-0.00000000,
0.00000002,
0.07876670,
-0.00000000,
-0.00000001,
0.00000000,
0.07845601,
-0.00000000,
0.00000000,
0.00000001,
0.07814392,
0.00000001,
0.00000000,
-0.00000001,
0.07783037,
0.00000001,
-0.00000002,
0.00000001,
0.00000002,
0.00000000,
0.00000001,
0.00000001,
-0.00000001,
-0.00000000,
-0.00000001,
-0.00000000,
0.00000001,
-0.00000000,
-0.00000000,
0.00000001,
0.00000003,
0.00000001,
0.00000000,
0.00000001,
0.00000000,
-0.00000000,
0.00000000,
-0.00000001,
0.00000001,
0.00000001,
0.00000000,
-0.00000001,
-0.00000001,
0.00000000,
-0.00000000,
-0.00000001,
-0.00000002,
-0.00000001,
-0.00000000,
-0.00000000,
-0.00000000,
0.00000001,
-0.00000001,
0.00000000,
-0.00000001,
0.00000001,
-0.00000001,
-0.00000001,
0.00000000,
0.00000001,
-0.00000000,
0.00000000,
-0.00000001,
-0.00000001,
0.00000000,
0.00000001,
0.00000000,
0.00000001,
0.00000000,
-0.00000000,
-0.00000001,
-0.00000001,
-0.00000002,
-0.00000001,
-0.00000001,
-0.00000002,
0.00000000,
-0.00000001,
0.06853284,
-0.00000001,
-0.00000000,
0.00000001,
0.06818418,
0.00000000,
-0.00000000,
-0.00000001,
0.06783455,
0.00000001,
-0.00000001,
-0.00000002,
0.06748392,
-0.00000001,
0.00000000,
0.00000000,
0.06713227,
-0.00000000,
0.00000000,
0.00000001,
0.00000002,
-0.00000002,
-0.00000000,
-0.00000000,
-0.00000001,
-0.00000000,
-0.00000000,
0.00000001,
0.00000001,
0.00000000,
0.00000000,
-0.00000000,
0.00000001,
-0.00000001,
-0.00000001,
0.00000001,
0.00000000,
0.00000001,
0.00000001,
0.00000001,
0.00000001,
-0.00000001,
-0.00000000,
0.00000000,
-0.00000000,
-0.00000000,
0.00000000,
-0.00000001,
0.00000001,
-0.00000001,
0.00000000,
0.00000001,
-0.00000001,
-0.00000001,
-0.00000001,
0.00000001,
-0.00000000,
0.00000001,
-0.00000001,
-0.00000002,
0.00000000,
-0.00000001,
-0.00000000,
0.00000000,
0.00000000,
0.00000001,
-0.00000000,
-0.00000000,
0.00000001,
-0.00000000,
-0.00000001,
0.00000000,
-0.00000000,
0.00000000,
-0.00000001,
-0.00000000,
-0.00000001,
-0.00000000,
-0.00000001,
-0.00000000,
0.05695361,
0.00000000,
0.00000001,
0.00000000,
0.05658048,
0.00000000,
-0.00000001,
-0.00000001,
0.05620690,
0.00000000,
0.00000001,
0.00000001,
0.05583282,
0.00000001,
0.00000001,
0.00000000,
0.05545832,
0.00000002,
-0.00000000,
-0.00000000,
-0.00000001,
0.00000000,
-0.00000001,
-0.00000000,
0.00000001,
-0.00000001,
-0.00000002,
0.00000001,
-0.00000001,
-0.00000001,
0.00000001,
-0.00000001,
0.00000001,
0.00000001,
0.00000000,
-0.00000000,
-0.00000000,
-0.00000000,
-0.00000001,
0.00000001,
0.00000002,
0.00000002,
-0.00000000,
-0.00000002,
0.00000001,
-0.00000001,
0.00000002,
0.00000002,
-0.00000001,
-0.00000000,
0.00000001,
-0.00000001,
-0.00000000,
0.00000000,
0.00000001,
-0.00000001,
0.00000001,
-0.00000001,
-0.00000000,
0.00000001,
-0.00000001,
-0.00000001,
-0.00000001,
-0.00000001,
0.00000000,
-0.00000002,
0.00000001,
0.00000001,
-0.00000002,
-0.00000000,
-0.00000001,
0.00000001,
-0.00000000,
0.00000001,
0.00000001,
-0.00000001,
0.00000000,
0.00000001,
0.00000001,
-0.00000001,
