0.03056716,
-0.00000000,
-0.00000000,
-0.00000001,
0.03063532,
-0.00000001,
-0.00000000,
-0.00000001,
0.03070401,
0.00000000,
0.00000001,
-0.00000001,
0.03077315,
0.00000001,
0.00000000,
0.00000000,
0.03084287,
0.00000001,
0.00000001,
0.00000000,
-0.00000000,
-0.00000002,
0.00000001,
-0.00000000,
-0.00000001,
0.00000001,
0.00000000,
-0.00000000,
-0.00000000,
0.00000000,
-0.00000000,
0.00000000,
-0.00000001,
-0.00000000,
0.00000001,
0.00000001,
0.00000001,
0.00000000,
-0.00000000,
0.00000001,
-0.00000001,
-0.00000001,
-0.00000002,
0.00000001,
0.00000001,
0.00000001,
-0.00000001,
0.00000001,
-0.00000001,
-0.00000000,
0.00000000,
0.00000000,
-0.00000001,
0.00000000,
0.00000001,
0.00000000,
0.00000001,
-0.00000001,
-0.00000001,
0.00000001,
-0.00000000,
-0.00000001,
0.00000001,
0.00000001,
0.00000000,
-0.00000002,
-0.00000000,
-0.00000001,
-0.00000000,
-0.00000003,
-0.00000000,
0.00000000,
-0.00000002,
-0.00000000,
0.00000001,
0.00000001,
0.00000000,
0.00000000,
-0.00000001,
-0.00000000,
0.03300762,
0.00000002,
-0.00000001,
0.00000000,
0.03309280,
0.00000001,
0.00000002,
0.00000001,
0.03317854,
-0.00000002,
0.00000001,
-0.00000000,
0.03326483,
0.00000001,
0.00000001,
-0.00000001,
0.03335163,
0.00000001,
-0.00000001,
0.00000001,
-0.00000000,
0.00000002,
-0.00000001,
0.00000000,
0.00000000,
-0.00000001,
0.00000000,
0.00000001,
0.00000001,
0.00000001,
-0.00000000,
0.00000000,
-0.00000000,
-0.00000001,
-0.00000000,
-0.00000000,
-0.00000001,
0.00000001,
-0.00000000,
-0.00000001,
-0.00000001,
0.00000000,
0.00000000,
0.00000000,
-0.00000001,
0.00000000,
-0.00000002,
-0.00000001,
0.00000000,
0.00000002,
-0.00000000,
0.00000001,
0.00000002,
0.00000000,
0.00000002,
-0.00000001,
0.00000000,
-0.00000001,
0.00000000,
-0.00000001,
-0.00000001,
-0.00000000,
0.00000001,
0.00000001,
-0.00000000,
0.00000000,
-0.00000000,
-0.00000001,
-0.00000001,
0.00000000,
0.00000001,
0.00000001,
-0.00000000,
0.00000001,
0.00000000,
0.00000000,
0.00000001,
-0.00000001,
-0.00000001,
-0.00000000,
0.03601883,
0.00000001,
0.00000001,
-0.00000003,
0.03612277,
0.00000001,
0.00000001,
-0.00000000,
0.03622729,
0.00000001,
0.00000001,
-0.00000001,
0.03633248,
-0.00000002,
0.00000001,
-0.00000000,
0.03643825,
0.00000001,
-0.00000000,
0.00000001,
-0.00000001,
-0.00000000,
-0.00000000,
0.00000001,
-0.00000001,
0.00000001,
0.00000000,
-0.00000001,
0.00000001,
0.00000001,
0.00000000,
-0.00000001,
-0.00000000,
0.00000001,
0.00000000,
-0.00000001,
-0.00000001,
0.00000001,
0.00000001,
-0.00000001,
-0.00000000,
0.00000000,
0.00000002,
-0.00000001,
0.00000001,
-0.00000001,
0.00000001,
-0.00000001,
-0.00000001,
-0.00000001,
0.00000000,
-0.00000001,
0.00000000,
0.00000000,
0.00000001,
-0.00000001,
-0.00000001,
-0.00000002,
0.00000000,
0.00000000,
0.00000000,
-0.00000001,
0.00000000,
0.00000001,
0.00000000,
-0.00000000,
-0.00000000,
0.00000002,
-0.00000000,
-0.00000001,
0.00000001,
0.00000001,
0.00000001,
-0.00000000,
-0.00000000,
0.00000000,
-0.00000001,
0.00000001,
0.00000002,
-0.00000000,
0.03966194,
-0.00000001,
-0.00000001,
0.00000001,
0.03978677,
0.00000001,
-0.00000001,
0.00000000,
0.03991220,
0.00000001,
0.00000000,
0.00000001,
0.04003836,
0.00000000,
0.00000001,
-0.00000000,
0.04016521,
-0.00000001,
-0.00000000,
-0.00000000,
0.00000000,
0.00000001,
0.00000001,
-0.00000001,
0.00000001,
-0.00000001,
0.00000000,
0.00000000,
0.00000000,
-0.00000001,
-0.00000001,
-0.00000002,
0.00000001,
-0.00000001,
-0.00000001,
0.00000001,
-0.00000000,
-0.00000000,
-0.00000002,
0.00000001,
0.00000001,
0.00000001,
0.00000001,
-0.00000001,
0.00000000,
0.00000001,
-0.00000000,
-0.00000000,
0.00000000,
-0.00000001,
0.00000002,
-0.00000000,
0.00000000,
0.00000001,
0.00000001,
-0.00000000,
0.00000000,
-0.00000002,
0.00000000,
0.00000001,
0.00000001,
0.00000001,
0.00000001,
-0.00000001,
0.00000001,
0.00000000,
-0.00000000,
0.00000001,
0.00000000,
-0.00000001,
0.00000001,
0.00000000,
0.00000000,
0.00000001,
0.00000001,
0.00000001,
0.00000000,
-0.00000000,
0.00000001,
-0.00000002,
0.04400793,
0.00000002,
0.00000001,
-0.00000001,
0.04415587,
0.00000000,
-0.00000001,
-0.00000000,
0.04430466,
-0.00000001,
0.00000001,
0.00000001,
0.04445418,
0.00000000,
-0.00000000,
-0.00000001,
0.04460448,
0.00000001,
-0.00000000,
-0.00000000,
0.00000000,
-0.00000000,
-0.00000000,
-0.00000000,
-0.00000001,
-0.00000002,
-0.00000001,
0.00000001,
-0.00000000,
-0.00000000,
0.00000001,
-0.00000000,
-0.00000000,
-0.00000001,
0.00000001,
-0.00000001,
0.00000000,
-0.00000000,
-0.00000001,
-0.00000000,
0.00000001,
0.00000000,
-0.00000000,
0.00000000,
-0.00000000,
0.00000001,
0.00000001,
0.00000001,
0.00000001,
-0.00000000,
-0.00000000,
0.00000001,
0.00000001,
0.00000000,
-0.00000001,
0.00000000,
-0.00000000,
0.00000001,
-0.00000001,
0.00000001,
0.00000002,
-0.00000000,
0.00000001,
-0.00000000,
0.00000002,
-0.00000000,
-0.00000001,
-0.00000000,
0.00000001,
-0.00000001,
0.00000001,
0.00000001,
-0.00000000,
0.00000001,
0.00000000,
-0.00000001,
-0.00000001,
-0.00000001,
-0.00000001,
-0.00000000,
