-3283.48603302,
-0.00072490,
-3341.44300886,
-0.00146597,
-3400.14753509,
0.00561551,
-3459.60770414,
0.00264509,
-3519.82134708,
0.00264041,
-3580.84204268,
0.00490590,
-3642.61691156,
-0.00810514,
-3705.22730494,
0.00056277,
-3768.59352024,
-0.00221921,
-3832.77370960,
-0.00352602,
-3897.76286485,
0.00312870,
-3963.53974884,
-0.00304004,
-4030.18744171,
0.00111663,
-4097.62982305,
-0.00259792,
-4698.45697459,
0.00271298,
-4698.46178741,
-0.00897970,
0.00520986,
-0.00572339,
0.00332166,
-0.00165768,
-0.00068690,
0.00128832,
0.00156750,
-0.01351212,
-0.00109270,
0.00253984,
0.00365208,
-0.00147612,
0.00081625,
-0.00142140,
0.00301749,
-0.00335411,
-0.00211779,
-0.00467595,
-0.00211877,
-0.00161322,
-0.00049676,
0.00444194,
0.00465932,
-0.00028684,
0.00112940,
0.00404447,
-0.00397172,
-0.00037106,
-0.00125322,
-0.00623166,
-0.00377925,
-0.00243305,
-5546.31476870,
0.00125859,
-5631.84318580,
0.00354568,
-5718.34006776,
0.00857684,
-5805.84701419,
-0.00053591,
-5894.34074240,
0.00006223,
-5983.83453943,
-0.00049038,
-6074.31470078,
0.00378532,
-6165.81435172,
-0.00760911,
-6258.36881754,
-0.00527326,
-6351.92946291,
0.00201038,
-6446.56250791,
-0.00355688,
-6542.20891252,
-0.00127050,
-6638.92854776,
-0.00657464,
-6736.70006507,
0.00006660,
-4698.46561881,
-0.00201276,
-4698.46138252,
-0.00523511,
0.00503504,
0.00298148,
0.00119348,
-0.00003294,
0.00092170,
0.00043567,
-0.00207274,
-0.00459670,
0.00759745,
-0.00287641,
-0.00622944,
0.00102084,
0.00541609,
0.00241452,
-0.00676885,
0.00491423,
0.00224653,
0.00205533,
-0.00393750,
0.00207699,
-0.00194245,
-0.00285191,
0.00158993,
-0.00370234,
0.00880650,
-0.00497619,
-0.00846020,
0.00448425,
0.00213036,
-0.00452358,
-0.00207521,
-0.00326496,
-8806.54067538,
0.00438988,
-8927.21006464,
-0.00280487,
-9049.11582315,
-0.00191466,
-9172.22775373,
0.00650442,
-9296.62898212,
-0.00358377,
-9422.24981582,
0.00265338,
-9549.17770286,
-0.00181224,
-9677.34269513,
-0.00242920,
-9806.78039917,
0.00541680,
-9937.51062992,
-0.00415962,
-10069.55715809,
-0.01078076,
-10202.90192518,
0.00040228,
-10337.56020037,
-0.00465853,
-10473.52855650,
0.00823122,
-4698.45337318,
-0.00526043,
-4698.45759018,
-0.00318235,
0.00441226,
0.00071398,
0.00082149,
-0.00166449,
0.01211840,
-0.00323756,
0.00648869,
0.00020539,
0.00219548,
0.00849238,
-0.00040335,
-0.00067301,
0.00540572,
-0.00123927,
-0.00771833,
0.00688637,
-0.00073365,
-0.00677516,
0.00850208,
0.00094234,
0.00614285,
-0.00711120,
-0.00485333,
0.00740504,
-0.00509827,
0.00135199,
-0.00449073,
0.00153403,
-0.00228379,
0.00666826,
0.00294704,
-0.00529717,
-13319.95042483,
0.00129489,
-13484.21035022,
-0.00679010,
-13650.01092532,
0.00727814,
-13817.29848500,
-0.00501587,
-13986.10587386,
-0.00561440,
-14156.47468547,
0.00400671,
-14328.38572704,
-0.00257553,
-14501.84469467,
0.00681181,
-14676.89082368,
0.00198941,
-14853.48504249,
0.00691006,
-15031.60996926,
-0.01017754,
-15211.39715691,
0.00282210,
-15392.80367585,
0.00240839,
-15575.79976592,
-0.00429181,
-4698.46042669,
0.00284917,
-4698.45725161,
-0.00009246,
-0.00510926,
-0.00579665,
0.00340447,
0.00827360,
0.00155904,
0.00537486,
0.00610507,
-0.00556549,
-0.00481068,
0.00672724,
0.00173143,
0.01013155,
-0.00122103,
-0.00394007,
0.00002601,
0.00324926,
-0.00005974,
0.00788333,
0.00258604,
0.00291728,
-0.00346338,
-0.00177530,
-0.00101745,
-0.00554195,
0.00471483,
-0.00083186,
0.00521087,
-0.00377564,
0.00540452,
0.00374050,
0.00068896,
-0.00339364,
