-142.35018828,
0.00024266,
-144.25188711,
0.00040747,
-146.16925923,
0.00088615,
-148.10743774,
-0.00035800,
-150.06355415,
-0.00016293,
-152.03957554,
0.00018688,
-154.03487876,
0.00081139,
-156.04759926,
-0.00067914,
-158.08305654,
0.00001092,
-160.13437983,
0.00033645,
-162.20635567,
-0.00006485,
-164.29943240,
0.00004605,
-166.40993045,
-0.00043685,
-168.54235914,
-0.00008758,
-4886.75435615,
0.00033649,
-4886.75500439,
-0.00036996,
0.00021367,
0.00000003,
0.00038996,
0.00048766,
-0.00064891,
-0.00071149,
-0.00047351,
0.00001420,
0.00011584,
-0.00006197,
0.00073122,
0.00028560,
-0.00061470,
-0.00027625,
0.00055498,
0.00022636,
-0.00001053,
0.00052337,
-0.00010087,
0.00019031,
-0.00036532,
0.00016148,
0.00028314,
-0.00009236,
0.00022723,
0.00047125,
-0.00011344,
0.00024443,
-0.00035359,
-0.00045683,
0.00007192,
-0.00037019,
-212.98120198,
-0.00035392,
-215.53676372,
0.00028080,
-218.11215830,
-0.00009573,
-220.71477352,
-0.00002800,
-223.33887456,
-0.00009650,
-225.98449638,
0.00032063,
-228.65146572,
0.00061639,
-231.34433045,
0.00005824,
-234.06129966,
-0.00019410,
-236.80102730,
-0.00016135,
-239.56243960,
-0.00000031,
-242.34949484,
0.00011871,
-245.15936044,
0.00029169,
-247.99128837,
0.00006902,
-4886.75485205,
-0.00002199,
-4886.75415189,
-0.00032684,
-0.00010611,
0.00017887,
0.00020065,
-0.00031489,
-0.00079952,
-0.00019950,
0.00026536,
-0.00007754,
-0.00003574,
0.00004954,
-0.00018979,
-0.00015219,
0.00040814,
-0.00001084,
0.00030880,
-0.00004149,
-0.00018204,
-0.00004693,
-0.00020546,
-0.00007473,
-0.00013312,
-0.00004871,
0.00002663,
0.00027424,
-0.00035398,
-0.00008296,
0.00020699,
0.00006510,
0.00016993,
0.00020729,
-0.00014305,
-0.00006721,
-306.56578315,
0.00037707,
-309.90804542,
-0.00007739,
-313.27523820,
0.00018054,
-316.66940280,
-0.00018391,
-320.09479552,
-0.00032069,
-323.54262391,
0.00003212,
-327.01815165,
0.00020247,
-330.52623260,
0.00057181,
-334.05502314,
0.00021565,
-337.61496296,
-0.00005614,
-341.20105578,
0.00031304,
-344.81966801,
-0.00013343,
-348.46097836,
-0.00001821,
-352.13489079,
0.00020765,
-4886.75230045,
-0.00052442,
-4886.75447000,
-0.00007075,
-0.00014975,
0.00009777,
0.00020458,
-0.00077757,
0.00020381,
-0.00024592,
0.00017377,
0.00037438,
0.00025919,
0.00035092,
-0.00021627,
-0.00014102,
0.00000021,
-0.00034069,
-0.00026643,
0.00054962,
0.00005605,
0.00004586,
0.00045597,
0.00053180,
0.00000898,
0.00010564,
-0.00010963,
0.00023772,
0.00006934,
-0.00029888,
0.00022890,
0.00062917,
0.00046152,
-0.00035700,
0.00009445,
0.00021679,
-427.50100245,
-0.00014398,
-431.77208139,
-0.00043408,
-436.07426196,
0.00029511,
-440.40769729,
0.00019081,
-444.77553624,
-0.00015244,
-449.17211108,
0.00015058,
-453.60449216,
-0.00035516,
-458.06166028,
0.00016686,
-462.55673812,
0.00031329,
-467.08969323,
-0.00013191,
-471.64535451,
-0.00002107,
-476.23708142,
-0.00031823,
-480.86755742,
-0.00058849,
-485.52720190,
-0.00002809,
-4886.75659060,
0.00088668,
-4886.75377084,
0.00029497,
-0.00024742,
-0.00019543,
-0.00115454,
0.00010344,
0.00007010,
-0.00031671,
-0.00035225,
-0.00063309,
-0.00030775,
-0.00016267,
-0.00017245,
-0.00059501,
-0.00033860,
-0.00026124,
0.00076627,
-0.00020270,
0.00013917,
0.00020128,
0.00036253,
0.00057967,
0.00010087,
-0.00020628,
-0.00023785,
-0.00000193,
-0.00012592,
-0.00013816,
0.00015125,
0.00069470,
-0.00001411,
0.00005141,
-0.00079982,
0.00035991,
