0.00264607,
-0.00000000,
0.00000001,
0.00000001,
0.00262673,
-0.00000001,
-0.00000001,
-0.00000001,
0.00260699,
-0.00000001,
0.00000001,
0.00000001,
0.00258689,
-0.00000001,
0.00000001,
-0.00000000,
0.00256641,
0.00000001,
0.00000000,
-0.00000000,
0.00000000,
0.00000000,
0.00000000,
0.00000000,
-0.00000001,
-0.00000000,
-0.00000000,
0.00000002,
-0.00000000,
0.00000001,
-0.00000001,
0.00000000,
0.00000000,
-0.00000000,
-0.00000000,
-0.00000001,
-0.00000000,
-0.00000000,
-0.00000001,
-0.00000000,
-0.00000001,
-0.00000001,
0.00000001,
0.00000002,
0.00000000,
-0.00000001,
0.00000000,
-0.00000000,
-0.00000001,
0.00000001,
-0.00000001,
-0.00000001,
-0.00000001,
0.00000001,
0.00000001,
0.00000000,
0.00000000,
-0.00000000,
0.00000002,
-0.00000001,
-0.00000000,
0.00000000,
0.00000001,
-0.00000001,
-0.00000001,
0.00000000,
-0.00000001,
-0.00000000,
-0.00000000,
-0.00000001,
-0.00000001,
0.00000000,
0.00000001,
0.00000000,
-0.00000001,
0.00000000,
0.00000001,
0.00000000,
-0.00000001,
-0.00000001,
0.00186534,
-0.00000001,
-0.00000000,
-0.00000001,
0.00183680,
0.00000000,
-0.00000001,
-0.00000002,
0.00180812,
0.00000001,
-0.00000000,
-0.00000001,
0.00177928,
0.00000001,
0.00000000,
-0.00000001,
0.00175032,
-0.00000000,
-0.00000001,
-0.00000000,
-0.00000001,
0.00000001,
0.00000000,
-0.00000001,
-0.00000002,
0.00000000,
-0.00000002,
0.00000000,
0.00000000,
-0.00000000,
0.00000001,
-0.00000000,
0.00000000,
-0.00000002,
-0.00000001,
-0.00000001,
-0.00000001,
-0.00000002,
-0.00000000,
-0.00000001,
-0.00000001,
0.00000001,
0.00000002,
0.00000000,
0.00000000,
0.00000000,
0.00000001,
0.00000000,
0.00000001,
0.00000003,
0.00000001,
0.00000002,
0.00000002,
-0.00000000,
-0.00000001,
0.00000000,
-0.00000000,
0.00000001,
-0.00000000,
0.00000000,
-0.00000000,
-0.00000000,
-0.00000001,
-0.00000001,
-0.00000001,
-0.00000000,
-0.00000000,
-0.00000001,
0.00000001,
-0.00000000,
0.00000001,
0.00000001,
-0.00000000,
-0.00000000,
-0.00000002,
-0.00000001,
-0.00000000,
-0.00000000,
-0.00000001,
-0.00000000,
0.00092416,
-0.00000001,
0.00000001,
0.00000000,
0.00089575,
0.00000000,
0.00000001,
0.00000000,
0.00086753,
-0.00000001,
-0.00000000,
0.00000001,
0.00083952,
0.00000000,
0.00000000,
-0.00000001,
0.00081175,
-0.00000000,
0.00000001,
-0.00000000,
-0.00000001,
-0.00000002,
-0.00000001,
-0.00000000,
-0.00000001,
0.00000000,
0.00000000,
-0.00000000,
0.00000000,
0.00000000,
-0.00000001,
-0.00000002,
0.00000001,
0.00000002,
0.00000001,
-0.00000001,
-0.00000000,
0.00000000,
-0.00000001,
-0.00000000,
0.00000000,
0.00000000,
0.00000001,
-0.00000001,
-0.00000001,
-0.00000000,
-0.00000001,
-0.00000003,
0.00000001,
0.00000002,
0.00000001,
0.00000001,
0.00000001,
-0.00000001,
-0.00000002,
0.00000000,
-0.00000001,
-0.00000000,
0.00000000,
0.00000001,
-0.00000001,
-0.00000001,
0.00000001,
0.00000001,
-0.00000000,
-0.00000000,
-0.00000001,
0.00000001,
0.00000000,
-0.00000002,
0.00000001,
-0.00000001,
-0.00000001,
0.00000001,
-0.00000000,
0.00000000,
0.00000001,
-0.00000002,
-0.00000000,
0.00000001,
0.00018286,
0.00000001,
-0.00000001,
-0.00000000,
0.00016791,
-0.00000000,
-0.00000001,
-0.00000001,
0.00015365,
0.00000001,
0.00000001,
-0.00000000,
0.00014007,
-0.00000000,
0.00000001,
0.00000000,
0.00012722,
-0.00000001,
0.00000001,
-0.00000000,
-0.00000001,
-0.00000000,
-0.00000002,
-0.00000001,
-0.00000001,
-0.00000000,
-0.00000001,
0.00000000,
-0.00000000,
0.00000000,
0.00000000,
-0.00000001,
-0.00000001,
-0.00000001,
0.00000001,
0.00000001,
-0.00000000,
-0.00000001,
0.00000001,
0.00000001,
-0.00000001,
-0.00000001,
-0.00000000,
-0.00000000,
-0.00000004,
0.00000000,
0.00000000,
0.00000001,
-0.00000000,
0.00000001,
-0.00000000,
0.00000001,
0.00000002,
0.00000000,
-0.00000000,
0.00000000,
0.00000000,
0.00000002,
0.00000001,
-0.00000000,
-0.00000001,
-0.00000002,
-0.00000000,
-0.00000001,
0.00000001,
0.00000000,
0.00000000,
-0.00000001,
-0.00000000,
-0.00000001,
-0.00000000,
-0.00000001,
0.00000000,
0.00000000,
-0.00000000,
0.00000002,
-0.00000001,
-0.00000000,
0.00000000,
-0.00000001,
0.00013086,
0.00000001,
0.00000001,
0.00000001,
0.00014673,
0.00000000,
0.00000000,
0.00000002,
0.00016391,
-0.00000001,
0.00000001,
-0.00000000,
0.00018240,
-0.00000003,
0.00000001,
0.00000000,
0.00020220,
0.00000001,
-0.00000000,
-0.00000001,
-0.00000001,
-0.00000000,
-0.00000001,
-0.00000000,
-0.00000000,
-0.00000001,
0.00000000,
-0.00000001,
-0.00000000,
-0.00000002,
0.00000001,
-0.00000002,
-0.00000000,
-0.00000001,
-0.00000000,
0.00000001,
-0.00000001,
0.00000001,
0.00000001,
-0.00000000,
-0.00000000,
-0.00000000,
-0.00000001,
0.00000000,
-0.00000002,
0.00000001,
0.00000001,
0.00000000,
-0.00000002,
0.00000000,
0.00000000,
-0.00000001,
0.00000000,
-0.00000000,
-0.00000001,
0.00000001,
-0.00000000,
0.00000001,
-0.00000001,
-0.00000002,
-0.00000001,
-0.00000001,
-0.00000001,
-0.00000001,
0.00000002,
-0.00000001,
-0.00000001,
-0.00000000,
0.00000000,
-0.00000002,
0.00000000,
-0.00000001,
0.00000000,
-0.00000001,
-0.00000000,
0.00000001,
0.00000001,
0.00000001,
0.00000000,
-0.00000001,
