-99957.36008222,
-0.08404727,
-101630.56214817,
0.08804842,
-103324.97007403,
0.01692778,
-105040.67851162,
-0.00051117,
-106777.18921206,
-0.07174532,
-108535.53995694,
0.01427027,
-110315.27224934,
0.00941980,
-112116.80360007,
-0.14443397,
-113940.61893912,
0.03595745,
-115786.40314906,
0.03706427,
-117654.35839180,
0.01451371,
-119545.14816267,
-0.05094876,
-121458.48349303,
-0.02532091,
-123394.44422030,
0.08700476,
-67583.67158707,
0.01879719,
-67583.51457634,
-0.03584252,
0.06453885,
-0.02516289,
-0.01565055,
0.06106971,
0.02830133,
-0.00684535,
-0.03338850,
-0.03103569,
0.00239780,
-0.00177893,
0.04864078,
0.01349189,
-0.02215126,
-0.01024018,
0.09918289,
0.00426680,
-0.02539976,
0.01100648,
0.02289448,
0.05742227,
-0.03078870,
-0.08905932,
-0.05068496,
-0.12280540,
-0.05006144,
-0.13506360,
-0.01016611,
0.02512347,
-0.07822633,
0.06423127,
0.04299888,
0.03584312,
-164773.51297999,
-0.05454289,
-167206.18542702,
-0.06468218,
-169665.61326905,
0.07954652,
-172152.23522469,
-0.06305086,
-174665.90210873,
-0.02397211,
-177207.31460810,
-0.12409518,
-179776.34530541,
0.04768559,
-182372.71486286,
-0.00662581,
-184997.66032350,
-0.02443317,
-187650.65639349,
-0.01589504,
-190331.85680611,
0.05743013,
-193042.00745309,
0.06422817,
-195780.95486514,
-0.03324034,
-198548.45710296,
-0.00442574,
-67583.53494562,
0.03672312,
-67583.59027509,
-0.04643280,
0.07776063,
-0.01988815,
-0.02930600,
0.15813508,
0.02690641,
-0.03700326,
0.07256513,
0.07800152,
-0.17691998,
-0.03427817,
0.02677197,
-0.01509397,
-0.08985778,
-0.08046851,
0.07411074,
0.04126091,
0.08044799,
-0.03853526,
-0.00649335,
0.00579277,
0.07830190,
0.00853431,
-0.03566247,
0.00059581,
-0.00044282,
0.01257122,
-0.04176931,
-0.02860419,
0.04983069,
-0.01298717,
-0.00000156,
-0.07003003,
-256931.90815701,
-0.05260316,
-260324.45216343,
0.02310724,
-263750.34454257,
0.00508971,
-267210.05673353,
-0.03077953,
-270703.91453826,
-0.02674310,
-274231.97234085,
-0.02064303,
-277793.95059924,
0.13718221,
-281390.64191078,
-0.07656042,
-285022.40620950,
0.04713927,
-288689.16080050,
0.03330380,
-292390.72932769,
-0.00592272,
-296128.15527494,
-0.03371185,
-299900.91875066,
0.04665184,
-303709.94601819,
-0.14408276,
-67583.55260198,
-0.06600847,
-67583.61936495,
0.00008157,
-0.03527696,
-0.04562995,
-0.01198816,
0.00205350,
0.03409882,
0.01836743,
-0.03310402,
-0.02235462,
-0.08545157,
0.03069698,
-0.01856493,
0.00187652,
0.02497534,
0.02230544,
-0.02996914,
0.03437078,
0.02586894,
0.04385916,
-0.03652328,
0.07483356,
-0.05040846,
0.01046754,
-0.01919086,
-0.04092621,
-0.01690164,
-0.03682870,
0.07455416,
0.01559618,
-0.07458570,
-0.01521627,
0.05035028,
-0.03713302,
-383216.13833174,
0.00249035,
-387792.60277422,
-0.06790011,
-392409.86956401,
0.08129584,
-397068.26965383,
-0.02956404,
-401768.57144962,
0.01948706,
-406510.10872089,
0.05540083,
-411293.27323342,
0.01811344,
-416118.09856163,
-0.10125405,
-420986.20747859,
-0.02428215,
-425896.32075681,
0.05818076,
-430849.20677826,
0.06549035,
-435845.43202049,
-0.05261251,
-440885.01440086,
-0.06671079,
-445967.81422727,
-0.04679427,
-67583.61415203,
-0.00924987,
-67583.48481106,
-0.04879915,
-0.04514143,
-0.00150267,
-0.05533952,
-0.09909995,
-0.03055741,
0.04533811,
0.11856552,
0.09582599,
-0.03544336,
-0.03677312,
0.07651780,
-0.04717562,
0.07091286,
-0.07834048,
-0.02653564,
0.07368765,
-0.01017740,
0.11194157,
0.09372191,
0.02281979,
-0.03638459,
-0.00407976,
0.08149198,
0.01782977,
0.10737350,
0.07792517,
-0.01169983,
-0.02598730,
0.02903892,
-0.00092944,
0.03609106,
0.01589243,
