0.17048576,
0.17047113,
0.17045703,
0.17044296,
0.17042883,
0.17041450,
0.17040073,
0.17038689,
0.17037307,
0.17035868,
0.17034485,
0.17033116,
0.17031706,
0.17030318,
0.17028902,
0.17027509,
0.17026102,
0.17024721,
0.17023301,
0.17021897,
0.17020487,
0.17019132,
0.17017731,
0.17016329,
0.17014925,
0.17013538,
0.17012126,
0.17010740,
0.17003758,
0.17002351,
0.17000949,
0.16999546,
0.16998143,
0.16996750,
0.16995383,
0.16993988,
0.16992568,
0.16991183,
0.16989791,
0.16988392,
0.16986979,
0.16985588,
0.16984169,
0.16982777,
0.16981426,
0.16980039,
0.16978624,
0.16977198,
0.16975807,
0.16974432,
0.16973014,
0.16971637,
0.16970250,
0.16968836,
0.16967424,
0.16966043,
0.16959053,
0.16957685,
0.16956281,
0.16954878,
0.16953524,
0.16952098,
0.16950680,
0.16949295,
0.16947921,
0.16946505,
0.16945103,
0.16943728,
0.16942320,
0.16940923,
0.16939541,
0.16938131,
0.16936749,
0.16935355,
0.16933966,
0.16932578,
0.16931156,
0.16929751,
0.16928382,
0.16926969,
0.16925627,
0.16924216,
0.16922818,
0.16921391,
0.16914456,
0.16913057,
0.16911650,
0.16910259,
0.16908879,
0.16907454,
0.16906058,
0.16904662,
0.16903265,
0.16901891,
0.16900492,
0.16899103,
0.16897726,
0.16896341,
0.16894928,
0.16893501,
0.16892112,
0.16890730,
0.16889365,
0.16887946,
0.16886579,
0.16885166,
0.16883761,
0.16882356,
0.16880989,
0.16879604,
0.16878195,
0.16876788,
0.16869823,
0.16868443,
0.16867047,
0.16865641,
0.16864268,
0.16862888,
0.16861490,
0.16860087,
0.16858682,
0.16857313,
0.16855919,
0.16854533,
0.16853134,
0.16851743,
0.16850316,
0.16848943,
0.16847576,
0.16846168,
0.16844773,
0.16843384,
0.16841984,
0.16840605,
0.16839179,
0.16837788,
0.16836403,
0.16835033,
0.16833640,
0.16832225,
0.16825289,
0.16823928,
0.16822492,
0.16821110,
0.16819719,
0.16818362,
0.16816985,
0.16815553,
0.16814152,
0.16812732,
0.16811370,
0.16809969,
0.16808568,
0.16807199,
0.16805816,
0.16804411,
0.16803018,
0.16801626,
0.16800232,
0.16798868,
0.16797455,
0.16796084,
0.16794685,
0.16793271,
0.16791875,
0.16790521,
0.16789129,
0.16787723,
0.16780756,
0.16779384,
0.16777987,
0.16776599,
0.16775210,
0.16773799,
0.16772452,
0.16771053,
0.16769652,
0.16768240,
0.16766856,
0.16765466,
0.16764119,
0.16762729,
0.16761327,
0.16759909,
0.16758526,
0.16757139,
0.16755755,
0.16754360,
0.16752968,
0.16751593,
0.16750195,
0.16748809,
0.16747408,
0.16746053,
0.16744628,
0.16743249,
0.16736278,
0.16734902,
0.16733531,
0.16732145,
0.16730716,
0.16729352,
0.16727976,
0.16726601,
0.16725177,
0.16723786,
0.16722410,
0.16721023,
0.16719628,
0.16718244,
0.16716862,
0.16715461,
0.16714087,
0.16712691,
0.16711293,
0.16709895,
0.16708531,
0.16707142,
0.16705760,
0.16704355,
0.16702952,
0.16701583,
0.16700206,
0.16698807,
0.16691879,
0.16690474,
0.16689071,
0.16687718,
0.16686314,
0.16684917,
0.16683523,
0.16682164,
0.16680803,
0.16679385,
0.16677976,
0.16676592,
0.16675211,
0.16673837,
0.16672467,
0.16671055,
0.16669670,
0.16668268,
0.16666909,
0.16665506,
0.16664111,
0.16662727,
0.16661348,
0.16659944,
0.16658581,
0.16657210,
0.16655835,
0.16654413,
0.16647461,
0.16646085,
0.16644717,
0.16643327,
0.16641929,
0.16640550,
0.16639165,
0.16637795,
0.16636415,
0.16635008,
0.16633609,
0.16632234,
0.16630856,
0.16629460,
0.16628058,
0.16626674,
0.16625296,
0.16623931,
0.16622536,
0.16621137,
0.16619765,
0.16618363,
0.16616964,
0.16615587,
0.16614209,
0.16612814,
0.16611448,
0.16610037,
0.16603141,
0.16601753,
0.16600340,
0.16598965,
0.16597606,
0.16596229,
0.16594808,
0.16593413,
0.16592035,
0.16590679,
0.16589277,
0.16587905,
0.16586509,
0.16585149,
0.16583765,
0.16582375,
0.16580981,
0.16579580,
0.16578201,
0.16576820,
0.16575443,
0.16574058,
0.16572667,
0.16571268,
0.16569879,
0.16568505,
0.16567116,
0.16565756,
0.16558826,
0.16557431,
0.16556056,
0.16554678,
0.16553278,
0.16551901,
0.16550505,
0.16549145,
0.16547778,
0.16546366,
0.16544984,
0.16543606,
0.16542251,
0.16540864,
0.16539461,
0.16538082,
0.16536672,
0.16535310,
0.16533939,
0.16532545,
0.16531144,
0.16529782,
0.16528392,
0.16527009,
0.16525624,
0.16524236,
0.16522887,
0.16521480,
0.16514562,
0.16513200,
0.16511809,
0.16510412,
0.16509028,
0.16507645,
0.16506282,
0.16504891,
0.16503519,
0.16502115,
0.16500738,
0.16499345,
0.16497959,
0.16496588,
0.16495214,
0.16493856,
0.16492463,
0.16491082,
0.16489669,
0.16488299,
0.16486911,
0.16485534,
0.16484159,
0.16482765,
0.16481404,
0.16480020,
0.16478638,
0.16477235,
0.16470356,
0.16468964,
0.16467572,
0.16466179,
0.16464824,
0.16463440,
0.16462044,
0.16460657,
0.16459289,
0.16457919,
0.16456505,
0.16455112,
0.16453753,
0.16452394,
0.16451020,
0.16449620,
0.16448221,
0.16446869,
0.16445473,
0.16444103,
0.16442716,
0.16441362,
0.16439971,
0.16438584,
0.16437181,
0.16435806,
0.16434426,
0.16433069,
0.16426154,
0.16424740,
0.16423388,
0.16422019,
0.16420658,
0.16419255,
0.16417849,
0.16416489,
0.16415099,
0.16413757,
0.16412368,
0.16410971,
0.16409579,
0.16408192,
0.16406842,
0.16405459,
0.16404077,
0.16402711,
0.16401320,
0.16399944,
0.16398564,
0.16397178,
0.16395790,
0.16394437,
0.16393028,
0.16391674,
0.16390295,
0.16388913,
0.16382012,
0.16380664,
0.16379261,
0.16377890,
0.16376491,
0.16375127,
0.16373746,
0.16372369,
0.16370979,
0.16369624,
0.16368245,
0.16366845,
0.16365468,
0.16364086,
0.16362696,
0.16361329,
0.16359961,
0.16358579,
0.16357224,
0.16355836,
0.16354426,
0.16353071,
0.16351712,
0.16350323,
0.16348938,
0.16347546,
0.16346183,
0.16344808,
0.16337926,
0.16336567,
0.16335154,
0.16333770,
0.16332391,
0.16331056,
0.16329660,
0.16328287,
0.16326893,
0.16325508,
0.16324156,
0.16322791,
0.16321380,
0.16320006,
0.16318639,
0.16317262,
0.16315896,
0.16314509,
0.16313136,
0.16311777,
0.16310392,
0.16308982,
0.16307612,
0.16306249,
0.16304866,
0.16303489,
0.16302100,
0.16300736,
0.16293827,
0.16292467,
0.16291098,
0.16289744,
0.16288346,
0.16286966,
0.16285595,
0.16284208,
0.16282839,
0.16281486,
0.16280105,
0.16278732,
0.16277357,
0.16275987,
0.16274612,
0.16273215,
0.16271828,
0.16270439,
0.16269098,
0.16267734,
0.16266351,
0.16264953,
0.16263594,
0.16262227,
0.16260871,
0.16259496,
0.16258085,
0.16256718,
0.16249817,
0.16248453,
0.16247107,
0.16245714,
0.16244340,
0.16242961,
0.16241600,
0.16240225,
0.16238862,
0.16237466,
0.16236089,
0.16234721,
0.16233359,
0.16231981,
0.16230591,
0.16229199,
0.16227850,
0.16226457,
0.16225098,
0.16223707,
0.16222356,
0.16220995,
0.16219606,
0.16218225,
0.16216858,
0.16215494,
0.16214119,
0.16212742,
0.16205847,
0.16204494,
0.16203131,
0.16201745,
0.16200385,
0.16198987,
0.16197639,
0.16196247,
0.16194870,
0.16193482,
0.16192128,
0.16190755,
0.16189381,
0.16188021,
0.16186646,
0.16185285,
0.16183918,
0.16182522,
0.16181123,
0.16179763,
0.16178407,
0.16177039,
0.16175642,
0.16174244,
0.16172914,
0.16171542,
0.16170165,
0.16168804,
0.16161962,
0.16160545,
0.16159194,
0.16157828,
0.16156436,
0.16155061,
0.16153674,
0.16152319,
0.16150972,
0.16149592,
0.16148199,
0.16146842,
0.16145469,
0.16144108,
0.16142721,
0.16141345,
0.16139967,
0.16138629,
0.16137225,
0.16135863,
0.16134498,
0.16133094,
0.16131761,
0.16130378,
0.16129007,
0.16127634,
0.16126259,
0.16124898,
0.16118017,
0.16116657,
0.16115297,
0.16113929,
0.16112561,
0.16111171,
0.16109825,
0.16108449,
0.16107090,
0.16105703,
0.16104319,
0.16102946,
0.16101590,
0.16100214,
0.16098834,
0.16097470,
0.16096104,
0.16094773,
0.16093369,
0.16091987,
0.16090627,
0.16089282,
0.16087870,
0.16086518,
0.16085133,
0.16083778,
0.16082391,
0.16081049,
0.16074198,
0.16072822,
0.16071449,
0.16070106,
0.16068713,
0.16067344,
0.16065962,
0.16064603,
0.16063244,
0.16061865,
0.16060486,
0.16059116,
0.16057754,
0.16056395,
0.16055014,
0.16053665,
0.16052276,
0.16050883,
0.16049534,
0.16048199,
0.16046819,
0.16045449,
0.16044063,
0.16042689,
0.16041309,
0.16039969,
0.16038586,
0.16037210,
0.16030352,
0.16028994,
0.16027614,
0.16026274,
0.16024900,
0.16023531,
0.16022155,
0.16020788,
0.16019426,
0.16018084,
0.16016713,
0.16015318,
0.16013947,
0.16012591,
0.16011246,
0.16009841,
0.16008477,
0.16007117,
0.16005772,
0.16004395,
0.16003014,
0.16001668,
0.16000293,
0.15998886,
0.15997564,
0.15996167,
0.15994804,
0.15993424,
0.15986605,
0.15985233,
0.15983875,
0.15982535,
0.15981169,
0.15979785,
0.15978425,
0.15977039,
0.15975651,
0.15974326,
0.15972957,
0.15971574,
0.15970208,
0.15968825,
0.15967448,
0.15966113,
0.15964773,
0.15963374,
0.15961990,
0.15960635,
0.15959296,
0.15957900,
0.15956561,
0.15955174,
0.15953803,
0.15952437,
0.15951078,
0.15949703,
0.15942900,
0.15941494,
0.15940119,
0.15938787,
0.15937416,
0.15936053,
0.15934672,
0.15933314,
0.15931946,
0.15930576,
0.15929226,
0.15927870,
0.15926490,
0.15925125,
0.15923788,
0.15922389,
0.15921015,
0.15919652,
0.15918317,
0.15916938,
0.15915599,
0.15914221,
0.15912848,
0.15911449,
0.15910098,
0.15908768,
0.15907378,
0.15906018,
0.15899216,
0.15897803,
0.15896451,
0.15895097,
0.15893742,
0.15892398,
0.15891011,
0.15889642,
0.15888267,
0.15886912,
0.15885569,
0.15884183,
0.15882826,
0.15881464,
0.15880065,
0.15878705,
0.15877372,
0.15876011,
0.15874638,
0.15873272,
0.15871909,
0.15870564,
0.15869194,
0.15867818,
0.15866455,
0.15865094,
0.15863742,
0.15862372,
0.15855587,
0.15854209,
0.15852793,
0.15851451,
0.15850093,
0.15848735,
0.15847372,
0.15845997,
0.15844658,
0.15843282,
0.15841926,
0.15840561,
0.15839186,
0.15837830,
0.15836473,
0.15835117,
0.15833731,
0.15832383,
0.15830989,
0.15829648,
0.15828286,
0.15826940,
0.15825590,
0.15824179,
0.15822826,
0.15821465,
0.15820113,
0.15818767,
