3.25399897,
-0.00000065,
3.24519630,
-0.00000195,
3.23644314,
0.00000123,
3.22768985,
-0.00000188,
3.21892637,
0.00000003,
3.21007472,
0.00000176,
3.20126198,
-0.00000117,
3.19237677,
0.00000186,
3.18347363,
-0.00000099,
3.17453396,
-0.00000062,
3.16561169,
0.00000304,
3.15661277,
-0.00000115,
3.14761131,
0.00000257,
3.13862727,
-0.00000247,
2.96260468,
0.00000049,
2.95316568,
-0.00000036,
2.94369195,
0.00000101,
2.93413147,
-0.00000019,
2.92466688,
0.00000101,
2.91510841,
-0.00000043,
2.90552320,
-0.00000203,
2.89594590,
-0.00000075,
2.88635787,
-0.00000035,
2.87673387,
0.00000114,
2.86711598,
-0.00000006,
2.85750750,
-0.00000075,
2.84778841,
-0.00000019,
2.83817253,
-0.00000258,
2.65186511,
-0.00000134,
2.64193158,
0.00000162,
2.63207640,
-0.00000100,
2.62207302,
0.00000123,
2.61214103,
-0.00000314,
2.60216378,
0.00000102,
2.59229974,
0.00000084,
2.58226821,
-0.00000126,
2.57232115,
-0.00000028,
2.56233924,
-0.00000155,
2.55233139,
-0.00000332,
2.54235737,
0.00000274,
2.53233101,
0.00000176,
2.52232992,
0.00000029,
2.33149108,
0.00000157,
2.32138816,
-0.00000135,
2.31134210,
0.00000217,
2.30126854,
-0.00000120,
2.29123793,
0.00000049,
2.28107525,
0.00000238,
2.27103989,
-0.00000015,
2.26098395,
0.00000088,
2.25086612,
-0.00000044,
2.24083958,
-0.00000036,
2.23077594,
0.00000237,
2.22074885,
-0.00000137,
2.21070668,
0.00000028,
2.20058803,
-0.00000036,
2.01021323,
-0.00000104,
2.00029002,
-0.00000069,
1.99026525,
0.00000067,
1.98036735,
0.00000145,
1.97043031,
-0.00000062,
1.96047367,
0.00000151,
1.95053748,
-0.00000126,
1.94065372,
0.00000054,
1.93070943,
0.00000122,
1.92080182,
0.00000199,
1.91093075,
0.00000224,
1.90099375,
-0.00000031,
1.89118428,
-0.00000025,
1.88126617,
0.00000020,
1.69587493,
0.00000133,
1.68628292,
0.00000080,
1.67665437,
0.00000195,
1.66703941,
0.00000187,
1.65752697,
-0.00000106,
1.64786845,
-0.00000044,
1.63836089,
-0.00000019,
1.62877516,
0.00000241,
1.61923960,
0.00000009,
1.60968621,
-0.00000002,
1.60027010,
0.00000257,
1.59071187,
-0.00000033,
1.58127704,
-0.00000077,
1.57178923,
-0.00000141,
1.39535520,
0.00000054,
1.38621550,
0.00000065,
1.37712012,
0.00000004,
1.36804078,
0.00000062,
1.35901091,
-0.00000023,
1.34997987,
0.00000050,
1.34094739,
0.00000024,
1.33201433,
0.00000317,
1.32307528,
0.00000146,
1.31402770,
-0.00000180,
1.30512417,
-0.00000150,
1.29623093,
-0.00000039,
1.28734544,
-0.00000141,
1.27849897,
0.00000083,
1.11422086,
-0.00000066,
1.10584370,
-0.00000067,
1.09738507,
0.00000019,
1.08906723,
0.00000098,
1.08071751,
0.00000105,
1.07242243,
0.00000164,
1.06408664,
0.00000030,
1.05582787,
0.00000098,
1.04761696,
-0.00000044,
1.03938270,
0.00000039,
1.03115755,
0.00000194,
1.02300503,
0.00000074,
1.01486113,
-0.00000013,
1.00671224,
0.00000058,
0.85738134,
0.00000148,
0.84982058,
-0.00000030,
0.84223721,
-0.00000085,
0.83470469,
-0.00000474,
0.82719022,
0.00000048,
0.81970238,
0.00000017,
0.81223640,
-0.00000088,
0.80480767,
-0.00000031,
0.79745693,
0.00000094,
0.79006068,
-0.00000176,
0.78272184,
0.00000089,
0.77538663,
0.00000070,
0.76811500,
-0.00000017,
0.76087520,
0.00000125,
0.62853864,
0.00000200,
0.62187946,
0.00000039,
0.61522521,
0.00000088,
0.60863055,
0.00000314,
0.60203743,
-0.00000078,
0.59551826,
0.00000143,
0.58900384,
0.00000089,
0.58249925,
-0.00000072,
0.57604265,
0.00000155,
0.56963126,
-0.00000109,
0.56323381,
-0.00000157,
0.55685954,
0.00000259,
0.55052365,
-0.00000110,
0.54421743,
0.00000200,
0.43040848,
0.00000173,
0.42475984,
-0.00000125,
0.41907568,
-0.00000075,
0.41348303,
-0.00000040,
0.40789339,
-0.00000102,
0.40233943,
0.00000025,
0.39681969,
0.00000020,
0.39135278,
0.00000127,
0.38590835,
0.00000014,
0.38048368,
0.00000010,
0.37510215,
-0.00000193,
0.36973740,
-0.00000085,
0.36442039,
-0.00000063,
0.35911645,
-0.00000069,
0.26471687,
0.00000390,
0.26007784,
-0.00000093,
0.25547293,
-0.00000071,
0.25090292,
-0.00000168,
0.24633341,
0.00000145,
0.24183369,
0.00000091,
0.23734723,
0.00000023,
0.23288421,
-0.00000059,
0.22848065,
-0.00000045,
0.22409291,
-0.00000103,
0.21973638,
0.00000142,
0.21542658,
0.00000208,
0.21114454,
0.00000118,
0.20687912,
-0.00000183,
0.13220060,
-0.00000115,
0.12856218,
0.00000018,
0.12500701,
-0.00000075,
0.12146236,
0.00000318,
0.11795200,
0.00000150,
0.11446011,
-0.00000079,
0.11102637,
0.00000028,
0.10760367,
0.00000019,
0.10421364,
-0.00000390,
0.10088015,
-0.00000082,
0.09754886,
0.00000318,
0.09426395,
-0.00000134,
0.09100160,
0.00000182,
0.08780453,
0.00000005,
0.03251681,
0.00000058,
0.02991900,
0.00000168,
0.02734124,
0.00000022,
0.02481291,
-0.00000165,
0.02230253,
-0.00000145,
0.01982475,
0.00000180,
0.01738023,
-0.00000074,
0.01498535,
-0.00000197,
0.01258635,
0.00000158,
0.01023377,
0.00000121,
0.00790227,
-0.00000105,
0.00562398,
0.00000009,
0.00335415,
-0.00000122,
0.00111472,
-0.00000152,
-1.91388977,
0.00000310,
-1.91389161,
0.00000175,
-1.91389050,
-0.00000025,
-1.91389784,
-0.00000034,
-1.91388963,
-0.00000218,
-1.91388805,
-0.00000199,
-1.91389149,
0.00000355,
-1.91389848,
-0.00000053,
-1.91389258,
-0.00000098,
-1.91389235,
-0.00000201,
-1.91389045,
0.00000033,
-1.91389482,
-0.00000396,
-1.91389410,
-0.00000095,
-1.91389549,
-0.00000134,
-1.91389476,
-0.00000114,
-1.91389152,
0.00000091,
-1.91388710,
0.00000192,
-1.91388951,
-0.00000035,
-1.91389040,
0.00000245,
-1.91388622,
0.00000257,
-1.91388532,
0.00000115,
-1.91389485,
-0.00000158,
-1.91389179,
0.00000083,
-1.91388741,
0.00000055,
-1.91388719,
0.00000014,
-1.91389270,
-0.00000133,
-1.91388521,
-0.00000185,
-1.91388813,
-0.00000075,
-0.00000176,
-0.00000101,
-0.00000044,
-0.00000085,
-0.00000027,
-0.00000116,
0.00000009,
0.00000119,
0.00000008,
0.00000122,
0.00000198,
0.00000009,
0.00000140,
0.00000134,
0.00000051,
-0.00000186,
-0.00000104,
-0.00000081,
0.00000080,
0.00000102,
-0.00000090,
0.00000010,
0.00000088,
-0.00000157,
-0.00000036,
-0.00000078,
-0.00000169,
-0.00000007,
0.00000033,
-0.00000036,
-0.00000184,
0.00000225,
-0.00000210,
0.00000015,
0.00000135,
0.00000045,
-0.00000140,
-0.00000066,
-0.00000007,
0.00000070,
0.00000102,
-0.00000077,
0.00000264,
-0.00000050,
0.00000083,
-0.00000304,
0.00000120,
-0.00000140,
-0.00000025,
-0.00000150,
0.00000071,
-0.00000179,
-0.00000020,
-0.00000035,
0.00000110,
0.00000030,
0.00000078,
0.00000018,
-0.00000191,
0.00000107,
-0.00000159,
-0.00000076,
0.00000224,
-0.00000033,
-0.00000227,
0.00000083,
0.00000071,
-0.00000156,
0.00000208,
-0.00000262,
-0.00000079,
0.00000011,
0.00000223,
0.00000023,
-0.00000110,
0.00000183,
-0.00000265,
0.00000005,
-0.00000196,
0.00000072,
0.00000123,
-0.00000261,
-0.00000026,
0.00000078,
-0.00000074,
0.00000125,
0.00000262,
-0.00000145,
-0.00000139,
0.00000029,
0.00000035,
0.00000032,
-0.00000027,
0.00000056,
0.00000131,
0.00000030,
-0.00000301,
-0.00000088,
0.00000046,
0.00000057,
0.00000007,
-0.00000196,
0.00000167,
-0.00000272,
0.00000229,
-0.00000006,
0.00000144,
0.00000111,
0.00000026,
0.00000146,
0.00000025,
-0.00000070,
0.00000177,
0.00000148,
-0.00000034,
0.00000004,
0.00000291,
-0.00000074,
-0.00000081,
0.00000251,
-0.00000051,
-0.00000155,
-0.00000029,
0.00000098,
-0.00000055,
-0.00000010,
-0.00000250,
0.00000144,
0.00000019,
-0.00000109,
0.00000115,
0.00000037,
-0.00000038,
0.00000072,
-0.00000222,
0.00000004,
-0.00000254,
0.00000036,
-0.00000139,
-0.00000022,
0.00000007,
-0.00000123,
0.00000378,
0.00000143,
0.00000060,
0.00000182,
0.00000219,
0.00000114,
-0.00000307,
0.00000042,
0.00000093,
0.00000218,
-0.00000056,
-0.00000134,
0.00000032,
-0.00000049,
0.00000373,
0.00000044,
-0.00000067,
0.00000150,
-0.00000258,
0.00000189,
-0.00000036,
0.00000288,
-0.00000202,
-0.00000012,
-0.00000036,
0.00000160,
0.00000033,
-0.00000038,
-0.00000190,
-0.00000191,
0.00000068,
-0.00000096,
-0.00000109,
-0.00000214,
-0.00000222,
-0.00000149,
0.00000013,
0.00000062,
-0.00000047,
-0.00000068,
0.00000145,
-0.00000248,
-0.00000060,
-0.00000226,
-0.00000224,
0.00000098,
-0.00000188,
-0.00000023,
0.00000029,
-0.00000138,
-0.00000119,
-0.00000033,
0.00000172,
0.00000080,
0.00000097,
-0.00000026,
0.00000056,
0.00000165,
-0.00000006,
-0.00000180,
0.00000004,
0.00000191,
-0.00000187,
0.00000010,
0.00000181,
0.00000037,
-0.00000134,
-0.00000065,
0.00000011,
0.00000001,
0.00000003,
-0.00000022,
-0.00000069,
0.00000159,
-0.00000046,
0.00000273,
0.00000037,
0.00000027,
0.00000231,
-0.00000018,
-0.00000048,
-0.00000013,
-0.00000017,
-0.00000060,
0.00000103,
0.00000110,
-0.00000063,
0.00000059,
0.00000271,
0.00000096,
-0.00000204,
0.00000157,
-0.00000454,
0.00000124,
-0.00000007,
0.00000068,
0.00000102,
0.00000179,
0.00000054,
-0.00000044,
0.00000286,
0.00000119,
-0.00000197,
0.00000056,
0.00000064,
0.00000010,
-0.00000299,
-0.00000099,
-0.00000199,
-0.00000187,
-0.00000056,
0.00000185,
-0.00000121,
0.00000077,
-0.00000037,
-0.00000223,
-0.00000031,
0.00000086,
0.00000010,
-0.00000021,
-0.00000064,
0.00000041,
0.00000186,
-0.00000089,
-0.00000211,
-0.00000184,
0.00000132,
-0.00000005,
0.00000084,
-0.00000028,
-0.00000021,
0.00000015,
-0.00000036,
-0.00000218,
0.00000079,
-0.00000045,
-0.00000021,
0.00000213,
0.00000240,
-0.00000080,
-0.00000073,
-0.00000070,
0.00000033,
-0.00000244,
-0.00000259,
0.00000213,
-0.00000108,
0.00000008,
0.00000092,
0.00000002,
0.00000065,
-0.00000103,
-0.00000121,
-0.00000029,
0.00000068,
-0.00000135,
0.00000065,
-0.00000087,
-0.00000167,
0.00000190,
-0.00000057,
-0.00000084,
0.00000067,
0.00000168,
0.00000009,
-0.00000102,
-0.00000040,
-0.00000110,
0.00000116,
-0.00000120,
-0.00000166,
-0.00000163,
-0.00000089,
-0.00000020,
-0.00000050,
0.00000085,
-0.00000027,
0.00000024,
-0.00000154,
-0.00000009,
0.00000265,
0.00000220,
0.00000143,
-0.00000104,
-0.00000046,
-0.00000162,
0.00000055,
0.00000035,
-0.00000108,
0.00000009,
-0.00000038,
0.00000127,
0.00000074,
0.00000106,
