0.15861062,
0.15853352,
0.15845405,
0.15837267,
0.15829083,
0.15820935,
0.15812752,
0.15804572,
0.15796421,
0.15788239,
0.15780088,
0.15771922,
0.15763783,
0.15755617,
0.15747464,
0.15739310,
0.15731124,
0.15722984,
0.15714818,
0.15706667,
0.15698543,
0.15690381,
0.15682246,
0.15674105,
0.15665945,
0.15657801,
0.15649669,
0.15641566,
0.15600878,
0.15592741,
0.15584606,
0.15576457,
0.15568335,
0.15560233,
0.15552091,
0.15543991,
0.15535872,
0.15527737,
0.15519641,
0.15511520,
0.15503401,
0.15495306,
0.15487156,
0.15479083,
0.15470976,
0.15462859,
0.15454758,
0.15446635,
0.15438542,
0.15430434,
0.15422341,
0.15414260,
0.15406153,
0.15398029,
0.15389964,
0.15381861,
0.15341419,
0.15333352,
0.15325255,
0.15317175,
0.15309140,
0.15301047,
0.15292944,
0.15284905,
0.15276805,
0.15268729,
0.15260682,
0.15252592,
0.15244490,
0.15236463,
0.15228398,
0.15220355,
0.15212317,
0.15204209,
0.15196167,
0.15188101,
0.15180030,
0.15172002,
0.15163954,
0.15155896,
0.15147855,
0.15139784,
0.15131766,
0.15123704,
0.15083500,
0.15075466,
0.15067427,
0.15059414,
0.15051348,
0.15043314,
0.15035280,
0.15027245,
0.15019222,
0.15011231,
0.15003196,
0.14995169,
0.14987167,
0.14979135,
0.14971117,
0.14963096,
0.14955070,
0.14947078,
0.14939055,
0.14931043,
0.14923046,
0.14915008,
0.14907027,
0.14899038,
0.14891032,
0.14883022,
0.14875026,
0.14866999,
0.14827048,
0.14819032,
0.14811063,
0.14803096,
0.14795074,
0.14787071,
0.14779101,
0.14771125,
0.14763158,
0.14755181,
0.14747225,
0.14739238,
0.14731267,
0.14723283,
0.14715291,
0.14707325,
0.14699353,
0.14691396,
0.14683450,
0.14675462,
0.14667520,
0.14659545,
0.14651558,
0.14643615,
0.14635637,
0.14627719,
0.14619736,
0.14611800,
0.14572084,
0.14564115,
0.14556161,
0.14548248,
0.14540297,
0.14532397,
0.14524426,
0.14516503,
0.14508580,
0.14500618,
0.14492681,
0.14484752,
0.14476803,
0.14468896,
0.14460978,
0.14453060,
0.14445151,
0.14437197,
0.14429283,
0.14421394,
0.14413466,
0.14405540,
0.14397620,
0.14389721,
0.14381802,
0.14373899,
0.14365981,
0.14358086,
0.14318582,
0.14310695,
0.14302779,
0.14294897,
0.14286999,
0.14279123,
0.14271239,
0.14263325,
0.14255434,
0.14247550,
0.14239647,
0.14231773,
0.14223921,
0.14215998,
0.14208151,
0.14200257,
0.14192379,
0.14184530,
0.14176641,
0.14168769,
0.14160901,
0.14153023,
0.14145165,
0.14137287,
0.14129442,
0.14121561,
0.14113705,
0.14105858,
0.14066564,
0.14058711,
0.14050873,
0.14043000,
0.14035165,
0.14027320,
0.14019473,
0.14011641,
0.14003769,
0.13995972,
0.13988111,
0.13980289,
0.13972469,
0.13964626,
0.13956785,
0.13948965,
0.13941115,
0.13933273,
0.13925486,
0.13917634,
0.13909815,
0.13901997,
0.13894190,
0.13886353,
0.13878539,
0.13870713,
0.13862907,
0.13855075,
0.13816048,
0.13808228,
0.13800453,
0.13792631,
0.13784812,
0.13777022,
0.13769217,
0.13761434,
0.13753648,
0.13745862,
0.13738037,
0.13730252,
0.13722458,
0.13714695,
0.13706897,
0.13699138,
0.13691337,
0.13683547,
0.13675766,
0.13667981,
0.13660205,
0.13652451,
0.13644669,
0.13636907,
0.13629149,
0.13621364,
0.13613601,
0.13605821,
0.13566983,
0.13559245,
0.13551487,
0.13543724,
0.13535971,
0.13528233,
0.13520482,
0.13512721,
0.13504982,
0.13497216,
0.13489485,
0.13481719,
0.13473985,
0.13466240,
0.13458480,
0.13450765,
0.13443038,
0.13435296,
0.13427544,
0.13419824,
0.13412094,
0.13404363,
0.13396633,
0.13388912,
0.13381202,
0.13373462,
0.13365752,
0.13358016,
0.13319436,
0.13311725,
0.13304017,
0.13296287,
0.13288616,
0.13280892,
0.13273176,
0.13265499,
0.13257770,
0.13250065,
0.13242385,
0.13234669,
0.13226963,
0.13219289,
0.13211584,
0.13203895,
0.13196192,
0.13188508,
0.13180833,
0.13173147,
0.13165461,
0.13157775,
0.13150077,
0.13142405,
0.13134711,
0.13127010,
0.13119347,
0.13111699,
0.13073344,
0.13065668,
0.13058028,
0.13050361,
0.13042702,
0.13035027,
0.13027339,
0.13019703,
0.13012054,
0.13004405,
0.12996761,
0.12989117,
0.12981477,
0.12973809,
0.12966165,
0.12958513,
0.12950858,
0.12943217,
0.12935598,
0.12927946,
0.12920297,
0.12912661,
0.12905024,
0.12897387,
0.12889732,
0.12882141,
0.12874512,
0.12866874,
0.12828760,
0.12821136,
0.12813501,
0.12805881,
0.12798262,
0.12790660,
0.12783071,
0.12775456,
0.12767842,
0.12760213,
0.12752621,
0.12744997,
0.12737414,
0.12729808,
0.12722218,
0.12714590,
0.12707012,
0.12699413,
0.12691790,
0.12684217,
0.12676596,
0.12669026,
0.12661447,
0.12653855,
0.12646279,
0.12638684,
0.12631103,
0.12623507,
0.12585625,
0.12578054,
0.12570488,
0.12562891,
0.12555321,
0.12547763,
0.12540210,
0.12532643,
0.12525084,
0.12517511,
0.12509930,
0.12502384,
0.12494812,
0.12487257,
0.12479739,
0.12472164,
0.12464617,
0.12457066,
0.12449501,
0.12441954,
0.12434415,
0.12426874,
0.12419329,
0.12411774,
0.12404253,
0.12396710,
0.12389143,
0.12381641,
0.12343980,
0.12336415,
0.12328905,
0.12321393,
0.12313877,
0.12306329,
0.12298811,
0.12291287,
0.12283769,
0.12276274,
0.12268715,
0.12261253,
0.12253729,
0.12246208,
0.12238710,
0.12231185,
0.12223681,
0.12216181,
0.12208698,
0.12201185,
0.12193703,
0.12186186,
0.12178704,
0.12171198,
0.12163680,
0.12156218,
0.12148697,
0.12141230,
0.12103796,
0.12096324,
0.12088826,
0.12081377,
0.12073878,
0.12066398,
0.12058919,
0.12051450,
0.12043982,
0.12036525,
0.12029039,
0.12021542,
0.12014105,
0.12006636,
0.11999142,
0.11991723,
0.11984262,
0.11976788,
0.11969349,
0.11961866,
0.11954434,
0.11946982,
0.11939523,
0.11932089,
0.11924627,
0.11917178,
0.11909751,
0.11902280,
0.11865115,
0.11857683,
0.11850223,
0.11842804,
0.11835362,
0.11827938,
0.11820509,
0.11813090,
0.11805657,
0.11798220,
0.11790831,
0.11783377,
0.11775937,
0.11768546,
0.11761111,
0.11753718,
0.11746321,
0.11738905,
0.11731470,
0.11724061,
0.11716659,
0.11709240,
0.11701860,
0.11694428,
0.11687038,
0.11679632,
0.11672230,
0.11664833,
0.11627873,
0.11620466,
0.11613087,
0.11605705,
0.11598310,
0.11590939,
0.11583559,
0.11576152,
0.11568792,
0.11561411,
0.11554038,
0.11546682,
0.11539299,
0.11531939,
0.11524578,
0.11517170,
0.11509811,
0.11502468,
0.11495096,
0.11487732,
0.11480365,
0.11473000,
0.11465634,
0.11458281,
0.11450945,
0.11443569,
0.11436203,
0.11428861,
0.11392095,
0.11384755,
0.11377450,
0.11370084,
0.11362756,
0.11355398,
0.11348083,
0.11340754,
0.11333424,
0.11326092,
0.11318750,
0.11311430,
0.11304104,
0.11296762,
0.11289432,
0.11282113,
0.11274775,
0.11267450,
0.11260165,
0.11252820,
0.11245527,
0.11238243,
0.11230903,
0.11223605,
0.11216299,
0.11208968,
0.11201667,
0.11194361,
0.11157824,
0.11150556,
0.11143256,
0.11135955,
0.11128683,
0.11121388,
0.11114083,
0.11106795,
0.11099520,
0.11092221,
0.11084952,
0.11077657,
0.11070384,
0.11063096,
0.11055793,
0.11048556,
0.11041268,
0.11033966,
0.11026697,
0.11019451,
0.11012158,
0.11004918,
0.10997611,
0.10990355,
0.10983122,
0.10975838,
0.10968589,
0.10961318,
0.10925066,
0.10917793,
0.10910543,
0.10903280,
0.10896025,
0.10888807,
0.10881546,
0.10874304,
0.10867055,
0.10859814,
0.10852585,
0.10845363,
0.10838114,
0.10830884,
0.10823670,
0.10816430,
0.10809202,
0.10801966,
0.10794705,
0.10787528,
0.10780269,
0.10773042,
0.10765851,
0.10758617,
0.10751394,
0.10744206,
0.10736976,
0.10729748,
0.10693741,
0.10686510,
0.10679300,
0.10672103,
0.10664881,
0.10657671,
0.10650499,
0.10643315,
0.10636105,
0.10628921,
0.10621715,
0.10614519,
0.10607328,
0.10600126,
0.10592953,
0.10585763,
0.10578597,
0.10571432,
0.10564227,
0.10557033,
0.10549882,
0.10542668,
0.10535517,
0.10528366,
0.10521159,
0.10513993,
0.10506835,
0.10499666,
0.10463836,
0.10456685,
0.10449522,
0.10442380,
0.10435216,
0.10428068,
0.10420916,
0.10413768,
0.10406605,
0.10399451,
0.10392308,
0.10385147,
0.10378022,
0.10370887,
0.10363749,
0.10356612,
0.10349463,
0.10342307,
0.10335211,
0.10328070,
0.10320933,
0.10313812,
0.10306658,
0.10299542,
0.10292408,
0.10285289,
0.10278166,
0.10271043,
0.10235432,
0.10228340,
0.10221210,
0.10214095,
0.10206996,
0.10199898,
0.10192782,
0.10185695,
0.10178584,
0.10171474,
0.10164368,
0.10157283,
0.10150181,
0.10143099,
0.10135994,
0.10128893,
0.10121808,
0.10114695,
0.10107636,
0.10100550,
0.10093434,
0.10086380,
0.10079278,
0.10072183,
0.10065127,
0.10058018,
0.10050975,
0.10043889,
0.10008513,
0.10001461,
0.09994397,
0.09987320,
0.09980273,
0.09973197,
0.09966140,
0.09959073,
0.09952019,
0.09944975,
0.09937911,
0.09930868,
0.09923806,
0.09916748,
0.09909707,
0.09902656,
0.09895612,
0.09888570,
0.09881508,
0.09874472,
0.09867434,
0.09860392,
0.09853368,
0.09846304,
0.09839299,
0.09832246,
0.09825225,
0.09818181,
0.09783068,
0.09776034,
0.09769038,
0.09762018,
0.09755002,
0.09747976,
0.09740955,
0.09733927,
0.09726916,
0.09719915,
0.09712924,
0.09705903,
0.09698885,
0.09691899,
0.09684898,
0.09677895,
0.09670880,
0.09663899,
0.09656895,
0.09649884,
0.09642917,
0.09635916,
0.09628923,
0.09621928,
0.09614925,
0.09607956,
0.09600951,
0.09593986,
0.09559061,
0.09552056,
0.09545123,
0.09538129,
0.09531146,
0.09524202,
0.09517218,
0.09510248,
0.09503301,
0.09496330,
0.09489372,
0.09482413,
0.09475457,
0.09468479,
0.09461520,
0.09454575,
0.09447617,
0.09440674,
0.09433733,
0.09426787,
0.09419827,
0.09412878,
0.09405937,
0.09398996,
0.09392053,
0.09385119,
0.09378148,
0.09371218,
0.09336549,
0.09329615,
0.09322682,
0.09315761,
0.09308820,
0.09301898,
0.09294981,
0.09288076,
0.09281157,
0.09274234,
0.09267309,
0.09260372,
0.09253463,
0.09246544,
0.09239646,
0.09232730,
0.09225817,
0.09218919,
0.09211988,
0.09205121,
0.09198209,
0.09191321,
0.09184412,
0.09177476,
0.09170596,
0.09163701,
0.09156821,
0.09149917,
