0.17299479,
0.17300060,
0.17300710,
0.17301456,
0.17302186,
0.17302935,
0.17303691,
0.17304440,
0.17305194,
0.17305933,
0.17306673,
0.17307427,
0.17308174,
0.17308926,
0.17309676,
0.17310417,
0.17311159,
0.17311917,
0.17312663,
0.17313408,
0.17314154,
0.17314912,
0.17315664,
0.17316408,
0.17317148,
0.17317902,
0.17318639,
0.17319394,
0.17323142,
0.17323883,
0.17324630,
0.17325377,
0.17326116,
0.17326869,
0.17327625,
0.17328371,
0.17329124,
0.17329875,
0.17330613,
0.17331363,
0.17332115,
0.17332860,
0.17333604,
0.17334348,
0.17335096,
0.17335854,
0.17336600,
0.17337347,
0.17338093,
0.17338841,
0.17339600,
0.17340342,
0.17341083,
0.17341835,
0.17342579,
0.17343336,
0.17347075,
0.17347823,
0.17348565,
0.17349315,
0.17350068,
0.17350814,
0.17351560,
0.17352319,
0.17353069,
0.17353804,
0.17354552,
0.17355309,
0.17356046,
0.17356807,
0.17357549,
0.17358290,
0.17359046,
0.17359791,
0.17360558,
0.17361295,
0.17362029,
0.17362786,
0.17363543,
0.17364277,
0.17365030,
0.17365787,
0.17366534,
0.17367278,
0.17371026,
0.17371772,
0.17372521,
0.17373276,
0.17374028,
0.17374777,
0.17375519,
0.17376259,
0.17377008,
0.17377762,
0.17378505,
0.17379250,
0.17380005,
0.17380766,
0.17381511,
0.17382249,
0.17383002,
0.17383754,
0.17384506,
0.17385251,
0.17386004,
0.17386752,
0.17387504,
0.17388245,
0.17388996,
0.17389744,
0.17390502,
0.17391237,
0.17394980,
0.17395737,
0.17396495,
0.17397241,
0.17397979,
0.17398727,
0.17399478,
0.17400224,
0.17400980,
0.17401734,
0.17402485,
0.17403229,
0.17403980,
0.17404728,
0.17405478,
0.17406220,
0.17406969,
0.17407726,
0.17408482,
0.17409225,
0.17409977,
0.17410730,
0.17411474,
0.17412221,
0.17412958,
0.17413725,
0.17414472,
0.17415213,
0.17418955,
0.17419705,
0.17420461,
0.17421209,
0.17421943,
0.17422697,
0.17423453,
0.17424212,
0.17424967,
0.17425709,
0.17426470,
0.17427207,
0.17427952,
0.17428712,
0.17429461,
0.17430200,
0.17430951,
0.17431702,
0.17432460,
0.17433214,
0.17433956,
0.17434712,
0.17435452,
0.17436201,
0.17436933,
0.17437702,
0.17438451,
0.17439197,
0.17442938,
0.17443701,
0.17444446,
0.17445203,
0.17445933,
0.17446699,
0.17447452,
0.17448215,
0.17448969,
0.17449693,
0.17450440,
0.17451190,
0.17451939,
0.17452692,
0.17453458,
0.17454191,
0.17454944,
0.17455702,
0.17456453,
0.17457199,
0.17457950,
0.17458697,
0.17459444,
0.17460189,
0.17460941,
0.17461696,
0.17462452,
0.17463203,
0.17466945,
0.17467699,
0.17468447,
0.17469199,
0.17469944,
0.17470709,
0.17471466,
0.17472219,
0.17472956,
0.17473698,
0.17474441,
0.17475197,
0.17475945,
0.17476694,
0.17477452,
0.17478198,
0.17478954,
0.17479707,
0.17480458,
0.17481195,
0.17481950,
0.17482693,
0.17483454,
0.17484192,
0.17484943,
0.17485697,
0.17486462,
0.17487214,
0.17490966,
0.17491702,
0.17492457,
0.17493212,
0.17493959,
0.17494709,
0.17495461,
0.17496225,
0.17496972,
0.17497712,
0.17498442,
0.17499211,
0.17499964,
0.17500719,
0.17501472,
0.17502221,
0.17502969,
0.17503721,
0.17504472,
0.17505213,
0.17505963,
0.17506717,
0.17507470,
0.17508219,
0.17508967,
0.17509718,
0.17510485,
0.17511233,
0.17514976,
0.17515727,
0.17516483,
0.17517237,
0.17517976,
0.17518736,
0.17519489,
0.17520239,
0.17520992,
0.17521739,
0.17522481,
0.17523240,
0.17523990,
0.17524739,
0.17525488,
0.17526255,
0.17527002,
0.17527752,
0.17528490,
0.17529248,
0.17530004,
0.17530750,
0.17531513,
0.17532259,
0.17533012,
0.17533758,
0.17534527,
0.17535263,
0.17539017,
0.17539764,
0.17540509,
0.17541265,
0.17542029,
0.17542783,
0.17543535,
0.17544272,
0.17545020,
0.17545773,
0.17546519,
0.17547267,
0.17548021,
0.17548781,
0.17549537,
0.17550295,
0.17551026,
0.17551777,
0.17552534,
0.17553284,
0.17554037,
0.17554798,
0.17555550,
0.17556301,
0.17557045,
0.17557796,
0.17558555,
0.17559297,
0.17563063,
0.17563809,
0.17564566,
0.17565314,
0.17566063,
0.17566818,
0.17567571,
0.17568322,
0.17569065,
0.17569817,
0.17570571,
0.17571317,
0.17572073,
0.17572831,
0.17573581,
0.17574341,
0.17575075,
0.17575831,
0.17576589,
0.17577339,
0.17578096,
0.17578850,
0.17579598,
0.17580347,
0.17581087,
0.17581849,
0.17582607,
0.17583351,
0.17587117,
0.17587870,
0.17588618,
0.17589370,
0.17590118,
0.17590871,
0.17591619,
0.17592365,
0.17593127,
0.17593886,
0.17594643,
0.17595380,
0.17596140,
0.17596900,
0.17597650,
0.17598399,
0.17599148,
0.17599900,
0.17600655,
0.17601411,
0.17602158,
0.17602915,
0.17603664,
0.17604405,
0.17605161,
0.17605914,
0.17606672,
0.17607415,
0.17611193,
0.17611941,
0.17612692,
0.17613427,
0.17614188,
0.17614949,
0.17615701,
0.17616452,
0.17617205,
0.17617958,
0.17618711,
0.17619450,
0.17620212,
0.17620979,
0.17621736,
0.17622477,
0.17623226,
0.17623977,
0.17624728,
0.17625480,
0.17626228,
0.17626987,
0.17627734,
0.17628491,
0.17629242,
0.17629995,
0.17630748,
0.17631503,
0.17635273,
0.17636015,
0.17636774,
0.17637516,
0.17638274,
0.17639033,
0.17639789,
0.17640537,
0.17641287,
0.17642049,
0.17642793,
0.17643557,
0.17644297,
0.17645048,
0.17645819,
0.17646562,
0.17647315,
0.17648059,
0.17648815,
0.17649568,
0.17650318,
0.17651065,
0.17651826,
0.17652579,
0.17653332,
0.17654092,
0.17654829,
0.17655591,
0.17659359,
0.17660104,
0.17660860,
0.17661614,
0.17662370,
0.17663126,
0.17663875,
0.17664621,
0.17665380,
0.17666141,
0.17666888,
0.17667653,
0.17668404,
0.17669149,
0.17669902,
0.17670647,
0.17671406,
0.17672154,
0.17672917,
0.17673669,
0.17674419,
0.17675175,
0.17675929,
0.17676687,
0.17677435,
0.17678187,
0.17678933,
0.17679689,
0.17683462,
0.17684218,
0.17684966,
0.17685724,
0.17686480,
0.17687233,
0.17687985,
0.17688737,
0.17689484,
0.17690237,
0.17691002,
0.17691749,
0.17692490,
0.17693248,
0.17693997,
0.17694756,
0.17695517,
0.17696263,
0.17697020,
0.17697785,
0.17698538,
0.17699279,
0.17700042,
0.17700797,
0.17701549,
0.17702300,
0.17703042,
0.17703798,
0.17707577,
0.17708332,
0.17709091,
0.17709849,
0.17710594,
0.17711350,
0.17712105,
0.17712845,
0.17713606,
0.17714362,
0.17715119,
0.17715870,
0.17716617,
0.17717375,
0.17718128,
0.17718882,
0.17719639,
0.17720395,
0.17721139,
0.17721898,
0.17722655,
0.17723396,
0.17724161,
0.17724913,
0.17725672,
0.17726423,
0.17727170,
0.17727935,
0.17731702,
0.17732444,
0.17733212,
0.17733960,
0.17734720,
0.17735471,
0.17736230,
0.17736979,
0.17737733,
0.17738481,
0.17739245,
0.17740006,
0.17740755,
0.17741514,
0.17742261,
0.17743017,
0.17743774,
0.17744526,
0.17745278,
0.17746028,
0.17746797,
0.17747547,
0.17748297,
0.17749054,
0.17749804,
0.17750556,
0.17751318,
0.17752074,
0.17755834,
0.17756596,
0.17757353,
0.17758106,
0.17758865,
0.17759606,
0.17760372,
0.17761122,
0.17761877,
0.17762624,
0.17763390,
0.17764142,
0.17764894,
0.17765651,
0.17766402,
0.17767166,
0.17767913,
0.17768663,
0.17769425,
0.17770181,
0.17770939,
0.17771700,
0.17772446,
0.17773197,
0.17773954,
0.17774706,
0.17775465,
0.17776226,
0.17779998,
0.17780744,
0.17781510,
0.17782263,
0.17783015,
0.17783770,
0.17784514,
0.17785272,
0.17786032,
0.17786788,
0.17787555,
0.17788309,
0.17789056,
0.17789808,
0.17790563,
0.17791317,
0.17792059,
0.17792825,
0.17793590,
0.17794349,
0.17795090,
0.17795849,
0.17796607,
0.17797350,
0.17798117,
0.17798870,
0.17799627,
0.17800375,
0.17804162,
0.17804911,
0.17805663,
0.17806418,
0.17807172,
0.17807935,
0.17808688,
0.17809436,
0.17810197,
0.17810967,
0.17811719,
0.17812464,
0.17813214,
0.17813973,
0.17814736,
0.17815489,
0.17816235,
0.17817000,
0.17817751,
0.17818508,
0.17819260,
0.17820015,
0.17820773,
0.17821528,
0.17822278,
0.17823043,
0.17823801,
0.17824551,
0.17828351,
0.17829089,
0.17829837,
0.17830602,
0.17831347,
0.17832108,
0.17832862,
0.17833616,
0.17834379,
0.17835142,
0.17835893,
0.17836629,
0.17837386,
0.17838147,
0.17838915,
0.17839664,
0.17840413,
0.17841174,
0.17841938,
0.17842685,
0.17843439,
0.17844193,
0.17844961,
0.17845715,
0.17846461,
0.17847224,
0.17847974,
0.17848730,
0.17852518,
0.17853272,
0.17854015,
0.17854784,
0.17855541,
0.17856305,
0.17857054,
0.17857807,
0.17858566,
0.17859324,
0.17860076,
0.17860816,
0.17861578,
0.17862352,
0.17863109,
0.17863857,
0.17864608,
0.17865373,
0.17866137,
0.17866876,
0.17867627,
0.17868399,
0.17869157,
0.17869903,
0.17870659,
0.17871410,
0.17872173,
0.17872925,
0.17876709,
0.17877461,
0.17878205,
0.17878975,
0.17879744,
0.17880506,
0.17881252,
0.17882010,
0.17882759,
0.17883517,
0.17884271,
0.17885030,
0.17885797,
0.17886550,
0.17887301,
0.17888056,
0.17888821,
0.17889573,
0.17890329,
0.17891083,
0.17891840,
0.17892603,
0.17893363,
0.17894107,
0.17894872,
0.17895620,
0.17896387,
0.17897133,
0.17900923,
0.17901679,
0.17902430,
0.17903191,
0.17903969,
0.17904714,
0.17905463,
0.17906223,
0.17906973,
0.17907724,
0.17908485,
0.17909247,
0.17910005,
0.17910773,
0.17911522,
0.17912264,
0.17913027,
0.17913781,
0.17914543,
0.17915293,
0.17916060,
0.17916821,
0.17917566,
0.17918329,
0.17919081,
0.17919837,
0.17920602,
0.17921361,
0.17925141,
0.17925898,
0.17926662,
0.17927421,
0.17928183,
0.17928937,
0.17929682,
0.17930434,
0.17931191,
0.17931956,
0.17932719,
0.17933483,
0.17934239,
0.17934988,
0.17935732,
0.17936499,
0.17937260,
0.17938023,
0.17938769,
0.17939523,
0.17940287,
0.17941045,
0.17941806,
0.17942568,
0.17943322,
0.17944073,
0.17944835,
0.17945595,
0.17949376,
0.17950132,
0.17950894,
0.17951648,
0.17952397,
0.17953159,
0.17953904,
0.17954671,
0.17955439,
0.17956182,
0.17956952,
0.17957714,
0.17958468,
0.17959222,
0.17959980,
0.17960736,
0.17961493,
0.17962259,
0.17963013,
0.17963778,
0.17964528,
0.17965293,
0.17966046,
0.17966809,
0.17967565,
0.17968318,
0.17969072,
0.17969828,
