-99957.67153499,
-0.08151394,
-101630.61675516,
-0.04909544,
-103324.95743208,
0.03320168,
-105040.40248713,
-0.00763580,
-106777.33660621,
-0.04703201,
-108535.42572608,
-0.02432373,
-110315.25285746,
0.00256270,
-112116.79409465,
-0.00432946,
-113940.32875519,
0.02233568,
-115786.28113989,
-0.03617531,
-117654.46148126,
-0.11989807,
-119545.12328096,
0.01159052,
-121458.18820743,
0.05153702,
-123394.44742651,
0.06954153,
-164773.46701908,
0.06434335,
-167206.29983760,
0.03963346,
-169665.89486775,
-0.03205797,
-172152.20660609,
0.02682143,
-174666.25786126,
0.00588037,
-177207.32814150,
-0.06103639,
-179776.31918938,
0.07330319,
-182372.75870110,
0.04282292,
-184997.50573401,
0.04222369,
-187650.62080146,
0.01335276,
-190331.89819018,
-0.05731612,
-193042.22641277,
0.06180333,
-195780.75197307,
0.06092295,
-198548.83454103,
-0.04005042,
-256932.18195752,
0.01932626,
-260324.54298905,
0.00250953,
-263750.80369520,
0.00761253,
-267210.23372358,
0.09975155,
-270704.05772481,
-0.07297576,
-274232.06989225,
-0.00182074,
-277793.65517467,
-0.03031393,
-281390.71006785,
0.02130404,
-285022.42573341,
-0.03360576,
-288688.80307633,
-0.01202243,
-292390.47228204,
0.08816162,
-296128.33687990,
0.09062513,
-299901.20056581,
-0.06813587,
-303709.98706909,
-0.03720244,
-383216.39266044,
-0.02929384,
-387792.25696319,
-0.06528759,
-392410.12546744,
-0.03484665,
-397068.63578583,
-0.01608306,
-401768.36617256,
-0.03158317,
-406509.56797277,
-0.04469464,
-411292.34007387,
0.04298140,
-416118.52379201,
-0.02895116,
-420985.64948731,
0.00926414,
-425895.93812756,
0.00224472,
-430849.24429184,
0.02192517,
-435845.70408318,
0.02491412,
-440885.04765248,
0.01636381,
-445967.70013202,
0.00021183,
-551161.64344558,
0.07744589,
-557169.75038446,
0.03351416,
-563227.19286292,
-0.01840928,
-569333.21986354,
-0.07186698,
-575489.06171902,
-0.02117485,
-581694.89628084,
0.01767420,
-587949.87372675,
0.06820259,
-594256.35049139,
-0.05125201,
-600612.44671154,
0.00918424,
-607019.76881247,
-0.01133727,
-613478.35511393,
-0.02857529,
-619988.55737638,
0.05336619,
-626550.17381633,
-0.01758116,
-633163.57233772,
0.00386570,
-769056.99541242,
0.05837940,
-776767.95958310,
-0.03314974,
-784536.90678402,
-0.02290681,
-792362.49052854,
0.04974872,
-800248.96751291,
0.03099804,
-808192.53502800,
0.04541051,
-816194.80843242,
-0.02413117,
-824257.25607702,
-0.04324120,
-832378.65879278,
0.03777136,
-840559.60503817,
-0.03179701,
-848801.79992065,
0.03425893,
-857103.70275060,
0.01195093,
-865466.88395855,
0.06990302,
-873890.60760371,
-0.00099605,
-1045942.88500085,
-0.01244079,
-1055649.77271585,
0.01613977,
-1065426.23101071,
0.04985778,
-1075268.15173940,
0.05285775,
-1085181.08261278,
-0.03064585,
-1095160.63220717,
-0.04312598,
-1105207.45734147,
-0.02401577,
-1115325.56602200,
0.05446133,
-1125512.41434968,
-0.01436511,
-1135767.38659088,
0.02493589,
-1146093.71446455,
-0.09277266,
-1156490.09109962,
0.05355227,
-1166957.51230641,
0.05404593,
-1177495.33931355,
0.07691017,
-1391609.93355328,
-0.08837897,
-1403634.43434335,
0.01932674,
-1415734.42156516,
0.04839119,
-1427913.76812351,
0.03392047,
-1440171.72558876,
0.00533416,
-1452508.89708285,
-0.06860449,
-1464923.04050365,
-0.02758091,
-1477418.12316505,
0.10747099,
-1489994.29875172,
0.01321725,
-1502649.04486060,
-0.03004687,
-1515382.46318097,
0.06134230,
-1528199.41856546,
0.01040743,
-1541096.73869177,
-0.08655825,
-1554074.32899903,
-0.00007524,
-1816604.66106265,
-0.06358623,
-1831287.69553129,
0.09111302,
-1846054.53953894,
0.00932543,
-1860912.95278578,
-0.06336048,
-1875861.36388594,
0.04958906,
-1890899.57899998,
-0.03796995,
-1906027.44974768,
-0.02121330,
-1921245.99717865,
0.12602463,
-1936557.46158836,
0.08400915,
-1951958.34213313,
-0.05914663,
-1967450.09958765,
0.01803185,
-1983034.62736224,
0.08743491,
-1998711.68103782,
0.05746362,
-2014481.78310412,
0.01741738,
-2332225.94242149,
-0.08142328,
-2349928.57997515,
0.08766046,
-2367730.23493536,
-0.01642092,
-2385636.33258433,
-0.02446123,
-2403641.85383693,
-0.03863769,
-2421750.17244751,
0.02450171,
-2439958.98447787,
0.02505175,
-2458271.42422824,
-0.00891134,
-2476687.16245563,
0.00816681,
-2495206.41328742,
-0.05275274,
-2513826.79551748,
-0.00787967,
-2532552.00563904,
0.02908393,
-2551382.22558322,
-0.02012416,
-2570317.36683896,
0.00509149,
-2950519.80008698,
-0.01126681,
-2971634.22654035,
0.11250186,
-2992860.85582934,
-0.10423680,
-3014201.73634722,
-0.11987367,
-3035656.76306687,
-0.03747977,
-3057224.67902032,
0.04141668,
-3078908.95743492,
-0.03534647,
-3100707.80715929,
-0.05577636,
-3122622.23441010,
-0.02627127,
-3144651.56119934,
0.04735898,
-3166798.23672553,
0.04764620,
-3189059.73869135,
-0.01143825,
-3211441.32708484,
0.04684176,
-3233937.63930262,
0.01198829,
-3684290.91681505,
-0.07916756,
-3709228.84241309,
-0.07688261,
-3734292.72864660,
-0.02134122,
-3759482.73605264,
0.03821529,
-3784800.01939409,
-0.02100771,
-3810245.34236367,
-0.01339457,
-3835818.91587989,
0.01116756,
-3861518.88731251,
0.00288751,
-3887350.48505340,
-0.01083824,
-3913310.15304772,
0.07246840,
-3939399.51778984,
-0.00793040,
-3965617.78797350,
0.05698340,
-3991970.97546752,
0.00434711,
-4018449.71356761,
-0.02477881,
-4547091.98952002,
0.02614469,
-4576289.33844804,
0.00821297,
-4605625.38390932,
-0.00103792,
-4635103.56274966,
0.02459379,
-4664722.33624431,
-0.01796487,
-4694480.03299198,
-0.01348517,
-4724382.19172182,
0.01667555,
-4754426.75943654,
-0.05285504,
-4784614.94754533,
0.00154857,
-4814948.36561949,
0.06359043,
-4845422.93728676,
-0.09657619,
-4876041.00509047,
0.08743440,
-4906807.60220598,
-0.01621918,
-4937718.26594700,
0.03133489,
-5553232.23882340,
0.02714833,
-5587149.60653211,
-0.01221788,
-5621215.48740138,
0.00891677,
-5655440.95331172,
-0.02239459,
-5689822.81102525,
-0.10780446,
-5724356.18612449,
0.11010444,
-5759050.07511333,
0.01539997,
-5793904.82813773,
0.00141206,
-5828912.57227905,
-0.03787378,
-5864081.72774966,
-0.02045802,
-5899405.60471085,
-0.02638335,
-5934892.34951452,
-0.00295265,
-5970540.76648882,
-0.03011620,
-6006345.59096062,
-0.07598375,
-67583.63744296,
-0.06781833,
-67583.56358581,
0.08185024,
-67583.69174505,
-0.01158040,
-67583.57684820,
0.03759029,
-67583.53126304,
-0.06384314,
-67583.59999324,
0.02778755,
-67583.58631311,
-0.05413999,
-67583.57708475,
0.06747030,
-67583.58883311,
-0.00072253,
-67583.66655092,
-0.03394488,
-67583.58959319,
-0.01200189,
-67583.64442247,
0.08029440,
-67583.57938473,
0.03560658,
-67583.54219319,
0.03231625,
-67583.62424633,
-0.04884021,
-67583.60259104,
0.01111726,
-67583.57984807,
0.00879976,
-67583.64357381,
0.02852954,
-67583.60651099,
-0.08087185,
-67583.62832975,
-0.04519655,
-67583.70717571,
0.03128214,
-67583.66097661,
-0.05229138,
-67583.58040510,
0.00409502,
-67583.61082940,
0.06737506,
-67583.59318752,
0.05190960,
-67583.64316323,
0.00076301,
-67583.57274628,
0.06790692,
-67583.49693150,
-0.10950294,
0.03953421,
-0.07728898,
0.03423250,
0.04671738,
0.02727105,
-0.04967084,
-0.05283057,
-0.04563267,
-0.04904095,
-0.02225939,
-0.12292914,
0.00230147,
-0.06064574,
0.05234858,
0.06860874,
-0.01093771,
0.06980831,
-0.04661810,
0.04287470,
-0.00375934,
-0.02595337,
0.06833451,
-0.03482989,
0.05929387,
0.08726357,
0.04966096,
0.04606123,
0.00126188,
0.01297372,
-0.00165887,
0.08624175,
0.02288204,
-0.03904081,
-0.05570596,
0.00910311,
-0.02876109,
-0.01240703,
-0.01535115,
-0.05253625,
-0.06732413,
0.04809448,
0.02056498,
0.01885172,
-0.01405893,
0.00590227,
0.05476277,
0.02886712,
-0.06595967,
-0.04216451,
0.09529561,
-0.03429438,
0.03196642,
0.00886562,
0.06896496,
-0.03472434,
0.02228025,
-0.04757553,
-0.03762418,
-0.04980337,
0.01244218,
0.04238653,
-0.04528943,
-0.01563995,
-0.01491609,
-0.04079917,
0.03491590,
0.05879628,
0.00984494,
-0.03676185,
0.02016567,
-0.01895691,
-0.01362634,
0.00417360,
0.00681345,
-0.05069689,
-0.01075819,
-0.07068463,
0.02111812,
-0.00926681,
-0.02176689,
-0.04071623,
0.02965774,
-0.00581831,
0.10408721,
-0.08378324,
-0.00334418,
-0.03741151,
0.02547439,
0.01157595,
0.05363959,
0.00282786,
-0.03147181,
0.05204519,
0.01179975,
0.01383895,
-0.01797512,
-0.14268054,
0.01434778,
0.03803114,
-0.07722822,
-0.02977123,
0.05491385,
0.03505732,
-0.06970702,
-0.04725128,
0.02589246,
-0.02307296,
-0.08592492,
-0.00558935,
-0.05136835,
0.06481894,
-0.06349803,
0.04554748,
0.06619532,
-0.01612116,
-0.00711533,
-0.02799005,
0.01029026,
-0.01479305,
-0.07935555,
0.01833980,
-0.02570856,
0.07600331,
-0.04696332,
-0.01055562,
0.09245542,
0.08608192,
0.13005537,
-0.01503500,
0.03465349,
-0.04939583,
0.07453567,
0.00084503,
0.06248047,
-0.05699791,
-0.02558237,
-0.00762789,
0.07191265,
-0.07887629,
0.02604191,
-0.02185315,
-0.07624571,
0.09010078,
-0.02746145,
-0.05833428,
0.01101608,
-0.03366607,
-0.00465428,
0.07823897,
0.00657632,
0.00938994,
0.00909375,
0.02925720,
-0.06728805,
0.06078404,
-0.05242083,
0.04410748,
0.04145728,
0.04377505,
0.00756373,
-0.02208983,
-0.01835072,
-0.02748591,
-0.01187918,
0.06554694,
-0.04696410,
0.05742684,
-0.02043040,
0.02852676,
-0.00433524,
-0.04282363,
-0.08833904,
0.03123026,
0.04173612,
0.04432419,
0.00175221,
-0.03438660,
-0.08875891,
-0.00308126,
0.02558016,
-0.06932278,
-0.06417249,
-0.06723965,
-0.01093290,
0.05085301,
-0.02173124,
-0.10805897,
0.08000872,
-0.10870451,
-0.06271116,
-0.02721559,
-0.00413136,
0.04891540,
0.08598781,
0.01790472,
0.01081723,
-0.02231743,
0.07522806,
-0.10483795,
0.00895686,
-0.02081262,
0.00089296,
-0.00816972,
0.03552435,
-0.13086316,
-0.00637297,
0.03898789,
-0.03796810,
0.05682793,
0.02883826,
-0.08472475,
0.02322926,
-0.04144805,
0.07666314,
0.08491626,
-0.00243185,
-0.05820862,
0.01013437,
-0.04030099,
0.02536515,
-0.05936239,
-0.03157641,
-0.05958764,
-0.00771336,
-0.00030410,
-0.02231380,
0.01172345,
-0.05662957,
0.06551715,
0.05504390,
0.02497558,
-0.04865931,
0.11437729,
-0.04567201,
-0.00186927,
-0.03218105,
0.01638498,
0.04294459,
0.03328123,
0.03301978,
-0.02386817,
-0.01670194,
-0.05061221,
0.09527106,
0.01896829,
-0.09541262,
-0.02049135,
-0.04228576,
-0.03828635,
0.04892555,
-0.04855644,
-0.08056515,
-0.02203691,
-0.03112533,
-0.03800037,
-0.04636965,
0.06718863,
-0.04840697,
0.06131220,
0.04963977,
0.02011410,
-0.08480369,
-0.02103402,
0.06883627,
-0.06038431,
0.06500757,
0.12008760,
0.03976581,
-0.05283843,
0.12384869,
0.00047415,
-0.02448334,
-0.00549397,
-0.04991480,
-0.02472173,
-0.06955326,
-0.00471635,
-0.01613375,
-0.13611731,
-0.09662373,
-0.02230759,
0.02001245,
0.02508170,
0.00959969,
-0.10308552,
-0.03733144,
-0.01819287,
-0.04212783,
-0.00158959,
-0.04864851,
0.01331008,
-0.01575475,
0.09139307,
-0.02420011,
0.00605265,
-0.04106383,
-0.05474415,
-0.02438129,
-0.00424382,
0.07917413,
0.09725337,
0.06039473,
0.06250465,
0.04153512,
0.03966973,
0.00829024,
0.01880735,
0.02426673,
-0.01210977,
0.06755558,
-0.00144854,
-0.00315069,
0.00772921,
-0.06807029,
0.05829227,
-0.06493999,
0.02275525,
-0.01313285,
0.03956959,
-0.03839699,
0.02018520,
-0.08064358,
0.01763618,
0.07747706,
-0.03826663,
-0.02480247,
-0.05713640,
0.02898297,
-0.00399105,
-0.06968937,
0.00528832,
-0.02774880,
0.01187765,
0.01770175,
-0.02234342,
-0.03092610,
