-1915470.11135269,
0.14587824,
-1940780.25737143,
0.45007827,
-1966342.55404073,
0.09392100,
-1992155.73370076,
0.40452767,
-2018226.10797838,
0.54238309,
-2044548.28056975,
-0.02581971,
-2071127.80064340,
0.16046766,
-2097968.95263645,
-0.89399335,
-2125066.55007966,
-0.97136478,
-2152425.55826845,
-0.81699903,
-2180050.67936149,
-0.21293000,
-2207939.57164698,
0.54138198,
-2236096.33313189,
-1.13499400,
-2264522.12574489,
0.39089143,
-2857897.65270396,
1.61369263,
-2892058.86419969,
0.22339437,
-2926524.97551011,
-0.00574334,
-2961295.37728504,
0.09582727,
-2996377.89816425,
-0.58742725,
-3031770.52448232,
-0.12586066,
-3067474.11216165,
-0.35134600,
-3103492.58167806,
0.12339890,
-3139827.37296455,
-0.38010949,
-3176482.20289240,
0.49757132,
-3213458.62055327,
-0.19970412,
-3250755.03969237,
0.47406947,
-3288371.65576208,
-0.08310766,
-3326316.82947204,
0.43765695,
-4111689.43185742,
0.16675223,
-4156547.07677211,
0.09663069,
-4201775.36991726,
-0.95033230,
-4247371.75018704,
0.14488382,
-4293329.33260453,
-1.21944994,
-4339666.02524901,
0.38730760,
-4386382.68543851,
0.53445510,
-4433467.18103167,
0.19960645,
-4480930.99483242,
-0.19205244,
-4528780.55504735,
-1.04564341,
-4577007.95542975,
0.49276399,
-4625620.77025385,
1.40663152,
-4674618.32991148,
-0.36540617,
-4724004.59226340,
0.31251657,
-5738893.32437856,
0.08270011,
-5796485.02339265,
0.08638269,
-5854506.82377749,
-0.32342411,
-5912966.46026721,
-0.37749503,
-5971864.27391036,
1.36720386,
-6031193.02337015,
-0.25333127,
-6090963.92841884,
-0.70231244,
-6151185.02178384,
-0.63192810,
-6211847.81360615,
-0.60560889,
-6272955.92843619,
0.19445191,
-6334518.96264441,
-1.08053091,
-6396536.23410563,
-0.27575232,
-6459003.78085262,
-1.34770850,
-6521922.13695970,
-0.21723842,
-7807201.95073332,
0.30411897,
-7879728.83053490,
0.01080316,
-7952761.91083866,
-0.13226199,
-8026302.47710165,
-0.41203725,
-8100348.53694738,
-1.05056034,
-8174907.28700523,
-0.26691570,
-8249976.74373304,
-0.30781709,
-8325566.18580562,
0.44117524,
-8401667.08871565,
-0.13044285,
-8478296.84898271,
0.00707662,
-8555448.23161086,
0.02043322,
-8633120.22965594,
1.01747322,
-8711327.53925280,
-0.01037704,
-8790060.43697144,
-0.23208606,
-10389947.33044861,
1.12843895,
-10479794.25842729,
-1.49003742,
-10570228.71564377,
1.19495184,
-10661241.35468479,
-0.47228837,
-10752843.82685303,
-0.12372669,
-10845034.52114610,
0.15651845,
-10937809.54491150,
-0.24121686,
-11031187.12656373,
-0.25184568,
-11125156.58732378,
1.79727279,
-11219723.82107185,
1.25321198,
-11314893.39950960,
-1.38436569,
-11410672.26546107,
-0.06872277,
-11507054.92090661,
-0.24778331,
-11604050.91749466,
0.87226527,
-13566131.62286887,
-0.27141354,
-13675856.51733382,
0.17641412,
-13786243.02249351,
-0.42209253,
-13897298.96923759,
-0.77844051,
-14009022.29123461,
0.32344465,
-14121426.32233606,
-0.72807134,
-14234496.55002018,
-0.48539739,
-14348261.18971359,
0.11458152,
-14462695.45623881,
0.11935227,
-14577802.31795704,
0.20003444,
-14693596.54213190,
-0.01013814,
-14810096.72760716,
-0.40125879,
-14927271.38369317,
0.37670119,
-15045154.14728309,
-0.29086351,
-17420358.46394631,
0.06997825,
-17552697.12504603,
0.29767075,
-17685784.16265074,
-0.07906752,
-17819636.31657579,
-0.22950047,
-17954248.68895098,
-0.46382323,
-18089617.78115851,
0.52684136,
-18225743.09371824,
0.85660030,
-18362643.65740936,
0.35176373,
-18500319.57244401,
-0.03916776,
-18638767.96722068,
-0.77647580,
-18777975.71266967,
0.42686042,
-18917968.05993541,
-0.81402506,
-19058752.83075044,
-0.53184185,
-19200317.41570264,
-0.11311551,
-22042913.75561160,
0.13012233,
-22200780.56796116,
0.19758917,
-22359494.71931130,
0.18811976,
-22519055.93021536,
1.30296635,
-22679477.03887372,
0.85827792,
-22840750.90112581,
0.00259434,
-23002882.26098064,
-1.51243699,
-23165865.85981113,
-0.13107615,
-23329724.85602671,
0.22643446,
-23494448.33813202,
1.62239156,
-23660028.00895964,
0.49947492,
-23826499.31000046,
-0.68264405,
-23993841.81345960,
-0.77117872,
-24162065.01709256,
0.51274155,
-27529701.50910715,
0.71470965,
-27716179.80943162,
-0.23741416,
-27903620.30084586,
-0.70881575,
-28091985.13089738,
-1.06838250,
-28281318.24924821,
-0.30272949,
-28471605.76184716,
-0.75373794,
-28662860.69602787,
1.18923332,
-28855059.78288639,
-0.17188500,
-29048226.10862219,
0.92048379,
-29242359.12843151,
0.30818140,
-29437464.77832096,
-0.44726968,
-29633548.68929697,
0.76526759,
-29830610.75172377,
-0.31514820,
-30028654.35212323,
0.69217077,
-33982291.13429353,
0.79542101,
-34200650.52898356,
0.34030934,
-34420058.52711439,
-1.13821096,
-34640518.73960130,
0.27085565,
-34862043.88384871,
0.01253364,
-35084624.11009754,
-0.08065959,
-35308254.74958427,
0.03126667,
-35532980.75871246,
-0.02523695,
-35758776.23377641,
-0.02175234,
-35985636.71435280,
-0.21393244,
-36213576.35105398,
-1.00389185,
-36442592.83972988,
0.03848732,
-36672692.75663401,
-0.32096547,
-36903888.23056994,
-0.46154335,
-41507843.21884461,
-0.17504243,
-41761540.27490759,
-0.10077101,
-42016388.99073699,
0.55544770,
-42272389.94858155,
0.00714022,
-42529561.85165390,
-0.32625512,
-42787900.96294793,
-0.10301252,
-43047429.37701577,
-1.28707476,
-43308121.22500848,
0.03238338,
-43570014.16100031,
-0.89515550,
-43833086.41537739,
0.66367540,
-44097346.46768221,
0.52283779,
-44362802.27643968,
-0.25036554,
-44629460.95530253,
0.35497895,
-44897305.42285490,
1.16337001,
-50219291.14975472,
-0.38952047,
-50511906.42924432,
-0.54419132,
-50805789.26002477,
-0.18544559,
-51100976.81607896,
0.95824541,
-51397433.96028608,
-0.29289579,
-51695168.41776376,
-0.90999449,
-51994229.62268679,
0.07713549,
-52294552.23108843,
-1.05368999,
-52596173.83996575,
-0.36574028,
-52899110.08498710,
0.35645206,
-53203357.35829982,
0.38271376,
-53508931.15521294,
-0.66436959,
-53815791.70160104,
-0.51975837,
-54123978.06005219,
0.89349346,
-60235039.09349486,
0.48663034,
-60570400.94213133,
0.09980768,
-60907126.31592126,
1.02927212,
-61245278.46157802,
0.79661716,
-61584838.14346240,
0.89147934,
-61925791.73385876,
-0.36375318,
-62268173.62065686,
-0.09329247,
-62611991.09766464,
0.51216298,
-62957206.04017097,
0.88146597,
-63303837.47824974,
0.23371959,
-63651913.10292351,
-0.25144188,
-64001414.10310447,
0.11871071,
-64352361.87315041,
-0.62432292,
-64704737.94921816,
-0.32314727,
-49599.48082565,
1.12062696,
-49600.49241318,
-0.27704072,
-49601.24318037,
0.14588371,
-49600.66364813,
0.56882368,
-49599.94398444,
0.43337768,
-49599.73342419,
0.16792248,
-49599.74025621,
0.25816780,
-49600.83847564,
0.54227495,
-49600.74918247,
-0.07212541,
-49599.31100185,
-0.42444811,
-49599.65850043,
0.14451011,
-49599.95027800,
-0.35886884,
-49600.69123495,
-0.19828740,
-49600.86264864,
-1.37135360,
-49599.35187009,
0.68311369,
-49600.49243068,
0.11772992,
-49600.73398536,
0.06610470,
-49599.91662047,
0.30515365,
-49599.42113267,
-1.56077028,
-49599.88575020,
0.28838863,
-49599.58212808,
-0.60473922,
-49599.25039514,
-0.00874674,
-49599.50696985,
-0.09530031,
-49600.33270706,
-0.34637650,
-49600.08132955,
-0.16568553,
-49599.79193772,
0.31839918,
-49600.64895283,
-0.03884720,
-49601.54202869,
0.17737323,
-0.45515530,
-0.26044222,
-0.23032061,
0.88221709,
-0.14411430,
0.19755421,
1.60803878,
1.17035181,
-0.04725843,
-0.82219818,
0.24269329,
0.31174456,
-0.50192500,
-0.24719096,
0.33817404,
0.15938444,
-0.29675815,
-0.57297169,
-0.29590528,
-0.05362778,
-0.24447243,
-1.63252903,
-0.17348034,
0.53039626,
-0.95634306,
-0.01313039,
1.19016783,
1.30194652,
-0.65253117,
-0.25145452,
-0.81671384,
-0.49883677,
-0.81411113,
-0.77698287,
-0.22975746,
-0.32817426,
-0.27352971,
-1.08698471,
-0.22581127,
0.07197179,
-0.72897165,
-0.56803183,
-0.54597674,
0.71861403,
0.54547189,
0.03920395,
1.21514161,
0.26012067,
0.62272111,
-0.19535035,
-0.19602511,
1.74036392,
-0.66111979,
0.98262459,
0.35976513,
-1.29659292,
-0.07843893,
-1.28788087,
1.42488396,
0.26295202,
-0.01234970,
-0.39048439,
0.01463094,
0.40419276,
0.21252094,
-0.57283202,
0.38347130,
0.50177897,
-1.88159399,
-0.68849639,
-0.41950440,
-1.05803043,
0.42127394,
-0.35660742,
0.49658612,
0.12872073,
1.02387592,
0.40420864,
0.31227622,
0.05311949,
0.09616050,
0.67191133,
-0.81969598,
-0.13925833,
-1.12047267,
-0.21596892,
-0.16164809,
-0.70113881,
-0.64798518,
0.36002178,
0.00581531,
-0.38645540,
0.60931045,
-0.12166335,
0.58126903,
-0.04866961,
0.37125112,
-0.96711663,
0.81656662,
0.47911956,
-1.00507663,
0.27098240,
-0.34194852,
0.51807770,
0.31360699,
0.23007463,
0.82528292,
0.64298880,
-0.43080329,
-0.43498356,
-0.07904320,
0.08155196,
-0.13757303,
0.04343502,
0.40327965,
0.54381690,
0.77678418,
0.15400824,
0.93331454,
0.73696484,
-0.94933122,
-0.39656701,
-0.74020930,
0.57131248,
0.16752687,
0.32182601,
-0.53022465,
-1.43228645,
-0.21757014,
0.18018469,
-0.26784639,
0.27871319,
0.95073974,
-0.30233701,
-0.77974748,
-0.29746851,
0.40675922,
0.02929834,
0.52011576,
0.03162365,
-0.39984005,
0.14671597,
0.31606204,
0.21746764,
-0.62752919,
-0.48921098,
0.73427032,
0.40137269,
0.55038275,
-0.11186409,
-0.93707088,
1.31272885,
-0.22902815,
0.07122956,
-0.14658978,
-1.04458885,
-0.07816578,
-1.04723501,
-0.73002148,
-0.55939706,
0.01723487,
-0.14464248,
0.43066585,
0.73604263,
0.27154655,
0.23198577,
0.08309842,
1.07619031,
0.19956417,
0.67404428,
-0.07197562,
0.45885634,
-0.24951904,
1.33866583,
0.76061161,
-0.01073210,
1.53066298,
-0.48911406,
-0.74470104,
-0.47676129,
-0.00216611,
0.45133523,
0.02775102,
0.17150303,
-0.58951859,
0.08958334,
0.73915406,
-0.71076675,
0.64999439,
-0.61993871,
-0.22786451,
-0.68051721,
-0.04325607,
-0.19836742,
-0.80139385,
-0.58771867,
0.84618850,
0.45839600,
0.35324536,
0.41546645,
0.20648111,
-0.18433192,
-0.74275886,
0.40955829,
0.71768491,
-0.41638939,
-0.39148293,
0.90480700,
1.07816426,
-0.03019487,
-0.31497764,
-0.04827936,
0.36609620,
-0.04956720,
-0.96063534,
-1.05225089,
0.27018157,
0.26279484,
-0.32602330,
0.65176762,
-0.85856479,
0.12854449,
0.08502909,
0.66196859,
0.30945823,
-0.01289835,
-0.62350136,
-0.15329050,
0.99446848,
-0.48564405,
0.31670568,
1.08867401,
0.53586943,
0.86863787,
-0.51235550,
0.64147376,
0.65615261,
0.84038425,
-0.34220273,
0.52514504,
-0.38419776,
-0.06916372,
0.62677770,
-0.05358776,
0.05248395,
-0.22033270,
-0.47757550,
0.39207473,
-1.26809704,
-0.13248156,
0.36151758,
0.43481972,
0.35982476,
-0.48633580,
-0.37776179,
0.36398061,
-1.37945928,
0.17432100,
0.38038756,
0.42965312,
-1.07219690,
0.11549784,
0.35937012,
0.50169607,
1.76555180,
0.75103948,
0.01988702,
0.59410816,
0.62548170,
0.78883410,
0.04580789,
0.25607119,
-0.84953272,
0.47082929,
0.15383112,
0.13394115,
0.20900547,
-1.86347319,
-0.56246476,
-0.70465609,
0.67648445,
-0.65588632,
-0.84823029,
0.12537318,
0.23448013,
-0.26382473,
0.29191533,
-1.03241689,
1.88516689,
0.04678339,
-0.44666204,
-0.31240166,
-0.21415805,
-1.00681115,
-0.26083583,
-0.21891159,
0.38978300,
0.19768619,
-0.66720675,
0.65305992,
0.20671136,
0.85217404,
0.44130631,
-1.31973594,
-0.07804262,
0.36528610,
0.14882263,
0.49443820,
0.85310985,
0.23735371,
0.58165300,
0.43320021,
-0.98512468,
-0.12064114,
0.49237914,
0.18955446,
0.48908350,
0.75655501,
0.11518682,
-0.58731241,
0.52742918,
0.93878902,
0.54836240,
0.46825853,
-0.15253400,
-0.37582500,
-0.50389240,
-0.68024717,
0.25348332,
0.29492522,
1.08014542,
-0.61036080,
-0.55680497,
0.28847331,
-1.27926675,
-0.41475654,
