0.17060590,
0.17057100,
0.17053596,
0.17050065,
0.17046539,
0.17042994,
0.17039450,
0.17035929,
0.17032383,
0.17028857,
0.17025322,
0.17021785,
0.17018239,
0.17014722,
0.17011193,
0.17007659,
0.17004142,
0.17000586,
0.16997061,
0.16993529,
0.16989996,
0.16986463,
0.16982941,
0.16979409,
0.16975883,
0.16972342,
0.16968815,
0.16965290,
0.16947649,
0.16944126,
0.16940597,
0.16937074,
0.16933529,
0.16930000,
0.16926479,
0.16922952,
0.16919423,
0.16915903,
0.16912375,
0.16908855,
0.16905342,
0.16901801,
0.16898298,
0.16894751,
0.16891230,
0.16887708,
0.16884183,
0.16880661,
0.16877142,
0.16873604,
0.16870095,
0.16866575,
0.16863049,
0.16859531,
0.16856006,
0.16852483,
0.16834893,
0.16831363,
0.16827838,
0.16824326,
0.16820790,
0.16817287,
0.16813783,
0.16810247,
0.16806734,
0.16803222,
0.16799704,
0.16796187,
0.16792668,
0.16789144,
0.16785630,
0.16782126,
0.16778594,
0.16775088,
0.16771576,
0.16768047,
0.16764544,
0.16761025,
0.16757503,
0.16753998,
0.16750481,
0.16746979,
0.16743454,
0.16739952,
0.16722393,
0.16718875,
0.16715358,
0.16711854,
0.16708356,
0.16704850,
0.16701328,
0.16697819,
0.16694310,
0.16690790,
0.16687284,
0.16683775,
0.16680258,
0.16676753,
0.16673253,
0.16669745,
0.16666243,
0.16662726,
0.16659215,
0.16655716,
0.16652194,
0.16648702,
0.16645188,
0.16641691,
0.16638187,
0.16634694,
0.16631171,
0.16627680,
0.16610148,
0.16606659,
0.16603157,
0.16599660,
0.16596157,
0.16592655,
0.16589140,
0.16585629,
0.16582129,
0.16578633,
0.16575121,
0.16571639,
0.16568154,
0.16564638,
0.16561136,
0.16557634,
0.16554135,
0.16550641,
0.16547127,
0.16543642,
0.16540140,
0.16536640,
0.16533149,
0.16529651,
0.16526166,
0.16522648,
0.16519160,
0.16515662,
0.16498182,
0.16494699,
0.16491207,
0.16487700,
0.16484217,
0.16480704,
0.16477220,
0.16473720,
0.16470220,
0.16466742,
0.16463263,
0.16459759,
0.16456275,
0.16452774,
0.16449275,
0.16445803,
0.16442299,
0.16438796,
0.16435323,
0.16431817,
0.16428342,
0.16424856,
0.16421372,
0.16417876,
0.16414385,
0.16410898,
0.16407405,
0.16403905,
0.16386488,
0.16382989,
0.16379514,
0.16376019,
0.16372528,
0.16369048,
0.16365550,
0.16362078,
0.16358593,
0.16355120,
0.16351642,
0.16348151,
0.16344650,
0.16341182,
0.16337694,
0.16334206,
0.16330728,
0.16327239,
0.16323764,
0.16320284,
0.16316808,
0.16313329,
0.16309842,
0.16306362,
0.16302886,
0.16299403,
0.16295922,
0.16292427,
0.16275042,
0.16271567,
0.16268082,
0.16264604,
0.16261123,
0.16257653,
0.16254177,
0.16250699,
0.16247228,
0.16243749,
0.16240273,
0.16236800,
0.16233322,
0.16229852,
0.16226362,
0.16222880,
0.16219421,
0.16215952,
0.16212475,
0.16209003,
0.16205528,
0.16202063,
0.16198578,
0.16195109,
0.16191652,
0.16188160,
0.16184681,
0.16181213,
0.16163864,
0.16160402,
0.16156934,
0.16153453,
0.16150002,
0.16146514,
0.16143045,
0.16139584,
0.16136123,
0.16132647,
0.16129189,
0.16125709,
0.16122251,
0.16118779,
0.16115303,
0.16111850,
0.16108377,
0.16104916,
0.16101444,
0.16097988,
0.16094524,
0.16091046,
0.16087578,
0.16084116,
0.16080652,
0.16077184,
0.16073723,
0.16070279,
0.16052967,
0.16049490,
0.16046033,
0.16042574,
0.16039110,
0.16035645,
0.16032177,
0.16028734,
0.16025276,
0.16021812,
0.16018352,
0.16014910,
0.16011443,
0.16007976,
0.16004514,
0.16001059,
0.15997599,
0.15994150,
0.15990686,
0.15987230,
0.15983769,
0.15980310,
0.15976855,
0.15973400,
0.15969937,
0.15966500,
0.15963041,
0.15959591,
0.15942315,
0.15938858,
0.15935398,
0.15931950,
0.15928484,
0.15925039,
0.15921609,
0.15918154,
0.15914700,
0.15911247,
0.15907796,
0.15904342,
0.15900892,
0.15897428,
0.15893994,
0.15890541,
0.15887087,
0.15883644,
0.15880186,
0.15876741,
0.15873282,
0.15869839,
0.15866397,
0.15862953,
0.15859507,
0.15856060,
0.15852613,
0.15849163,
0.15831928,
0.15828482,
0.15825039,
0.15821602,
0.15818165,
0.15814708,
0.15811273,
0.15807815,
0.15804376,
0.15800934,
0.15797492,
0.15794047,
0.15790595,
0.15787157,
0.15783720,
0.15780279,
0.15776833,
0.15773401,
0.15769947,
0.15766513,
0.15763085,
0.15759636,
0.15756207,
0.15752752,
0.15749320,
0.15745880,
0.15742431,
0.15739001,
0.15721804,
0.15718368,
0.15714945,
0.15711511,
0.15708070,
0.15704631,
0.15701191,
0.15697753,
0.15694310,
0.15690886,
0.15687431,
0.15684012,
0.15680585,
0.15677145,
0.15673711,
0.15670277,
0.15666846,
0.15663414,
0.15659994,
0.15656547,
0.15653135,
0.15649695,
0.15646263,
0.15642828,
0.15639388,
0.15635968,
0.15632533,
0.15629110,
0.15611960,
0.15608543,
0.15605105,
0.15601673,
0.15598239,
0.15594810,
0.15591376,
0.15587966,
0.15584534,
0.15581108,
0.15577679,
0.15574235,
0.15570813,
0.15567394,
0.15563956,
0.15560557,
0.15557139,
0.15553704,
0.15550280,
0.15546851,
0.15543435,
0.15540016,
0.15536577,
0.15533169,
0.15529739,
0.15526313,
0.15522906,
0.15519468,
0.15502372,
0.15498958,
0.15495508,
0.15492107,
0.15488686,
0.15485268,
0.15481848,
0.15478428,
0.15475016,
0.15471580,
0.15468179,
0.15464751,
0.15461330,
0.15457925,
0.15454505,
0.15451089,
0.15447672,
0.15444260,
0.15440840,
0.15437428,
0.15434009,
0.15430591,
0.15427183,
0.15423752,
0.15420353,
0.15416925,
0.15413524,
0.15410106,
0.15393036,
0.15389617,
0.15386217,
0.15382805,
0.15379393,
0.15375980,
0.15372572,
0.15369161,
0.15365754,
0.15362333,
0.15358921,
0.15355534,
0.15352118,
0.15348713,
0.15345313,
0.15341890,
0.15338472,
0.15335072,
0.15331668,
0.15328260,
0.15324846,
0.15321439,
0.15318042,
0.15314623,
0.15311225,
0.15307823,
0.15304408,
0.15301001,
0.15283973,
0.15280569,
0.15277179,
0.15273763,
0.15270359,
0.15266954,
0.15263563,
0.15260162,
0.15256763,
0.15253364,
0.15249958,
0.15246555,
0.15243169,
0.15239744,
0.15236345,
0.15232951,
0.15229545,
0.15226148,
0.15222756,
0.15219346,
0.15215945,
0.15212567,
0.15209150,
0.15205761,
0.15202364,
0.15198961,
0.15195563,
0.15192169,
0.15175179,
0.15171790,
0.15168388,
0.15164985,
0.15161605,
0.15158212,
0.15154815,
0.15151420,
0.15148025,
0.15144632,
0.15141242,
0.15137839,
0.15134451,
0.15131061,
0.15127655,
0.15124275,
0.15120889,
0.15117485,
0.15114098,
0.15110720,
0.15107315,
0.15103919,
0.15100531,
0.15097154,
0.15093766,
0.15090358,
0.15086980,
0.15083585,
0.15066654,
0.15063267,
0.15059876,
0.15056486,
0.15053098,
0.15049714,
0.15046326,
0.15042942,
0.15039564,
0.15036169,
0.15032778,
0.15029399,
0.15026006,
0.15022640,
0.15019257,
0.15015862,
0.15012481,
0.15009108,
0.15005701,
0.15002332,
0.14998948,
0.14995551,
0.14992189,
0.14988810,
0.14985419,
0.14982041,
0.14978669,
0.14975274,
0.14958385,
0.14954996,
0.14951616,
0.14948252,
0.14944860,
0.14941481,
0.14938105,
0.14934741,
0.14931350,
0.14927968,
0.14924585,
0.14921226,
0.14917848,
0.14914469,
0.14911091,
0.14907712,
0.14904341,
0.14900976,
0.14897587,
0.14894208,
0.14890852,
0.14887464,
0.14884098,
0.14880730,
0.14877339,
0.14873977,
0.14870606,
0.14867236,
0.14850359,
0.14847006,
0.14843631,
0.14840261,
0.14836895,
0.14833521,
0.14830154,
0.14826785,
0.14823401,
0.14820027,
0.14816672,
0.14813304,
0.14809942,
0.14806570,
0.14803206,
0.14799848,
0.14796476,
0.14793088,
0.14789739,
0.14786371,
0.14783007,
0.14779645,
0.14776259,
0.14772900,
0.14769549,
0.14766169,
0.14762816,
0.14759455,
0.14742619,
0.14739268,
0.14735910,
0.14732541,
0.14729182,
0.14725818,
0.14722449,
0.14719089,
0.14715732,
0.14712376,
0.14709018,
0.14705666,
0.14702299,
0.14698940,
0.14695572,
0.14692218,
0.14688864,
0.14685498,
0.14682146,
0.14678802,
0.14675417,
0.14672065,
0.14668711,
0.14665344,
0.14662004,
0.14658634,
0.14655286,
0.14651928,
0.14635142,
0.14631803,
0.14628456,
0.14625089,
0.14621737,
0.14618382,
0.14615025,
0.14611672,
0.14608327,
0.14604985,
0.14601626,
0.14598276,
0.14594915,
0.14591556,
0.14588218,
0.14584858,
0.14581510,
0.14578167,
0.14574814,
0.14571460,
0.14568115,
0.14564755,
0.14561420,
0.14558059,
0.14554724,
0.14551365,
0.14548025,
0.14544672,
0.14527945,
0.14524587,
0.14521252,
0.14517898,
0.14514547,
0.14511201,
0.14507864,
0.14504523,
0.14501171,
0.14497838,
0.14494496,
0.14491134,
0.14487799,
0.14484453,
0.14481122,
0.14477776,
0.14474422,
0.14471093,
0.14467751,
0.14464404,
0.14461077,
0.14457726,
0.14454381,
0.14451040,
0.14447698,
0.14444367,
0.14441015,
0.14437678,
0.14420997,
0.14417642,
0.14414305,
0.14410966,
0.14407619,
0.14404300,
0.14400966,
0.14397627,
0.14394298,
0.14390951,
0.14387615,
0.14384274,
0.14380947,
0.14377615,
0.14374269,
0.14370942,
0.14367606,
0.14364281,
0.14360949,
0.14357611,
0.14354273,
0.14350947,
0.14347610,
0.14344283,
0.14340943,
0.14337619,
0.14334272,
0.14330949,
0.14314295,
0.14310966,
0.14307635,
0.14304308,
0.14300980,
0.14297652,
0.14294330,
0.14291000,
0.14287673,
0.14284343,
0.14281010,
0.14277677,
0.14274357,
0.14271029,
0.14267700,
0.14264386,
0.14261060,
0.14257725,
0.14254391,
0.14251081,
0.14247736,
0.14244428,
0.14241097,
0.14237782,
0.14234460,
0.14231125,
0.14227809,
0.14224475,
0.14207871,
0.14204557,
0.14201222,
0.14197910,
0.14194605,
0.14191270,
0.14187960,
0.14184635,
0.14181303,
0.14177984,
0.14174662,
0.14171350,
0.14168031,
0.14164720,
0.14161395,
0.14158081,
0.14154752,
0.14151441,
0.14148120,
0.14144801,
0.14141485,
0.14138161,
0.14134852,
0.14131538,
0.14128228,
0.14124908,
0.14121604,
0.14118288,
0.14101719,
0.14098397,
0.14095094,
0.14091781,
0.14088477,
0.14085154,
0.14081840,
0.14078522,
0.14075213,
0.14071911,
0.14068591,
0.14065284,
0.14061970,
0.14058665,
0.14055347,
0.14052037,
0.14048735,
0.14045412,
0.14042116,
0.14038791,
0.14035495,
0.14032188,
0.14028871,
0.14025572,
0.14022263,
0.14018963,
0.14015652,
0.14012356,
