-142.35163633,
-0.00034362,
-144.25021745,
-0.00010925,
-146.17011959,
-0.00049438,
-148.10699285,
-0.00019224,
-150.06492599,
-0.00052821,
-152.03764919,
-0.00003879,
-154.03568714,
0.00011188,
-156.04882486,
0.00033896,
-158.08195559,
-0.00002010,
-160.13500089,
-0.00018714,
-162.20689363,
0.00032850,
-164.29826551,
-0.00003698,
-166.40998436,
0.00022274,
-168.54188074,
-0.00028507,
-212.98150360,
-0.00043988,
-215.53629185,
-0.00020763,
-218.11583360,
0.00031382,
-220.71253407,
0.00012989,
-223.33678565,
-0.00051753,
-225.98705822,
0.00033146,
-228.65345519,
-0.00053498,
-231.34412558,
0.00004013,
-234.06224817,
-0.00005361,
-236.80043790,
-0.00038200,
-239.55977325,
0.00041191,
-242.34913632,
0.00020417,
-245.15910925,
0.00010118,
-247.99198674,
0.00046564,
-306.56582715,
0.00031922,
-309.90551970,
-0.00048028,
-313.27661663,
-0.00007547,
-316.67140390,
0.00023086,
-320.09477318,
0.00028524,
-323.54175602,
0.00050387,
-327.01796010,
-0.00031368,
-330.52370731,
0.00037152,
-334.05350059,
-0.00014217,
-337.61517478,
0.00029486,
-341.20339128,
0.00011495,
-344.82308419,
0.00013792,
-348.46552713,
0.00005431,
-352.13300332,
0.00030092,
-427.50037006,
0.00052703,
-431.76945165,
-0.00014062,
-436.07396910,
-0.00000204,
-440.40935469,
0.00048774,
-444.77250190,
-0.00020872,
-449.17045107,
0.00005782,
-453.60408548,
-0.00032076,
-458.06535189,
-0.00032321,
-462.55748083,
0.00032366,
-467.08516387,
0.00016112,
-471.64432699,
0.00033703,
-476.23541980,
0.00004685,
-480.86421781,
-0.00034526,
-485.52382835,
0.00002521,
-580.55768530,
-0.00037153,
-585.91792205,
0.00045667,
-591.30907243,
0.00008161,
-596.73455674,
0.00013526,
-602.20282218,
-0.00004503,
-607.70873117,
0.00042496,
-613.24361395,
-0.00025418,
-618.82262759,
0.00030401,
-624.43725875,
-0.00033706,
-630.09027409,
0.00015616,
-635.78267791,
0.00054898,
-641.50941327,
-0.00022543,
-647.28129775,
-0.00026179,
-653.08139804,
-0.00044966,
-770.89568736,
0.00060342,
-777.49448081,
-0.00001163,
-784.14659103,
0.00012212,
-790.83614849,
-0.00063713,
-797.57462421,
-0.00008104,
-804.35025726,
0.00032378,
-811.16974379,
-0.00007811,
-818.03712679,
-0.00020567,
-824.93881347,
0.00019426,
-831.87867424,
0.00028291,
-838.88059706,
0.00006974,
-845.91156674,
-0.00001728,
-852.99127007,
-0.00017552,
-860.11227345,
-0.00036018,
-1004.02148714,
-0.00051648,
-1012.05946415,
0.00028612,
-1020.15154382,
0.00007236,
-1028.29103183,
0.00028101,
-1036.46579850,
-0.00006719,
-1044.69925954,
0.00055121,
-1052.96969801,
0.00042278,
-1061.30039489,
-0.00026863,
-1069.68860780,
0.00003936,
-1078.11333413,
-0.00016906,
-1086.57469140,
-0.00049550,
-1095.09938751,
0.00059043,
-1103.67591245,
0.00000774,
-1112.30167018,
0.00014004,
-1285.85702597,
0.00038070,
-1295.53841479,
0.00016440,
-1305.23129127,
-0.00024237,
-1315.00426492,
0.00033796,
-1324.81815210,
-0.00004095,
-1334.69887779,
0.00023637,
-1344.62954920,
-0.00034894,
-1354.61825929,
0.00005246,
-1364.65571744,
0.00008494,
-1374.75304793,
-0.00026901,
-1384.90837538,
-0.00010996,
-1395.11028347,
0.00018160,
-1405.37711936,
0.00021911,
-1415.69826355,
0.00002296,
-1622.68866116,
-0.00060424,
-1634.16266399,
-0.00038591,
-1645.70328262,
-0.00042842,
-1657.32254070,
0.00040370,
-1668.97841151,
-0.00003250,
-1680.71356189,
0.00066794,
-1692.49225447,
-0.00011772,
-1704.33120619,
0.00013977,
-1716.25145499,
0.00042972,
-1728.23290013,
0.00017161,
-1740.26141752,
-0.00027191,
-1752.35308153,
-0.00048662,
-1764.51264480,
-0.00034769,
-1776.73320612,
0.00016598,
-2021.13528131,
0.00008727,
-2034.66352668,
0.00014787,
-2048.25219634,
-0.00054023,
-2061.91352094,
-0.00016436,
-2075.63119925,
0.00003596,
-2089.41095509,
0.00056929,
-2103.28166880,
0.00010111,
-2117.21574602,
0.00027678,
-2131.20756757,
-0.00000856,
-2145.26832228,
-0.00022057,
-2159.40672397,
-0.00037509,
-2173.60435018,
0.00029438,
-2187.88741456,
-0.00012827,
-2202.22311956,
0.00024630,
-2488.26829511,
0.00015487,
-2504.06189098,
0.00000926,
-2519.92867293,
0.00035065,
-2535.85010180,
-0.00014083,
-2551.85383731,
0.00010513,
-2567.94832137,
0.00051038,
-2584.10762863,
-0.00044696,
-2600.33647021,
0.00024311,
-2616.64434971,
-0.00056043,
-2633.03202611,
0.00015562,
-2649.49816187,
-0.00027836,
-2666.03230246,
0.00001108,
-2682.66598996,
0.00034512,
-2699.33654110,
-0.00017779,
-3031.49346236,
-0.00019142,
-3049.76643460,
0.00035583,
-3068.12354084,
-0.00024213,
-3086.58350817,
0.00068809,
-3105.11954402,
0.00025274,
-3123.73060549,
-0.00061785,
-3142.42690618,
0.00016573,
-3161.20303730,
-0.00025612,
-3180.07362704,
-0.00016036,
-3199.02635955,
-0.00002448,
-3218.05563106,
-0.00044289,
-3237.17257725,
0.00019860,
-3256.37488596,
0.00014489,
-3275.67583519,
-0.00053070,
-3658.55552660,
-0.00004533,
-3679.58293428,
-0.00019613,
-3700.72798705,
-0.00005754,
-3721.93382305,
-0.00060008,
-3743.25218658,
-0.00029062,
-3764.63105478,
-0.00014582,
-3786.13143187,
-0.00012926,
-3807.71392484,
0.00003628,
-3829.36763426,
0.00008914,
-3851.14711710,
-0.00006041,
-3872.98873007,
0.00000515,
-3894.95286141,
0.00047645,
-3916.97265131,
0.00021207,
-3939.11619380,
-0.00053650,
-4377.63434880,
-0.00031510,
-4401.71348246,
-0.00027609,
-4425.84682238,
-0.00007571,
-4450.08009014,
-0.00060991,
-4474.43455926,
0.00040304,
-4498.87271567,
0.00036519,
-4523.40663290,
0.00037373,
-4548.05562756,
0.00012534,
-4572.80087791,
0.00036395,
-4597.63978276,
-0.00015847,
-4622.57018853,
0.00012660,
-4647.64316703,
-0.00032593,
-4672.77562879,
-0.00007830,
-4698.01729952,
0.00015538,
-4886.75434339,
-0.00014376,
-4886.75376180,
0.00058011,
-4886.75465183,
0.00024730,
-4886.75333476,
-0.00000337,
-4886.75249211,
0.00024575,
-4886.75432558,
0.00008039,
-4886.75518946,
-0.00010410,
-4886.75380929,
-0.00013640,
-4886.75415220,
-0.00000204,
-4886.75538436,
-0.00066142,
-4886.75515761,
-0.00011666,
-4886.75515690,
-0.00024376,
-4886.75417644,
0.00059616,
-4886.75452644,
0.00047772,
-4886.75300292,
-0.00019682,
-4886.75398819,
-0.00054762,
-4886.75397231,
0.00028589,
-4886.75363164,
-0.00065800,
-4886.75363825,
0.00038916,
-4886.75283584,
-0.00037827,
-4886.75396731,
-0.00024908,
-4886.75409715,
-0.00062338,
-4886.75390769,
0.00003297,
-4886.75415617,
-0.00005318,
-4886.75774491,
-0.00048173,
-4886.75398804,
0.00004588,
-4886.75347058,
-0.00027376,
-4886.75532835,
0.00026478,
-0.00023782,
0.00018249,
-0.00027345,
-0.00000246,
-0.00022262,
0.00050568,
-0.00042422,
-0.00040381,
-0.00043879,
0.00015751,
-0.00019163,
-0.00002657,
0.00028615,
-0.00068218,
0.00028203,
-0.00037897,
0.00003281,
-0.00008235,
-0.00020276,
-0.00005519,
0.00022113,
-0.00025557,
-0.00037191,
0.00037625,
0.00015608,
0.00000517,
-0.00020485,
0.00044340,
0.00000249,
0.00021222,
-0.00024586,
0.00029029,
0.00007149,
0.00034169,
-0.00000527,
-0.00009077,
-0.00056732,
0.00016278,
0.00003652,
0.00012548,
-0.00030588,
0.00055454,
0.00001799,
0.00007990,
0.00044622,
0.00063532,
-0.00027659,
-0.00001147,
-0.00034278,
-0.00030200,
-0.00006720,
-0.00013257,
-0.00022887,
0.00048071,
-0.00038678,
-0.00002677,
0.00007970,
0.00053953,
-0.00012678,
0.00006652,
-0.00036386,
-0.00063582,
0.00029897,
-0.00042330,
0.00008356,
-0.00037229,
0.00017444,
-0.00044207,
-0.00058373,
-0.00033744,
0.00001247,
-0.00057413,
-0.00005867,
-0.00023581,
0.00002604,
0.00033706,
-0.00004980,
0.00005496,
-0.00002582,
0.00015685,
0.00037229,
-0.00008957,
0.00001217,
-0.00067088,
-0.00065286,
0.00064902,
0.00020918,
0.00030828,
-0.00029929,
-0.00004469,
-0.00018012,
-0.00010605,
0.00035539,
-0.00001199,
0.00046011,
-0.00018708,
0.00035223,
-0.00037032,
-0.00025579,
0.00008599,
-0.00031967,
-0.00038227,
0.00017589,
-0.00027555,
-0.00034623,
-0.00019730,
-0.00006614,
-0.00000359,
-0.00009329,
0.00033226,
0.00008513,
-0.00007117,
-0.00027719,
0.00084411,
0.00040859,
-0.00009767,
0.00029590,
-0.00027431,
-0.00013300,
0.00043098,
-0.00055903,
0.00020273,
-0.00049444,
0.00021695,
-0.00019585,
0.00047864,
-0.00031880,
-0.00056179,
0.00011974,
0.00029164,
0.00042826,
0.00050888,
0.00014321,
-0.00001031,
0.00058612,
-0.00017230,
-0.00031462,
-0.00002706,
-0.00005812,
0.00035810,
0.00046941,
-0.00020990,
-0.00046217,
-0.00039393,
-0.00019542,
0.00052607,
-0.00000772,
-0.00017101,
-0.00019724,
-0.00007863,
0.00028298,
0.00036832,
-0.00028524,
-0.00015975,
0.00014442,
-0.00048118,
-0.00023657,
-0.00024126,
0.00017237,
0.00012460,
-0.00054300,
0.00064921,
-0.00007757,
0.00003502,
0.00023483,
-0.00018050,
0.00048876,
0.00000952,
-0.00059930,
-0.00060612,
0.00042018,
-0.00010999,
0.00070643,
-0.00040438,
-0.00040604,
0.00046088,
0.00019767,
0.00001621,
0.00044880,
0.00012540,
0.00042183,
0.00061280,
-0.00001688,
0.00004418,
0.00030021,
0.00008883,
0.00014945,
0.00012311,
-0.00052523,
0.00070464,
0.00029899,
0.00012284,
-0.00029751,
-0.00052268,
-0.00003414,
0.00022311,
-0.00038824,
0.00025092,
0.00024254,
0.00011527,
-0.00016188,
0.00055404,
-0.00059636,
-0.00015078,
-0.00066037,
0.00110152,
0.00002118,
-0.00010741,
0.00010287,
-0.00040698,
-0.00025199,
-0.00019134,
0.00012428,
0.00027151,
-0.00020564,
-0.00045367,
-0.00010423,
-0.00018457,
-0.00018560,
0.00058563,
0.00001672,
-0.00008579,
-0.00003733,
0.00038324,
-0.00091465,
-0.00049916,
-0.00034661,
0.00029471,
0.00017221,
-0.00079452,
0.00017108,
-0.00030397,
0.00015262,
-0.00029996,
-0.00007595,
0.00025294,
-0.00010667,
0.00007270,
0.00012927,
-0.00022914,
0.00033965,
-0.00015696,
0.00012660,
-0.00003497,
-0.00007468,
0.00006201,
0.00022661,
0.00074364,
0.00014637,
0.00033273,
-0.00034388,
0.00010540,
0.00029123,
-0.00044135,
0.00004013,
-0.00051144,
0.00027785,
0.00015879,
-0.00019168,
-0.00052182,
-0.00047885,
0.00053716,
-0.00028034,
-0.00061900,
-0.00043500,
-0.00000060,
0.00003047,
0.00027796,
-0.00039594,
0.00001966,
-0.00029343,
-0.00063368,
0.00050027,
0.00030653,
0.00032403,
0.00015959,
0.00014307,
0.00005852,
0.00052594,
-0.00045761,
0.00009412,
-0.00029700,
-0.00019144,
-0.00026641,
0.00006635,
0.00011529,
0.00035353,
-0.00051619,
-0.00028111,
0.00055035,
0.00012139,
0.00060929,
0.00027237,
-0.00021629,
0.00000919,
0.00004819,
-0.00004898,
0.00023312,
-0.00044031,
0.00005449,
0.00029388,
-0.00048532,
0.00017951,
-0.00027323,
-0.00036339,
-0.00029977,
-0.00003607,
-0.00015648,
0.00049873,
0.00039280,
0.00027758,
0.00062749,
0.00011068,
-0.00021798,
0.00036315,
0.00002168,
-0.00011749,
0.00043207,
0.00003330,
0.00100196,
-0.00022863,
0.00011427,
-0.00052080,
-0.00002710,
-0.00005939,
-0.00009822,
-0.00018164,
-0.00019354,
0.00041494,
0.00006335,
0.00032202,
-0.00016364,
0.00026520,
0.00074047,
0.00024595,
-0.00010705,
