0.18104903,
0.18102620,
0.18100422,
0.18098329,
0.18096228,
0.18094129,
0.18092067,
0.18089982,
0.18087895,
0.18085809,
0.18083715,
0.18081629,
0.18079551,
0.18077453,
0.18075377,
0.18073275,
0.18071193,
0.18069122,
0.18067024,
0.18064939,
0.18062853,
0.18060782,
0.18058699,
0.18056601,
0.18054519,
0.18052444,
0.18050347,
0.18048266,
0.18037841,
0.18035758,
0.18033670,
0.18031592,
0.18029500,
0.18027415,
0.18025338,
0.18023252,
0.18021178,
0.18019089,
0.18016999,
0.18014919,
0.18012846,
0.18010751,
0.18008674,
0.18006588,
0.18004491,
0.18002436,
0.18000345,
0.17998255,
0.17996164,
0.17994094,
0.17992011,
0.17989927,
0.17987836,
0.17985770,
0.17983673,
0.17981595,
0.17971193,
0.17969110,
0.17967028,
0.17964945,
0.17962862,
0.17960782,
0.17958704,
0.17956623,
0.17954546,
0.17952457,
0.17950368,
0.17948292,
0.17946229,
0.17944148,
0.17942054,
0.17939970,
0.17937888,
0.17935821,
0.17933747,
0.17931664,
0.17929570,
0.17927508,
0.17925416,
0.17923331,
0.17921255,
0.17919184,
0.17917103,
0.17915017,
0.17904618,
0.17902551,
0.17900480,
0.17898382,
0.17896315,
0.17894239,
0.17892160,
0.17890083,
0.17888003,
0.17885924,
0.17883840,
0.17881766,
0.17879686,
0.17877615,
0.17875529,
0.17873444,
0.17871378,
0.17869306,
0.17867226,
0.17865154,
0.17863063,
0.17860990,
0.17858922,
0.17856827,
0.17854764,
0.17852683,
0.17850621,
0.17848532,
0.17838139,
0.17836073,
0.17834013,
0.17831919,
0.17829850,
0.17827773,
0.17825704,
0.17823626,
0.17821546,
0.17819470,
0.17817398,
0.17815316,
0.17813251,
0.17811179,
0.17809105,
0.17807008,
0.17804935,
0.17802871,
0.17800799,
0.17798727,
0.17796651,
0.17794564,
0.17792504,
0.17790409,
0.17788345,
0.17786280,
0.17784220,
0.17782129,
0.17771760,
0.17769688,
0.17767629,
0.17765547,
0.17763473,
0.17761403,
0.17759324,
0.17757268,
0.17755178,
0.17753104,
0.17751026,
0.17748959,
0.17746886,
0.17744836,
0.17742754,
0.17740671,
0.17738602,
0.17736531,
0.17734466,
0.17732377,
0.17730325,
0.17728248,
0.17726175,
0.17724091,
0.17722022,
0.17719960,
0.17717901,
0.17715813,
0.17705463,
0.17703390,
0.17701324,
0.17699258,
0.17697171,
0.17695120,
0.17693056,
0.17690992,
0.17688923,
0.17686825,
0.17684760,
0.17682698,
0.17680622,
0.17678559,
0.17676494,
0.17674418,
0.17672352,
0.17670289,
0.17668210,
0.17666144,
0.17664080,
0.17662011,
0.17659937,
0.17657869,
0.17655787,
0.17653732,
0.17651676,
0.17649607,
0.17639252,
0.17637187,
0.17635112,
0.17633051,
0.17630981,
0.17628915,
0.17626873,
0.17624803,
0.17622735,
0.17620640,
0.17618570,
0.17616513,
0.17614452,
0.17612383,
0.17610326,
0.17608254,
0.17606179,
0.17604125,
0.17602050,
0.17599986,
0.17597914,
0.17595854,
0.17593791,
0.17591718,
0.17589642,
0.17587587,
0.17585536,
0.17583472,
0.17573136,
0.17571067,
0.17569001,
0.17566942,
0.17564873,
0.17562809,
0.17560757,
0.17558695,
0.17556625,
0.17554548,
0.17552471,
0.17550416,
0.17548367,
0.17546300,
0.17544244,
0.17542187,
0.17540105,
0.17538041,
0.17535979,
0.17533910,
0.17531851,
0.17529780,
0.17527730,
0.17525668,
0.17523593,
0.17521544,
0.17519486,
0.17517421,
0.17507103,
0.17505039,
0.17502967,
0.17500921,
0.17498856,
0.17496801,
0.17494739,
0.17492669,
0.17490607,
0.17488555,
0.17486471,
0.17484419,
0.17482363,
0.17480305,
0.17478254,
0.17476190,
0.17474122,
0.17472055,
0.17469999,
0.17467926,
0.17465872,
0.17463814,
0.17461760,
0.17459688,
0.17457626,
0.17455576,
0.17453530,
0.17451455,
0.17441157,
0.17439099,
0.17437032,
0.17434978,
0.17432918,
0.17430864,
0.17428817,
0.17426743,
0.17424688,
0.17422633,
0.17420564,
0.17418497,
0.17416453,
0.17414399,
0.17412338,
0.17410282,
0.17408221,
0.17406160,
0.17404105,
0.17402042,
0.17399984,
0.17397930,
0.17395873,
0.17393806,
0.17391752,
0.17389697,
0.17387655,
0.17385583,
0.17375298,
0.17373247,
0.17371189,
0.17369128,
0.17367074,
0.17365018,
0.17362964,
0.17360907,
0.17358848,
0.17356803,
0.17354739,
0.17352676,
0.17350629,
0.17348582,
0.17346519,
0.17344470,
0.17342409,
0.17340341,
0.17338299,
0.17336242,
0.17334194,
0.17332136,
0.17330081,
0.17328019,
0.17325966,
0.17323911,
0.17321856,
0.17319796,
0.17309540,
0.17307479,
0.17305423,
0.17303368,
0.17301326,
0.17299279,
0.17297205,
0.17295155,
0.17293095,
0.17291050,
0.17288999,
0.17286936,
0.17284892,
0.17282857,
0.17280789,
0.17278744,
0.17276680,
0.17274620,
0.17272580,
0.17270530,
0.17268477,
0.17266432,
0.17264370,
0.17262318,
0.17260259,
0.17258206,
0.17256161,
0.17254111,
0.17243862,
0.17241807,
0.17239753,
0.17237696,
0.17235649,
0.17233600,
0.17231547,
0.17229496,
0.17227455,
0.17225395,
0.17223353,
0.17221288,
0.17219239,
0.17217200,
0.17215154,
0.17213098,
0.17211048,
0.17208999,
0.17206951,
0.17204904,
0.17202850,
0.17200801,
0.17198754,
0.17196696,
0.17194659,
0.17192592,
0.17190553,
0.17188502,
0.17178258,
0.17176217,
0.17174179,
0.17172113,
0.17170068,
0.17168016,
0.17165975,
0.17163919,
0.17161881,
0.17159834,
0.17157787,
0.17155745,
0.17153684,
0.17151635,
0.17149595,
0.17147548,
0.17145501,
0.17143464,
0.17141406,
0.17139368,
0.17137309,
0.17135264,
0.17133226,
0.17131168,
0.17129131,
0.17127081,
0.17125023,
0.17122991,
0.17112767,
0.17110706,
0.17108674,
0.17106618,
0.17104582,
0.17102543,
0.17100491,
0.17098433,
0.17096391,
0.17094358,
0.17092304,
0.17090267,
0.17088221,
0.17086169,
0.17084134,
0.17082081,
0.17080039,
0.17077993,
0.17075949,
0.17073911,
0.17071870,
0.17069822,
0.17067776,
0.17065744,
0.17063689,
0.17061649,
0.17059585,
0.17057561,
0.17047342,
0.17045296,
0.17043261,
0.17041218,
0.17039180,
0.17037138,
0.17035098,
0.17033048,
0.17031001,
0.17028975,
0.17026931,
0.17024884,
0.17022840,
0.17020789,
0.17018752,
0.17016717,
0.17014672,
0.17012624,
0.17010585,
0.17008563,
0.17006506,
0.17004461,
0.17002421,
0.17000395,
0.16998340,
0.16996302,
0.16994257,
0.16992218,
0.16982011,
0.16979983,
0.16977930,
0.16975907,
0.16973855,
0.16971822,
0.16969780,
0.16967740,
0.16965700,
0.16963659,
0.16961634,
0.16959595,
0.16957547,
0.16955507,
0.16953457,
0.16951424,
0.16949393,
0.16947358,
0.16945309,
0.16943276,
0.16941246,
0.16939189,
0.16937164,
0.16935123,
0.16933077,
0.16931041,
0.16929010,
0.16926966,
0.16916781,
0.16914750,
0.16912707,
0.16910672,
0.16908629,
0.16906596,
0.16904561,
0.16902530,
0.16900482,
0.16898446,
0.16896412,
0.16894382,
0.16892337,
0.16890302,
0.16888271,
0.16886231,
0.16884189,
0.16882161,
0.16880118,
0.16878084,
0.16876069,
0.16874016,
0.16871982,
0.16869945,
0.16867914,
0.16865878,
0.16863839,
0.16861806,
0.16851630,
0.16849591,
0.16847562,
0.16845537,
0.16843502,
0.16841457,
0.16839417,
0.16837390,
0.16835361,
0.16833324,
0.16831295,
0.16829252,
0.16827229,
0.16825189,
0.16823166,
0.16821127,
0.16819084,
0.16817051,
0.16815030,
0.16812985,
0.16810959,
0.16808927,
0.16806888,
0.16804857,
0.16802831,
0.16800795,
0.16798766,
0.16796738,
0.16786563,
0.16784531,
0.16782505,
0.16780471,
0.16778455,
0.16776415,
0.16774382,
0.16772340,
0.16770323,
0.16768297,
0.16766263,
0.16764225,
0.16762196,
0.16760172,
0.16758137,
0.16756108,
0.16754066,
0.16752039,
0.16750023,
0.16747981,
0.16745947,
0.16743931,
0.16741899,
0.16739849,
0.16737835,
0.16735804,
0.16733780,
0.16731748,
0.16721612,
0.16719566,
0.16717538,
0.16715508,
0.16713485,
0.16711457,
0.16709422,
0.16707391,
0.16705372,
0.16703343,
0.16701312,
0.16699278,
0.16697247,
0.16695228,
0.16693205,
0.16691174,
0.16689144,
0.16687124,
0.16685094,
0.16683063,
0.16681035,
0.16679003,
0.16676994,
0.16674942,
0.16672919,
0.16670898,
0.16668877,
0.16666843,
0.16656732,
0.16654682,
0.16652662,
0.16650640,
0.16648621,
0.16646586,
0.16644553,
0.16642524,
0.16640509,
0.16638494,
0.16636459,
0.16634425,
0.16632401,
0.16630386,
0.16628358,
0.16626323,
0.16624291,
0.16622297,
0.16620263,
0.16618233,
0.16616210,
0.16614180,
0.16612160,
0.16610138,
0.16608098,
0.16606090,
0.16604053,
0.16602030,
0.16591918,
0.16589886,
0.16587858,
0.16585853,
0.16583830,
0.16581805,
0.16579782,
0.16577748,
0.16575735,
0.16573716,
0.16571691,
0.16569654,
0.16567639,
0.16565622,
0.16563596,
0.16561574,
0.16559550,
0.16557531,
0.16555511,
0.16553484,
0.16551469,
0.16549450,
0.16547419,
0.16545410,
0.16543365,
0.16541363,
0.16539330,
0.16537315,
0.16527207,
0.16525193,
0.16523153,
0.16521151,
0.16519138,
0.16517111,
0.16515088,
0.16513067,
0.16511048,
0.16509025,
0.16507002,
0.16504990,
0.16502965,
0.16500955,
0.16498925,
0.16496906,
0.16494892,
0.16492868,
0.16490848,
0.16488835,
0.16486811,
0.16484808,
0.16482775,
0.16480766,
0.16478732,
0.16476710,
0.16474702,
0.16472677,
0.16462589,
0.16460576,
0.16458547,
0.16456531,
0.16454535,
0.16452504,
0.16450482,
0.16448464,
0.16446439,
0.16444431,
0.16442416,
0.16440405,
0.16438386,
0.16436367,
0.16434344,
0.16432322,
0.16430317,
0.16428292,
0.16426279,
0.16424259,
0.16422250,
0.16420236,
0.16418223,
0.16416190,
0.16414188,
0.16412156,
0.16410162,
0.16408130,
0.16398055,
0.16396047,
0.16394020,
0.16392007,
0.16390011,
0.16387988,
0.16385968,
0.16383953,
0.16381931,
0.16379919,
0.16377907,
0.16375911,
0.16373884,
0.16371866,
0.16369853,
0.16367832,
0.16365832,
0.16363816,
0.16361803,
0.16359780,
0.16357765,
0.16355763,
0.16353745,
0.16351738,
0.16349721,
0.16347706,
0.16345693,
0.16343690,
0.16333633,
0.16331610,
0.16329595,
0.16327576,
0.16325560,
0.16323567,
0.16321542,
0.16319534,
0.16317519,
0.16315503,
0.16313493,
0.16311491,
0.16309478,
0.16307461,
0.16305451,
0.16303427,
0.16301425,
0.16299411,
0.16297408,
0.16295393,
0.16293377,
0.16291391,
0.16289364,
0.16287351,
0.16285341,
0.16283336,
0.16281321,
0.16279312,
