-3283.49162246,
-0.00576831,
-3341.45015974,
0.00911632,
-3400.14887196,
0.00635267,
-3459.59753388,
-0.00616780,
-3519.82192643,
-0.00449628,
-3580.84477580,
-0.00420208,
-3642.62003098,
0.00416239,
-3705.20953726,
0.00969278,
-3768.58492061,
-0.00171918,
-3832.77040898,
0.00321506,
-3897.75317042,
-0.00217248,
-3963.55001288,
0.00864900,
-4030.18521906,
0.00301575,
-4097.64337745,
-0.00967121,
-5546.30588472,
0.00359057,
-5631.82901246,
0.01161923,
-5718.34536933,
-0.00445452,
-5805.83344383,
0.00760550,
-5894.32291529,
0.00092472,
-5983.80578768,
0.00807780,
-6074.31674810,
0.00937272,
-6165.84575367,
-0.00805325,
-6258.36529317,
0.01263866,
-6351.93255973,
-0.00329031,
-6446.53429212,
0.00750269,
-6542.19499317,
-0.00279627,
-6638.91308571,
-0.00241265,
-6736.68239594,
0.00213549,
-8806.54770137,
-0.00196101,
-8927.21530600,
-0.00307297,
-9049.10551191,
-0.00666852,
-9172.25285685,
-0.00592135,
-9296.63936780,
-0.00469253,
-9422.23941006,
0.01428798,
-9549.13812568,
0.00187696,
-9677.32493819,
0.00178022,
-9806.76480817,
-0.00015065,
-9937.52577981,
0.00489580,
-10069.58642498,
0.00406700,
-10202.90489575,
-0.00146262,
-10337.56336648,
-0.00320937,
-10473.56288144,
0.00479464,
-13319.94643510,
-0.00526828,
-13484.23859325,
0.00487522,
-13650.02490172,
0.00180389,
-13817.29937762,
0.00243618,
-13986.08145793,
-0.00496514,
-14156.53503818,
-0.00656901,
-14328.41218874,
0.00164062,
-14501.83478333,
-0.00516606,
-14676.89865416,
0.00335329,
-14853.47695399,
-0.00701291,
-15031.63216332,
0.00046813,
-15211.38956619,
-0.00102917,
-15392.76210707,
-0.00091589,
-15575.74875873,
-0.00894416,
-19371.40146403,
0.00835242,
-19588.64193387,
-0.00606171,
-19807.69938791,
-0.00071390,
-20028.58986528,
0.01558351,
-20251.31242508,
0.01361009,
-20475.81870103,
-0.00167776,
-20702.26289215,
-0.00081520,
-20930.53293894,
-0.00073826,
-21160.68899757,
0.00841289,
-21392.78260044,
-0.00904195,
-21626.73736985,
0.00154001,
-21862.61893532,
-0.00472879,
-22100.36224739,
0.00293057,
-22340.08247367,
-0.00414278,
-27274.87371232,
0.00487687,
-27555.29926359,
-0.00009592,
-27837.94874860,
0.00504934,
-28122.74804640,
-0.00338909,
-28409.67658054,
0.00316338,
-28698.86331957,
0.00110099,
-28990.23112907,
0.00280396,
-29283.84272730,
-0.00811149,
-29579.60884309,
0.00258608,
-29877.58396892,
-0.00310595,
-30177.82178441,
0.00085177,
-30480.38732316,
0.01086718,
-30785.16584206,
-0.00227239,
-31092.17968493,
-0.00618310,
-37373.23855972,
-0.00032555,
-37728.21060658,
0.00729419,
-38085.68832760,
0.00239600,
-38445.71416325,
0.00305693,
-38808.17870490,
-0.00483199,
-39173.22087780,
0.00198912,
-39540.87573459,
0.00161461,
-39911.00658001,
0.00914668,
-40283.80440131,
-0.00319526,
-40659.26582970,
-0.00011486,
-41037.25090582,
-0.00606269,
-41417.88581837,
-0.00024414,
-41801.12053353,
-0.00141375,
-42187.02312957,
0.00871820,
-50038.95007177,
-0.00210920,
-50480.34899606,
0.00057586,
-50924.81238300,
-0.00758288,
-51372.05718202,
0.01661306,
-51822.25158382,
-0.00338982,
-52275.39832824,
-0.00018901,
-52731.59382381,
0.00827519,
-53190.74907313,
-0.00980283,
-53652.77718737,
-0.01641511,
-54117.89794228,
0.00273000,
-54586.03235504,
-0.00426503,
-55057.09230117,
0.00619735,
-55531.33934949,
-0.00546443,
-56008.65202968,
-0.00130519,
-65672.91850880,
-0.00284720,
-66213.86002334,
-0.00068177,
-66758.22146545,
-0.00088498,
-67306.03686659,
0.00316662,
-67857.05394535,
-0.00719198,
-68411.52217934,
-0.00787681,
-68969.33722353,
0.00691992,
-69530.52737464,
-0.00406645,
-70095.04704760,
-0.00613955,
-70663.09054623,
0.00117955,
-71234.62319848,
-0.00248203,
-71809.52778286,
0.00514548,
-72387.92987892,
-0.00187658,
-72969.71855532,
0.00119562,
-84705.72202767,
0.00326406,
-85360.23591006,
0.00027860,
-86018.43785810,
0.01171178,
-86680.57047159,
0.00104490,
-87346.34087110,
0.00104978,
-88015.93266435,
-0.00227753,
-88689.45303367,
0.00261061,
-89366.94000661,
0.00074310,
-90048.16017409,
-0.01077708,
-90733.25616273,
-0.00060963,
-91422.33965422,
0.00610293,
-92115.18733530,
0.00459167,
-92812.09625824,
-0.00824303,
-93512.99499227,
-0.01192508,
-107596.63462521,
-0.00461762,
-108379.38994791,
0.01022541,
-109166.58790925,
0.00255596,
-109957.85569580,
0.00747160,
-110753.46257002,
-0.00862138,
-111553.41543060,
0.00289333,
-112357.63319574,
0.00673541,
-113165.98001647,
-0.00462132,
-113978.92599589,
-0.00663945,
-114796.17651505,
0.00186731,
-115617.77810144,
-0.01048960,
-116443.85750269,
-0.00233860,
-117274.34189082,
-0.00620277,
-118109.19421949,
0.00565075,
-134834.57202914,
-0.00011116,
-135761.21086469,
-0.00211591,
-136692.75208894,
0.00066689,
-137629.14572736,
-0.00496165,
-138570.22831922,
-0.00279999,
-139516.09401935,
0.01130208,
-140466.99718560,
-0.00383588,
-141422.70160019,
-0.00429884,
-142383.17260704,
-0.00091316,
-143348.52204859,
-0.00158555,
-144318.71288559,
-0.00042890,
-145293.94773675,
0.00415959,
-146273.96528536,
-0.00612098,
-147259.19350680,
-0.00394888,
-166936.78811126,
0.01396334,
-168024.20728001,
-0.00479958,
-169116.96085362,
-0.00379168,
-170214.86209368,
-0.00964917,
-171318.33198355,
-0.00213207,
-172427.16690314,
0.00407097,
-173541.21116307,
0.00740099,
-174660.90764020,
0.00437096,
-175785.58404614,
-0.00577033,
-176915.89285738,
-0.00223797,
-178051.78504794,
-0.00330145,
-179193.04366398,
0.00897003,
-180339.48272836,
-0.00814464,
-181491.51750176,
0.00098140,
-204449.48215566,
0.00231011,
-205715.31089180,
0.00212726,
-206986.97260539,
0.00119494,
-208264.31795743,
0.00144871,
-209547.67230274,
-0.00636638,
-210836.93654060,
-0.01052655,
-212132.05490844,
-0.00800212,
-213433.00193579,
0.00625280,
-214740.46741955,
0.00616016,
-216053.55906726,
0.00620560,
-217372.66478915,
0.00880573,
-218697.59329290,
0.00606792,
-220029.06178850,
0.00188284,
-221366.29084025,
-0.00540412,
-4698.46097585,
0.00287950,
-4698.47382955,
0.00839435,
-4698.45559069,
-0.00381260,
-4698.46799693,
0.00527855,
-4698.45691104,
0.00438789,
-4698.45705483,
-0.00533625,
-4698.46005152,
-0.00227090,
-4698.45559688,
-0.01025759,
-4698.45000566,
0.00246038,
-4698.46267762,
-0.00271932,
-4698.46040480,
-0.00193919,
-4698.46298209,
0.00492997,
-4698.45167962,
0.00090064,
-4698.46389622,
-0.00861161,
-4698.45798928,
0.00951583,
-4698.46087646,
0.00047283,
-4698.45994176,
-0.00505503,
-4698.45662168,
0.00551376,
-4698.45406684,
-0.00499657,
-4698.45727878,
0.00067851,
-4698.46212641,
0.00356301,
-4698.46064306,
-0.00523203,
-4698.46478650,
0.00071289,
-4698.46451781,
-0.00034077,
-4698.46926720,
0.01313649,
-4698.46280984,
0.00558724,
-4698.46280644,
-0.00162990,
-4698.45446345,
0.00342280,
-0.00233387,
-0.00176141,
0.00539368,
0.00660120,
-0.00182421,
0.00981090,
0.00660353,
-0.01381124,
0.00194364,
0.00290469,
0.00040010,
0.00119056,
0.00255530,
0.00589732,
-0.00708455,
0.00530302,
0.00177475,
-0.00647506,
-0.00893025,
0.00111470,
-0.01098063,
-0.01249918,
0.00030198,
0.00318641,
0.00448433,
-0.00765265,
0.00463776,
-0.00593669,
-0.00527042,
0.00541845,
-0.00822319,
0.01758885,
-0.00139918,
0.00883683,
0.00237356,
-0.00729058,
0.01485358,
-0.00032447,
-0.00149339,
0.00052837,
-0.00073756,
0.00603378,
-0.00016947,
-0.00113264,
0.00701237,
-0.00548446,
0.00992059,
0.00864902,
-0.00158437,
-0.00309117,
-0.00812046,
0.00545097,
-0.00562058,
0.00121592,
-0.00293307,
-0.00220273,
-0.00778550,
-0.00258447,
0.00203239,
-0.01931185,
-0.00393634,
-0.00257151,
0.00346728,
0.00172872,
0.00883474,
-0.00075783,
-0.00308896,
-0.00203402,
0.00626893,
-0.00378899,
-0.00383891,
-0.00166226,
-0.00671904,
0.01110808,
-0.00462966,
0.00117210,
0.00145205,
0.00594840,
0.01427173,
0.00732659,
0.00667019,
0.00767632,
-0.00676798,
-0.00102439,
-0.00334741,
0.00764008,
-0.01040157,
0.00183637,
0.00518135,
0.00466473,
-0.00150698,
0.00069649,
0.00129916,
-0.00169147,
0.00549186,
-0.00149160,
-0.00025715,
0.00618245,
-0.00732497,
-0.00720873,
0.00262710,
0.00802306,
0.00045171,
0.00086066,
-0.00115437,
0.00016008,
-0.00229094,
-0.00289372,
-0.00031998,
0.00009802,
0.00570482,
0.01576813,
0.00157252,
-0.00348803,
0.00062534,
0.00718503,
-0.00469879,
0.00403597,
-0.00342581,
-0.00270389,
-0.00738563,
-0.00827372,
0.00526116,
0.00188313,
-0.00944228,
0.00456369,
-0.00792816,
-0.00276845,
-0.00088309,
-0.00336694,
0.00747800,
0.00371908,
-0.00463199,
0.00383535,
-0.00125802,
-0.00542125,
0.00485188,
-0.00923071,
0.00815954,
-0.00775530,
0.00377066,
0.00352140,
-0.00361412,
0.00457485,
0.00349825,
-0.00660939,
0.00605786,
-0.00186871,
-0.00070505,
0.00024363,
0.00775061,
-0.00378184,
0.00310124,
0.00224066,
-0.00518025,
0.00508265,
0.00524180,
-0.00204590,
0.00392837,
0.00581533,
-0.00002857,
0.00828254,
-0.01169457,
0.01361513,
-0.00960672,
0.00328997,
-0.00599153,
0.00200750,
0.00945874,
-0.01216742,
0.00598647,
0.00967236,
-0.00369168,
-0.00569500,
0.00485194,
0.00618083,
-0.00403561,
-0.00086999,
-0.00012401,
0.00186250,
-0.02012773,
0.01232424,
0.00532756,
0.00697254,
-0.00052335,
-0.00549876,
-0.01214368,
0.00192600,
0.00688614,
0.01191610,
0.00455653,
0.00030244,
0.00206481,
0.00118601,
-0.00121268,
-0.00477286,
0.00567582,
-0.00792474,
0.00147577,
-0.01108960,
0.00733372,
-0.00263448,
-0.00154374,
-0.01599876,
0.00274064,
-0.00009466,
-0.00541428,
-0.00067251,
-0.01286509,
0.00281117,
-0.00346367,
0.00378663,
-0.00350707,
0.00435507,
0.00507145,
-0.00648848,
-0.00755546,
-0.00309495,
0.00597908,
-0.00136977,
0.00482864,
0.00466760,
0.01313365,
0.00058979,
0.01328567,
-0.00378283,
-0.00447876,
-0.00529567,
-0.01232781,
-0.01472721,
0.00614248,
0.00398896,
0.00750513,
-0.00290251,
-0.00479887,
0.00714408,
0.00585333,
0.00400084,
0.00229517,
0.00732696,
-0.01427541,
-0.00629972,
-0.00260593,
0.00584847,
-0.00008168,
0.00716892,
0.00064901,
-0.01241445,
-0.01000637,
-0.00554397,
-0.00582577,
0.00431437,
0.00185368,
-0.00310437,
0.00496324,
0.00952069,
-0.00927026,
0.00007933,
-0.00605870,
0.00099564,
0.00483500,
0.00116444,
0.00100326,
0.00688786,
0.00252358,
0.00470087,
0.00207628,
-0.00199196,
0.00245776,
-0.00311407,
0.00806810,
0.00204606,
-0.00487070,
-0.00451734,
0.00261889,
-0.00232397,
-0.00003812,
-0.00041482,
-0.01237553,
-0.00492840,
0.00481271,
0.01323294,
0.00467423,
-0.01431356,
0.00822308,
-0.00441222,
-0.00697615,
-0.01132239,
0.00188753,
0.00031624,
-0.00036078,
0.00324396,
-0.00182539,
0.01430014,
0.00486022,
-0.00189356,
-0.00052716,
-0.00591403,
0.00937484,
-0.00375025,
0.00593355,
-0.00043772,
-0.00012317,
0.00285987,
-0.00076857,
-0.00150388,
0.00849718,
0.00143357,
0.00315548,
0.00236493,
0.00649566,
-0.01041365,
-0.00184164,
-0.00554279,
-0.00108441,
0.00530227,
0.00681660,
-0.00108443,
0.00020784,
0.00537452,
0.00033436,
0.00066873,
-0.00019857,
-0.00250788,
-0.00051071,
-0.00113439,
0.00561347,
0.00353957,
0.00257637,
0.00359007,
-0.00164158,
-0.00571652,
0.00752275,
0.00078765,
0.00642766,
0.00295747,
