0.23830999,
0.23857887,
0.23884757,
0.23911630,
0.23938482,
0.23965362,
0.23992254,
0.24019157,
0.24046083,
0.24072981,
0.24099934,
0.24126878,
0.24153840,
0.24180817,
0.24207796,
0.24234785,
0.24261790,
0.24288829,
0.24315856,
0.24342875,
0.24369944,
0.24396998,
0.24424089,
0.24451157,
0.24478279,
0.24505371,
0.24532506,
0.24559630,
0.24695488,
0.24722687,
0.24749907,
0.24777125,
0.24804367,
0.24831630,
0.24858885,
0.24886169,
0.24913439,
0.24940747,
0.24968052,
0.24995380,
0.25022709,
0.25050052,
0.25077389,
0.25104764,
0.25132148,
0.25159559,
0.25186951,
0.25214362,
0.25241781,
0.25269230,
0.25296656,
0.25324142,
0.25351614,
0.25379092,
0.25406583,
0.25434090,
0.25571797,
0.25599386,
0.25626960,
0.25654571,
0.25682210,
0.25709807,
0.25737437,
0.25765108,
0.25792752,
0.25820415,
0.25848105,
0.25875802,
0.25903506,
0.25931215,
0.25958950,
0.25986675,
0.26014451,
0.26042186,
0.26069988,
0.26097776,
0.26125555,
0.26153376,
0.26181183,
0.26209019,
0.26236883,
0.26264737,
0.26292606,
0.26320463,
0.26460049,
0.26488017,
0.26515964,
0.26543947,
0.26571935,
0.26599922,
0.26627931,
0.26655935,
0.26683976,
0.26712026,
0.26740068,
0.26768139,
0.26796239,
0.26824328,
0.26852421,
0.26880537,
0.26908633,
0.26936800,
0.26964930,
0.26993106,
0.27021285,
0.27049453,
0.27077651,
0.27105837,
0.27134066,
0.27162300,
0.27190546,
0.27218773,
0.27360232,
0.27388552,
0.27416884,
0.27445213,
0.27473572,
0.27501957,
0.27530359,
0.27558731,
0.27587131,
0.27615557,
0.27643992,
0.27672414,
0.27700886,
0.27729327,
0.27757809,
0.27786292,
0.27814804,
0.27843295,
0.27871832,
0.27900344,
0.27928898,
0.27957468,
0.27986020,
0.28014594,
0.28043172,
0.28071800,
0.28100403,
0.28129026,
0.28272323,
0.28301013,
0.28329724,
0.28358426,
0.28387152,
0.28415927,
0.28444677,
0.28473475,
0.28502210,
0.28530998,
0.28559803,
0.28588621,
0.28617409,
0.28646280,
0.28675106,
0.28703972,
0.28732847,
0.28761727,
0.28790615,
0.28819533,
0.28848428,
0.28877361,
0.28906317,
0.28935243,
0.28964207,
0.28993190,
0.29022189,
0.29051180,
0.29196325,
0.29225394,
0.29254476,
0.29283575,
0.29312669,
0.29341772,
0.29370934,
0.29400056,
0.29429216,
0.29458341,
0.29487514,
0.29516698,
0.29545919,
0.29575119,
0.29604353,
0.29633558,
0.29662799,
0.29692068,
0.29721314,
0.29750606,
0.29779882,
0.29809175,
0.29838499,
0.29867809,
0.29897157,
0.29926504,
0.29955862,
0.29985243,
0.30132240,
0.30161681,
0.30191153,
0.30220606,
0.30250085,
0.30279563,
0.30309058,
0.30338585,
0.30368084,
0.30397617,
0.30427155,
0.30456721,
0.30486272,
0.30515863,
0.30545457,
0.30575065,
0.30604678,
0.30634294,
0.30663931,
0.30693564,
0.30723221,
0.30752913,
0.30782593,
0.30812282,
0.30841988,
0.30871715,
0.30901454,
0.30931172,
0.31080071,
0.31109859,
0.31139694,
0.31169537,
0.31199375,
0.31229232,
0.31259086,
0.31288967,
0.31318882,
0.31348771,
0.31378683,
0.31408619,
0.31438544,
0.31468510,
0.31498476,
0.31528445,
0.31558421,
0.31588426,
0.31618431,
0.31648442,
0.31678479,
0.31708533,
0.31738570,
0.31768643,
0.31798712,
0.31828822,
0.31858908,
0.31889022,
0.32039746,
0.32069944,
0.32100134,
0.32130333,
0.32160554,
0.32190784,
0.32221033,
0.32251264,
0.32281548,
0.32311808,
0.32342095,
0.32372381,
0.32402724,
0.32433025,
0.32463368,
0.32493694,
0.32524059,
0.32554437,
0.32584804,
0.32615196,
0.32645617,
0.32676025,
0.32706442,
0.32736878,
0.32767343,
0.32797779,
0.32828255,
0.32858728,
0.33011335,
0.33041888,
0.33072443,
0.33103012,
0.33133624,
0.33164225,
0.33194815,
0.33225424,
0.33256064,
0.33286713,
0.33317376,
0.33348039,
0.33378719,
0.33409429,
0.33440123,
0.33470842,
0.33501558,
0.33532295,
0.33563052,
0.33593814,
0.33624601,
0.33655386,
0.33686174,
0.33716985,
0.33747790,
0.33778619,
0.33809449,
0.33840321,
0.33994768,
0.34025692,
0.34056621,
0.34087573,
0.34118521,
0.34149494,
0.34180458,
0.34211472,
0.34242465,
0.34273487,
0.34304493,
0.34335547,
0.34366615,
0.34397653,
0.34428753,
0.34459827,
0.34490918,
0.34522029,
0.34553161,
0.34584275,
0.34615433,
0.34646577,
0.34677749,
0.34708932,
0.34740091,
0.34771307,
0.34802532,
0.34833748,
0.34990047,
0.35021345,
0.35052643,
0.35083956,
0.35115275,
0.35146599,
0.35177978,
0.35209338,
0.35240732,
0.35272109,
0.35303499,
0.35334901,
0.35366329,
0.35397757,
0.35429194,
0.35460658,
0.35492136,
0.35523608,
0.35555090,
0.35586605,
0.35618089,
0.35649623,
0.35681165,
0.35712709,
0.35744272,
0.35775833,
0.35807435,
0.35839009,
0.35997154,
0.36028827,
0.36060487,
0.36092180,
0.36123884,
0.36155603,
0.36187306,
0.36219038,
0.36250790,
0.36282558,
0.36314313,
0.36346089,
0.36377869,
0.36409691,
0.36441505,
0.36473297,
0.36505152,
0.36536991,
0.36568860,
0.36600706,
0.36632614,
0.36664491,
0.36696413,
0.36728319,
0.36760253,
0.36792173,
0.36824131,
0.36856111,
0.37016082,
0.37048102,
0.37080163,
0.37112213,
0.37144300,
0.37176371,
0.37208460,
0.37240543,
0.37272660,
0.37304805,
0.37336929,
0.37369089,
0.37401221,
0.37433398,
0.37465587,
0.37497781,
0.37529956,
0.37562194,
0.37594412,
0.37626665,
0.37658901,
0.37691170,
0.37723452,
0.37755738,
0.37788024,
0.37820341,
0.37852649,
0.37885000,
0.38046820,
0.38079219,
0.38111626,
0.38144050,
0.38176472,
0.38208941,
0.38241384,
0.38273855,
0.38306338,
0.38338840,
0.38371357,
0.38403852,
0.38436388,
0.38468896,
0.38501445,
0.38534018,
0.38566598,
0.38599159,
0.38631796,
0.38664381,
0.38696994,
0.38729630,
0.38762269,
0.38794930,
0.38827596,
0.38860247,
0.38892952,
0.38925649,
0.39089318,
0.39122110,
0.39154875,
0.39187643,
0.39220457,
0.39253265,
0.39286101,
0.39318938,
0.39351774,
0.39384625,
0.39417510,
0.39450402,
0.39483273,
0.39516201,
0.39549088,
0.39582046,
0.39614975,
0.39647932,
0.39680877,
0.39713896,
0.39746854,
0.39779840,
0.39812864,
0.39845868,
0.39878918,
0.39911958,
0.39945003,
0.39978074,
0.40143576,
0.40176697,
0.40209871,
0.40243037,
0.40276175,
0.40309374,
0.40342555,
0.40375751,
0.40408978,
0.40442205,
0.40475432,
0.40508675,
0.40541960,
0.40575227,
0.40608546,
0.40641794,
0.40675110,
0.40708417,
0.40741741,
0.40775108,
0.40808448,
0.40841813,
0.40875182,
0.40908573,
0.40941982,
0.40975405,
0.41008805,
0.41042240,
0.41209561,
0.41243062,
0.41276597,
0.41310117,
0.41343650,
0.41377189,
0.41410747,
0.41444332,
0.41477890,
0.41511511,
0.41545100,
0.41578720,
0.41612344,
0.41645990,
0.41679630,
0.41713301,
0.41746961,
0.41780656,
0.41814349,
0.41848028,
0.41881764,
0.41915514,
0.41949233,
0.41982986,
0.42016759,
0.42050532,
0.42084342,
0.42118124,
0.42287264,
0.42321157,
0.42355010,
0.42388918,
0.42422822,
0.42456729,
0.42490665,
0.42524595,
0.42558546,
0.42592479,
0.42626472,
0.42660430,
0.42694438,
0.42728431,
0.42762453,
0.42796483,
0.42830535,
0.42864578,
0.42898638,
0.42932702,
0.42966789,
0.43000902,
0.43034977,
0.43069101,
0.43103236,
0.43137365,
0.43171525,
0.43205690,
0.43376693,
0.43410907,
0.43445152,
0.43479412,
0.43513672,
0.43547962,
0.43582209,
0.43616552,
0.43650863,
0.43685193,
0.43719493,
0.43753855,
0.43788203,
0.43822578,
0.43856961,
0.43891330,
0.43925736,
0.43960179,
0.43994585,
0.44029036,
0.44063467,
0.44097916,
0.44132404,
0.44166873,
0.44201380,
0.44235885,
0.44270381,
0.44304912,
0.44477734,
0.44512321,
0.44546929,
0.44581560,
0.44616180,
0.44650817,
0.44685480,
0.44720145,
0.44754830,
0.44789511,
0.44824198,
0.44858899,
0.44893639,
0.44928354,
0.44963110,
0.44997834,
0.45032627,
0.45067403,
0.45102195,
0.45136969,
0.45171826,
0.45206610,
0.45241468,
0.45276301,
0.45311158,
0.45346032,
0.45380900,
0.45415788,
0.45590419,
0.45625363,
0.45660355,
0.45695329,
0.45730330,
0.45765338,
0.45800354,
0.45835375,
0.45870413,
0.45905460,
0.45940511,
0.45975576,
0.46010668,
0.46045769,
0.46080866,
0.46116013,
0.46151108,
0.46186251,
0.46221388,
0.46256588,
0.46291745,
0.46326951,
0.46362131,
0.46397332,
0.46432547,
0.46467792,
0.46503015,
0.46538287,
0.46714710,
0.46750037,
0.46785362,
0.46820729,
0.46856069,
0.46891439,
0.46926812,
0.46962190,
0.46997595,
0.47033001,
0.47068444,
0.47103870,
0.47139300,
0.47174779,
0.47210245,
0.47245709,
0.47281211,
0.47316688,
0.47352239,
0.47387732,
0.47423284,
0.47458814,
0.47494395,
0.47529944,
0.47565538,
0.47601120,
0.47636728,
0.47672332,
0.47850591,
0.47886257,
0.47921968,
0.47957677,
0.47993408,
0.48029114,
0.48064865,
0.48100587,
0.48136349,
0.48172129,
0.48207920,
0.48243729,
0.48279523,
0.48315325,
0.48351149,
0.48387017,
0.48422849,
0.48458726,
0.48494570,
0.48530476,
0.48566375,
0.48602278,
0.48638199,
0.48674131,
0.48710083,
0.48746032,
0.48781998,
0.48817957,
0.48998021,
0.49034043,
0.49070087,
0.49106164,
0.49142245,
0.49178325,
0.49214423,
0.49250539,
0.49286650,
0.49322775,
0.49358946,
0.49395083,
0.49431254,
0.49467441,
0.49503616,
0.49539812,
0.49576017,
0.49612237,
0.49648490,
0.49684711,
0.49721010,
0.49757253,
0.49793517,
0.49829817,
0.49866110,
0.49902448,
0.49938767,
0.49975101,
0.50156942,
0.50193354,
0.50229739,
0.50266162,
0.50302605,
0.50339054,
0.50375504,
0.50411974,
0.50448456,
0.50484958,
0.50521461,
0.50557967,
0.50594492,
0.50631029,
0.50667568,
0.50704118,
0.50740700,
0.50777282,
0.50813872,
0.50850466,
0.50887092,
0.50923732,
0.50960359,
0.50997006,
0.51033651,
0.51070333,
0.51107005,
0.51143710,
0.51327354,
0.51364098,
0.51400855,
0.51437635,
0.51474413,
0.51511248,
0.51548046,
0.51584892,
0.51621726,
0.51658581,
0.51695441,
0.51732311,
0.51769181,
0.51806079,
0.51843002,
0.51879904,
0.51916856,
0.51953775,
0.51990720,
0.52027684,
0.52064645,
0.52101635,
0.52138636,
0.52175639,
0.52212649,
0.52249658,
0.52286715,
0.52323755,
