-723.21930779,
-0.00007033,
-727.17073163,
0.00097592,
-731.13118491,
0.00052957,
-735.10590866,
0.00029219,
-739.09309692,
0.00004941,
-743.10906755,
-0.00047689,
-747.13081830,
0.00111586,
-751.16794709,
-0.00095033,
-755.22518734,
0.00021181,
-759.30048142,
0.00031954,
-763.38371761,
0.00073094,
-767.48866283,
0.00072635,
-771.60826370,
0.00010240,
-775.74751796,
-0.00006568,
-857.46227586,
0.00014880,
-861.92991163,
-0.00085480,
-866.41634435,
0.00073444,
-870.92072946,
0.00063519,
-875.44000831,
-0.00028633,
-879.97887997,
-0.00034474,
-884.53042446,
-0.00042390,
-889.10465545,
-0.00002276,
-893.69258660,
0.00059562,
-898.29402509,
-0.00041991,
-902.92196315,
0.00019311,
-907.56394241,
0.00050165,
-912.22371630,
0.00084835,
-916.89563588,
0.00050035,
-1009.13689128,
0.00030250,
-1014.16749989,
-0.00086299,
-1019.22169708,
0.00096458,
-1024.30093386,
-0.00134695,
-1029.39299579,
0.00019978,
-1034.48996559,
0.00062322,
-1039.62526853,
-0.00082866,
-1044.77714211,
-0.00078396,
-1049.93955197,
-0.00010213,
-1055.12779769,
-0.00095006,
-1060.33404515,
-0.00036432,
-1065.55384463,
0.00071276,
-1070.79393073,
0.00040941,
-1076.05683981,
-0.00062404,
-1179.66033808,
0.00021786,
-1185.31808464,
-0.00005667,
-1190.98957538,
0.00076908,
-1196.67419495,
0.00007082,
-1202.38163901,
0.00072147,
-1208.11779251,
-0.00017106,
-1213.86704578,
0.00070053,
-1219.62721091,
0.00028577,
-1225.41744064,
0.00117164,
-1231.22800871,
-0.00038866,
-1237.05703053,
0.00009839,
-1242.90322346,
0.00017565,
-1248.78298480,
0.00022444,
-1254.67255197,
0.00042243,
-1370.53462482,
-0.00022990,
-1376.84348374,
-0.00052541,
-1383.16854989,
0.00099283,
-1389.52099178,
-0.00099013,
-1395.90384068,
0.00104301,
-1402.28994956,
0.00055373,
-1408.70881556,
0.00009454,
-1415.14493144,
0.00027069,
-1421.60703699,
0.00006165,
-1428.08250206,
-0.00095642,
-1434.58644215,
0.00155758,
-1441.11262605,
0.00007804,
-1447.65472896,
0.00013130,
-1454.22864730,
-0.00056189,
-1583.26469147,
-0.00037203,
-1590.27280462,
-0.00004668,
-1597.31417082,
0.00012331,
-1604.38673690,
0.00013118,
-1611.46896564,
0.00043356,
-1618.58183111,
0.00039068,
-1625.70749313,
0.00070722,
-1632.87015661,
0.00012867,
-1640.04853697,
0.00058744,
-1647.25487068,
-0.00020884,
-1654.46710660,
0.00028811,
-1661.72263362,
0.00081773,
-1668.99892644,
0.00030324,
-1676.29079547,
0.00062801,
-1819.44077957,
0.00016304,
-1827.23329932,
-0.00054381,
-1835.02233604,
0.00009515,
-1842.84936231,
-0.00054687,
-1850.69803317,
-0.00016498,
-1858.56512020,
-0.00109673,
-1866.47159601,
-0.00027435,
-1874.39700867,
-0.00032153,
-1882.35202302,
0.00012952,
-1890.32096985,
-0.00094249,
-1898.32406495,
0.00026884,
-1906.34373883,
0.00047917,
-1914.39226575,
-0.00125127,
-1922.46443984,
-0.00084475,
-2080.73645915,
0.00033752,
-2089.31018179,
-0.00074651,
-2097.92252655,
0.00003184,
-2106.56739831,
-0.00013683,
-2115.23439858,
-0.00018050,
-2123.93134401,
0.00043174,
-2132.65592570,
-0.00001072,
-2141.38856442,
-0.00006784,
-2150.16439243,
0.00005897,
-2158.97351650,
0.00005687,
-2167.79847858,
-0.00057115,
-2176.64226177,
-0.00072561,
-2185.52186838,
-0.00026798,
-2194.43557585,
-0.00081115,
-2368.80222351,
-0.00007526,
-2378.24950645,
0.00003360,
-2387.74215250,
0.00096633,
-2397.24867767,
0.00030777,
-2406.79451757,
0.00108420,
-2416.35543138,
-0.00105668,
-2425.94843253,
-0.00024791,
-2435.57594411,
-0.00003073,
-2445.22300644,
0.00042765,
-2454.89334985,
0.00065659,
-2464.59815387,
-0.00036554,
-2474.33541023,
-0.00025414,
-2484.09711449,
-0.00053410,
-2493.88360189,
-0.00033933,
-2685.42253613,
-0.00026790,
-2695.80313480,
-0.00025362,
-2706.20933452,
0.00007380,
-2716.64742212,
0.00090052,
-2727.10268377,
-0.00065214,
-2737.59746571,
0.00013022,
-2748.12065048,
0.00026529,
-2758.68214187,
0.00058893,
-2769.25452036,
-0.00016197,
-2779.86169906,
-0.00040896,
-2790.51827961,
-0.00028288,
-2801.18517451,
0.00040320,
-2811.89043962,
0.00084309,
-2822.62551305,
0.00071018,
-3032.41071524,
0.00061445,
-3043.76073024,
0.00049359,
-3055.14180881,
-0.00055377,
-3066.54800501,
0.00007426,
-3078.00428806,
0.00022460,
-3089.48000428,
-0.00008709,
-3100.98970648,
0.00003911,
-3112.51892004,
-0.00082845,
-3124.09836069,
-0.00034016,
-3135.71449741,
0.00086641,
-3147.35245596,
0.00000499,
-3159.02621459,
0.00088516,
-3170.72047881,
0.00058300,
-3182.45994410,
-0.00004288,
-3411.59085740,
0.00006206,
-3423.98162781,
0.00008549,
-3436.41048556,
-0.00019452,
-3448.87578398,
-0.00019386,
-3461.35694483,
0.00029695,
-3473.86891869,
-0.00010207,
-3486.43689115,
0.00038001,
-3499.03296377,
0.00056121,
-3511.65100495,
-0.00055986,
-3524.31789375,
0.00023996,
-3537.00423815,
-0.00045304,
-3549.73767319,
0.00014834,
-3562.50120375,
-0.00019747,
-3575.29454641,
0.00116109,
-3824.93200476,
-0.00018156,
-3838.43557987,
-0.00056792,
-3851.93689395,
0.00014644,
-3865.49554675,
-0.00031012,
-3879.08731574,
-0.00115396,
-3892.72521242,
-0.00006477,
-3906.39169328,
-0.00039216,
-3920.09432597,
0.00026523,
-3933.82714248,
0.00022764,
-3947.58592998,
-0.00043329,
-3961.39364392,
-0.00037927,
-3975.24751699,
-0.00076092,
-3989.11696881,
0.00013177,
-4003.03517471,
-0.00016995,
-4274.38189895,
-0.00020388,
-4289.01043753,
0.00043876,
-4303.70684209,
0.00045149,
-4318.41795802,
-0.00047943,
-4333.18444963,
0.00023607,
-4347.99212710,
-0.00009801,
-4362.81544828,
-0.00004450,
-4377.68749572,
-0.00061470,
-4392.61261528,
0.00027668,
-4407.55358124,
0.00097123,
-4422.55408373,
-0.00054964,
-4437.55437727,
0.00017979,
-4452.62599035,
-0.00015278,
-4467.72670682,
-0.00065900,
-3341.79437333,
0.00029118,
-3341.79317207,
0.00011077,
-3341.79481426,
-0.00073772,
-3341.79444229,
-0.00042132,
-3341.79505351,
0.00032772,
-3341.79416959,
-0.00000581,
-3341.79383558,
0.00053261,
-3341.79504741,
-0.00037879,
-3341.79614886,
-0.00027499,
-3341.79433126,
-0.00064556,
-3341.79360711,
-0.00024163,
-3341.79367606,
0.00053749,
-3341.79361131,
-0.00000624,
-3341.79498661,
-0.00141786,
-3341.79455837,
0.00081755,
-3341.79404706,
0.00028225,
-3341.79459082,
-0.00025960,
-3341.79526160,
-0.00069083,
-3341.79555576,
0.00066727,
-3341.79560193,
-0.00012894,
-3341.79451297,
0.00045334,
-3341.79508910,
-0.00024576,
-3341.79424028,
-0.00001230,
-3341.79475220,
0.00034076,
-3341.79434734,
-0.00042829,
-3341.79508423,
-0.00057447,
-3341.79496555,
-0.00072735,
-3341.79473875,
0.00011374,
0.00022155,
0.00085465,
-0.00072143,
0.00004444,
-0.00091978,
0.00015195,
0.00085038,
-0.00054691,
0.00059600,
-0.00004001,
0.00039741,
-0.00057446,
0.00036965,
-0.00006637,
0.00025198,
-0.00024704,
0.00121247,
-0.00044580,
-0.00034530,
-0.00058833,
0.00017478,
0.00063228,
0.00026215,
0.00060339,
-0.00051360,
-0.00062703,
0.00064924,
0.00006133,
-0.00082505,
-0.00062605,
0.00018397,
0.00037633,
-0.00013701,
-0.00086353,
-0.00045193,
0.00012643,
-0.00003596,
0.00009980,
0.00002252,
-0.00036737,
-0.00056146,
-0.00013780,
-0.00030968,
0.00070202,
-0.00032182,
0.00032475,
-0.00020032,
-0.00005445,
0.00035190,
0.00051967,
-0.00035064,
0.00007301,
0.00047029,
-0.00002812,
-0.00011005,
0.00098438,
-0.00087905,
-0.00046167,
0.00043736,
0.00016358,
-0.00032203,
0.00044754,
-0.00033707,
-0.00080220,
-0.00046542,
-0.00092910,
-0.00004061,
0.00040931,
-0.00025789,
-0.00062053,
0.00016126,
-0.00034500,
0.00011404,
-0.00027328,
0.00013612,
0.00087852,
0.00007373,
0.00055108,
-0.00067355,
0.00027164,
-0.00045409,
-0.00072147,
0.00105658,
0.00106622,
-0.00012950,
-0.00039177,
-0.00060897,
-0.00048773,
-0.00059568,
0.00012373,
0.00074595,
0.00053322,
0.00018095,
-0.00070294,
0.00001680,
-0.00006587,
0.00014993,
-0.00039911,
-0.00058753,
-0.00045881,
0.00054590,
-0.00037250,
0.00074165,
0.00044818,
0.00020608,
-0.00045187,
0.00032086,
-0.00003284,
0.00023104,
-0.00016730,
0.00015998,
0.00009683,
0.00026022,
-0.00008305,
-0.00015970,
-0.00056564,
0.00086601,
0.00086581,
-0.00023106,
0.00041929,
0.00043245,
-0.00058041,
-0.00037436,
0.00050610,
-0.00006738,
0.00046715,
0.00076978,
-0.00065840,
-0.00058232,
-0.00032481,
-0.00053461,
-0.00071797,
-0.00049081,
-0.00000336,
-0.00033291,
0.00009334,
-0.00014803,
-0.00065747,
-0.00030533,
0.00071826,
-0.00049636,
-0.00075114,
-0.00057368,
-0.00007518,
0.00144380,
0.00038260,
0.00068380,
0.00011831,
0.00018816,
-0.00005154,
0.00046959,
0.00018160,
-0.00057419,
-0.00060943,
-0.00033937,
-0.00044351,
0.00048453,
0.00060349,
0.00024063,
0.00011515,
-0.00002234,
-0.00061747,
-0.00054252,
0.00052589,
-0.00031534,
-0.00040952,
0.00047930,
-0.00017935,
0.00033994,
0.00012273,
0.00008310,
-0.00012457,
0.00082298,
-0.00054372,
-0.00037053,
-0.00014446,
0.00046484,
0.00034237,
-0.00027695,
0.00109572,
0.00005272,
-0.00006944,
0.00050498,
0.00020781,
0.00035850,
0.00094212,
0.00002231,
-0.00056673,
0.00039152,
-0.00042771,
-0.00023589,
0.00108389,
0.00016835,
-0.00024775,
-0.00048909,
0.00040470,
0.00013139,
-0.00001416,
0.00022263,
0.00010284,
0.00012867,
0.00064846,
0.00028785,
-0.00044371,
-0.00021935,
0.00024557,
0.00055337,
-0.00062433,
-0.00030479,
0.00098859,
-0.00036820,
-0.00036277,
-0.00015189,
-0.00011692,
-0.00031233,
0.00064907,
-0.00030334,
0.00011587,
0.00040425,
-0.00048567,
0.00047110,
-0.00049688,
-0.00035679,
-0.00017460,
0.00000307,
0.00059550,
0.00011114,
-0.00000750,
0.00081549,
0.00027517,
-0.00071897,
-0.00048524,
0.00040566,
-0.00016449,
-0.00035550,
-0.00111671,
0.00087696,
0.00031662,
0.00000945,
-0.00037788,
-0.00008923,
0.00090382,
0.00058919,
0.00042347,
0.00050375,
-0.00030678,
0.00056175,
-0.00072129,
0.00063446,
-0.00061866,
-0.00073808,
-0.00043210,
-0.00011136,
0.00110128,
-0.00027640,
0.00027189,
0.00008647,
0.00026974,
0.00000998,
-0.00015446,
-0.00028776,
-0.00004211,
0.00009272,
-0.00061729,
0.00053788,
0.00043685,
0.00051251,
0.00044776,
-0.00042787,
0.00065699,
-0.00003443,
0.00094315,
-0.00046359,
0.00026261,
-0.00048859,
-0.00029409,
0.00011943,
0.00049989,
-0.00023117,
-0.00095279,
0.00003234,
-0.00012620,
0.00007192,
-0.00011217,
0.00051286,
-0.00072178,
0.00042591,
0.00042128,
0.00006427,
-0.00037509,
-0.00024727,
0.00009879,
0.00067340,
-0.00008671,
-0.00011899,
0.00002220,
0.00076132,
-0.00030298,
-0.00040511,
0.00016986,
0.00050391,
0.00007160,
0.00019044,
0.00018185,
-0.00057975,
-0.00002555,
0.00007708,
0.00017042,
-0.00028863,
-0.00021338,
0.00004516,
-0.00106288,
-0.00084161,
0.00097877,
-0.00027228,
0.00068506,
0.00010794,
0.00025083,
0.00014890,
0.00044205,
0.00010199,
0.00033031,
0.00005769,
-0.00008470,
0.00095345,
0.00035088,
-0.00121555,
-0.00092056,
0.00133973,
0.00012630,
-0.00013293,
-0.00022046,
0.00026151,
-0.00017232,
-0.00068843,
0.00009893,
