-2.876583671569824219e+01
-2.853357887268066406e+01
-2.830132293701171875e+01
-2.806906127929687500e+01
-2.783680343627929688e+01
-2.760455131530761719e+01
-2.737229347229003906e+01
-2.714003944396972656e+01
-2.690777969360351562e+01
-2.667552185058593750e+01
-2.644326400756835938e+01
-2.621100616455078125e+01
-2.597875404357910156e+01
-2.574650001525878906e+01
-2.551423454284667969e+01
-2.528198242187500000e+01
-2.504972839355468750e+01
-2.481746673583984375e+01
-2.458520698547363281e+01
-2.435295677185058594e+01
-2.412069129943847656e+01
-2.388844299316406250e+01
-2.365618133544921875e+01
-2.342392730712890625e+01
-2.319166564941406250e+01
-2.295941352844238281e+01
-2.272715187072753906e+01
-2.249489784240722656e+01
-2.133361244201660156e+01
-2.110135078430175781e+01
-2.086909866333007812e+01
-2.063683319091796875e+01
-2.040458679199218750e+01
-2.017232513427734375e+01
-1.994006538391113281e+01
-1.970780754089355469e+01
-1.947555351257324219e+01
-1.924330139160156250e+01
-1.901103210449218750e+01
-1.877877807617187500e+01
-1.854652595520019531e+01
-1.831427192687988281e+01
-1.808201789855957031e+01
-1.784975051879882812e+01
-1.761750030517578125e+01
-1.738524246215820312e+01
-1.715298461914062500e+01
-1.692072868347167969e+01
-1.668847084045410156e+01
-1.645621681213378906e+01
-1.622395324707031250e+01
-1.599169921875000000e+01
-1.575943851470947266e+01
-1.552718448638916016e+01
-1.529492378234863281e+01
-1.506266975402832031e+01
-1.390138053894042969e+01
-1.366912269592285156e+01
-1.343686580657958984e+01
-1.320460796356201172e+01
-1.297235488891601562e+01
-1.274010181427001953e+01
-1.250783634185791016e+01
-1.227558326721191406e+01
-1.204333019256591797e+01
-1.181107234954833984e+01
-1.157881546020507812e+01
-1.134655761718750000e+01
-1.111430072784423828e+01
-1.088204002380371094e+01
-1.064978218078613281e+01
-1.041752529144287109e+01
-1.018526744842529297e+01
-9.953014373779296875e+00
-9.720753669738769531e+00
-9.488495826721191406e+00
-9.256250381469726562e+00
-9.023982048034667969e+00
-8.791724205017089844e+00
-8.559463500976562500e+00
-8.327209472656250000e+00
-8.094948768615722656e+00
-7.862699031829833984e+00
-7.630441665649414062e+00
-6.469171047210693359e+00
-6.236898422241210938e+00
-6.004625797271728516e+00
-5.772387504577636719e+00
-5.540122985839843750e+00
-5.307873249053955078e+00
-5.075615882873535156e+00
-4.843362331390380859e+00
-4.611097812652587891e+00
-4.378840446472167969e+00
-4.146590709686279297e+00
-3.914329528808593750e+00
-3.682080030441284180e+00
-3.449807405471801758e+00
-3.217557907104492188e+00
-2.985311985015869141e+00
-2.753035783767700195e+00
-2.520782232284545898e+00
-2.288517475128173828e+00
-2.056271553039550781e+00
-1.824002861976623535e+00
-1.591757059097290039e+00
-1.359499812126159668e+00
-1.127231121063232422e+00
-8.949967622756958008e-01
-6.627318859100341797e-01
-4.304708242416381836e-01
-1.982212066650390625e-01
9.630593657493591309e-01
1.195333719253540039e+00
1.427571892738342285e+00
1.659834861755371094e+00
1.892097949981689453e+00
2.124349355697631836e+00
2.356612443923950195e+00
2.588875293731689453e+00
2.821123123168945312e+00
3.053382158279418945e+00
3.285637617111206055e+00
3.517908096313476562e+00
3.750163555145263672e+00
3.982415199279785156e+00
4.214678287506103516e+00
4.446933269500732422e+00
4.679181098937988281e+00
4.911440372467041016e+00
5.143695831298828125e+00
5.375966072082519531e+00
5.608206272125244141e+00
5.840473175048828125e+00
6.072721004486083984e+00
6.304968357086181641e+00
6.537239074707031250e+00
6.769504070281982422e+00
7.001759529113769531e+00
7.234006881713867188e+00
8.395298957824707031e+00
8.627547264099121094e+00
8.859817504882812500e+00
9.092068672180175781e+00
9.324332237243652344e+00
9.556571960449218750e+00
9.788826942443847656e+00
1.002110958099365234e+01
1.025336456298828125e+01
1.048561286926269531e+01
1.071786785125732422e+01
1.095011901855468750e+01
1.118237495422363281e+01
1.141463756561279297e+01
1.164690113067626953e+01
1.187915229797363281e+01
1.211139774322509766e+01
1.234366130828857422e+01
1.257593154907226562e+01
1.280819797515869141e+01
1.304044628143310547e+01
1.327270889282226562e+01
1.350495719909667969e+01
1.373721981048583984e+01
1.396946716308593750e+01
1.420171546936035156e+01
1.443398952484130859e+01
1.466623687744140625e+01
1.582753849029541016e+01
1.605977821350097656e+01
1.629205131530761719e+01
1.652429962158203125e+01
1.675653266906738281e+01
1.698881149291992188e+01
1.722107315063476562e+01
1.745332336425781250e+01
1.768558502197265625e+01
1.791781234741210938e+01
1.815009117126464844e+01
1.838235473632812500e+01
1.861460304260253906e+01
1.884686851501464844e+01
1.907911682128906250e+01
1.931138038635253906e+01
1.954361534118652344e+01
1.977590751647949219e+01
2.000815582275390625e+01
2.024040603637695312e+01
2.047266960144042969e+01
2.070491790771484375e+01
2.093718147277832031e+01
2.116943168640136719e+01
2.140167808532714844e+01
2.163395881652832031e+01
2.186620712280273438e+01
2.209847068786621094e+01
2.325975799560546875e+01
2.349199295043945312e+01
2.372425460815429688e+01
2.395652008056640625e+01
2.418878364562988281e+01
2.442104530334472656e+01
2.465328025817871094e+01
2.488552856445312500e+01
2.511779212951660156e+01
2.535005569458007812e+01
2.558232116699218750e+01
2.581456756591796875e+01
2.604681777954101562e+01
2.627911186218261719e+01
2.651133346557617188e+01
2.674361038208007812e+01
2.697584533691406250e+01
2.720809364318847656e+01
2.744038581848144531e+01
2.767263603210449219e+01
2.790488243103027344e+01
2.813716125488281250e+01
2.836940956115722656e+01
2.860167503356933594e+01
2.883392143249511719e+01
2.906618690490722656e+01
2.929841995239257812e+01
2.953067016601562500e+01
3.069198799133300781e+01
3.092423629760742188e+01
3.115646934509277344e+01
3.138876342773437500e+01
3.162099838256835938e+01
3.185327529907226562e+01
3.208554077148437500e+01
3.231777191162109375e+01
3.255003738403320312e+01
3.278228759765625000e+01
3.301456451416015625e+01
3.324681091308593750e+01
3.347907638549804688e+01
3.371132278442382812e+01
3.394357299804687500e+01
3.417583847045898438e+01
3.440810394287109375e+01
3.464036560058593750e+01
3.487263107299804688e+01
3.510485076904296875e+01
3.533712768554687500e+01
3.556939315795898438e+01
3.580162429809570312e+01
3.603388977050781250e+01
3.626613616943359375e+01
3.649838638305664062e+01
3.673067855834960938e+01
3.696291351318359375e+01
3.812420272827148438e+01
3.835643386840820312e+01
3.858871459960937500e+01
3.882094573974609375e+01
3.905322647094726562e+01
3.928549194335937500e+01
3.951772308349609375e+01
3.975000381469726562e+01
3.998226547241210938e+01
4.021453094482421875e+01
4.044677734375000000e+01
4.067901611328125000e+01
4.091125869750976562e+01
4.114354324340820312e+01
4.137578964233398438e+01
4.160807418823242188e+01
4.184030151367187500e+01
4.207256698608398438e+01
4.230481338500976562e+01
4.253708267211914062e+01
4.276934051513671875e+01
4.300157928466796875e+01
4.323385238647460938e+01
4.346609115600585938e+01
4.369836807250976562e+01
4.393061828613281250e+01
4.416286087036132812e+01
4.439516448974609375e+01
4.555643081665039062e+01
4.578869628906250000e+01
4.602095794677734375e+01
4.625320816040039062e+01
4.648543930053710938e+01
4.671770858764648438e+01
4.694995117187500000e+01
4.718225097656250000e+01
4.741448211669921875e+01
4.764674758911132812e+01
4.787900543212890625e+01
4.811122894287109375e+01
4.834351730346679688e+01
4.857578659057617188e+01
4.880803298950195312e+01
4.904030227661132812e+01
4.927254486083984375e+01
4.950481414794921875e+01
4.973706054687500000e+01
4.996931076049804688e+01
5.020156860351562500e+01
5.043385314941406250e+01
5.066606903076171875e+01
5.089836502075195312e+01
5.113060760498046875e+01
5.136286163330078125e+01
5.159513854980468750e+01
5.182740402221679688e+01
5.298865890502929688e+01
5.322092437744140625e+01
5.345318984985351562e+01
5.368545532226562500e+01
5.391769790649414062e+01
5.414995193481445312e+01
5.438217926025390625e+01
5.461444854736328125e+01
5.484671020507812500e+01
5.507894515991210938e+01
5.531121826171875000e+01
5.554352188110351562e+01
5.577574920654296875e+01
5.600801849365234375e+01
5.624024581909179688e+01
5.647253036499023438e+01
5.670476150512695312e+01
5.693704223632812500e+01
5.716926956176757812e+01
5.740153884887695312e+01
5.763380050659179688e+01
5.786603546142578125e+01
5.809831237792968750e+01
5.833060836791992188e+01
5.856280899047851562e+01
5.879510879516601562e+01
5.902732086181640625e+01
5.925957107543945312e+01
6.042089462280273438e+01
6.065312576293945312e+01
6.088541030883789062e+01
6.111766815185546875e+01
6.134991836547851562e+01
6.158218383789062500e+01
6.181438827514648438e+01
6.204667663574218750e+01
6.227894592285156250e+01
6.251117706298828125e+01
6.274345779418945312e+01
6.297571945190429688e+01
6.320798492431640625e+01
6.344021224975585938e+01
6.367247009277343750e+01
6.390474319458007812e+01
6.413697814941406250e+01
6.436925506591796875e+01
6.460150909423828125e+01
6.483374023437500000e+01
6.506600189208984375e+01
6.529829406738281250e+01
6.553054809570312500e+01
6.576280975341796875e+01
6.599506378173828125e+01
6.622731781005859375e+01
6.645955657958984375e+01
6.669183349609375000e+01
6.785314178466796875e+01
6.808538818359375000e+01
6.831760406494140625e+01
6.854988098144531250e+01
6.878210449218750000e+01
6.901439666748046875e+01
6.924664306640625000e+01
6.947890472412109375e+01
6.971118927001953125e+01
6.994343566894531250e+01
7.017568969726562500e+01
7.040794372558593750e+01
7.064016723632812500e+01
7.087247467041015625e+01
7.110471343994140625e+01
7.133693695068359375e+01
7.156929016113281250e+01
7.180149841308593750e+01
7.203378295898437500e+01
7.226596832275390625e+01
7.249827575683593750e+01
7.273049926757812500e+01
7.296271514892578125e+01
7.319502258300781250e+01
7.342727661132812500e+01
7.365952301025390625e+01
7.389176940917968750e+01
7.412404632568359375e+01
7.528532409667968750e+01
7.551763153076171875e+01
7.574982452392578125e+01
7.598209381103515625e+01
7.621431732177734375e+01
7.644665527343750000e+01
7.667890167236328125e+01
7.691111755371093750e+01
7.714340972900390625e+01
7.737564849853515625e+01
7.760793304443359375e+01
7.784014892578125000e+01
7.807239532470703125e+01
7.830470275878906250e+01
7.853692626953125000e+01
7.876919555664062500e+01
7.900141906738281250e+01
7.923370361328125000e+01
7.946598052978515625e+01
7.969822692871093750e+01
7.993051147460937500e+01
8.016268920898437500e+01
8.039500427246093750e+01
8.062725067138671875e+01
8.085952758789062500e+01
8.109180450439453125e+01
8.132403564453125000e+01
8.155624389648437500e+01
8.271755218505859375e+01
8.294979095458984375e+01
8.318208312988281250e+01
8.341439056396484375e+01
8.364660644531250000e+01
8.387879180908203125e+01
8.411110687255859375e+01
8.434331512451171875e+01
8.457566070556640625e+01
8.480787658691406250e+01
8.504015350341796875e+01
8.527240753173828125e+01
8.550469207763671875e+01
8.573686981201171875e+01
8.596915435791015625e+01
8.620140075683593750e+01
8.643367767333984375e+01
8.666592407226562500e+01
8.689820861816406250e+01
8.713047790527343750e+01
8.736270904541015625e+01
8.759498596191406250e+01
8.782723999023437500e+01
8.805950927734375000e+01
8.829173278808593750e+01
8.852394866943359375e+01
8.875628662109375000e+01
8.898847198486328125e+01
9.014978027343750000e+01
9.038203430175781250e+01
9.061428070068359375e+01
9.084651947021484375e+01
9.107883453369140625e+01
9.131105804443359375e+01
9.154331207275390625e+01
9.177561187744140625e+01
9.200782775878906250e+01
9.224011230468750000e+01
9.247233581542968750e+01
9.270460510253906250e+01
9.293688201904296875e+01
9.316910552978515625e+01
9.340139770507812500e+01
9.363359832763671875e+01
9.386588287353515625e+01
9.409813690185546875e+01
9.433041381835937500e+01
9.456262207031250000e+01
9.479490661621093750e+01
9.502718353271484375e+01
9.525947570800781250e+01
9.549168395996093750e+01
9.572393035888671875e+01
9.595618438720703125e+01
9.618843841552734375e+01
9.642073059082031250e+01
9.758204650878906250e+01
9.781423187255859375e+01
9.804654693603515625e+01
9.827872467041015625e+01
9.851100158691406250e+01
9.874325561523437500e+01
9.897557067871093750e+01
9.920780181884765625e+01
9.944006347656250000e+01
9.967225646972656250e+01
9.990459442138671875e+01
1.001367721557617188e+02
1.003691177368164062e+02
1.006014251708984375e+02
1.008336181640625000e+02
1.010659179687500000e+02
1.012981109619140625e+02
1.015304565429687500e+02
1.017626800537109375e+02
1.019949417114257812e+02
1.022271957397460938e+02
1.024593887329101562e+02
1.026916656494140625e+02
1.029239654541015625e+02
1.031561889648437500e+02
1.033884735107421875e+02
1.036207275390625000e+02
1.038529968261718750e+02
1.050142364501953125e+02
1.052464904785156250e+02
1.054787445068359375e+02
1.057110443115234375e+02
1.059432678222656250e+02
1.061755752563476562e+02
1.064077682495117188e+02
1.066400070190429688e+02
1.068723144531250000e+02
1.071045684814453125e+02
1.073368301391601562e+02
1.075690612792968750e+02
1.078013153076171875e+02
1.080336303710937500e+02
1.082658462524414062e+02
1.084981460571289062e+02
1.087303695678710938e+02
1.089625854492187500e+02
1.091948699951171875e+02
1.094271469116210938e+02
1.096594009399414062e+02
1.098916778564453125e+02
1.101239013671875000e+02
1.103561706542968750e+02
1.105883560180664062e+02
1.108207321166992188e+02
1.110529251098632812e+02
1.112851562500000000e+02
1.124464340209960938e+02
1.126787490844726562e+02
1.129109725952148438e+02
1.131432418823242188e+02
1.133754959106445312e+02
1.136077804565429688e+02
1.138400268554687500e+02
1.140722961425781250e+02
1.143044891357421875e+02
1.145367736816406250e+02
1.147690200805664062e+02
1.150013198852539062e+02
1.152335052490234375e+02
1.154658584594726562e+02
1.156980514526367188e+02
1.159303436279296875e+02
1.161625976562500000e+02
1.163948211669921875e+02
1.166270980834960938e+02
1.168593063354492188e+02
1.170915603637695312e+02
1.173238983154296875e+02
1.175561599731445312e+02
1.177883987426757812e+02
1.180206146240234375e+02
1.182528686523437500e+02
1.184851226806640625e+02
1.187173919677734375e+02
1.198787002563476562e+02
1.201109237670898438e+02
1.203432006835937500e+02
1.205754852294921875e+02
1.208077239990234375e+02
1.210399398803710938e+02
1.212722244262695312e+02
1.215044860839843750e+02
1.217367477416992188e+02
1.219690322875976562e+02
1.222012557983398438e+02
1.224335327148437500e+02
1.226657714843750000e+02
1.228979949951171875e+02
1.231302719116210938e+02
1.233625259399414062e+02
1.235948028564453125e+02
1.238270797729492188e+02
1.240593032836914062e+02
1.242915878295898438e+02
1.245238189697265625e+02
1.247560729980468750e+02
1.249883575439453125e+02
1.252205734252929688e+02
1.254529037475585938e+02
1.256851043701171875e+02
1.259174118041992188e+02
1.261496353149414062e+02
1.273109207153320312e+02
1.275431518554687500e+02
1.277754669189453125e+02
1.280077209472656250e+02
1.282399139404296875e+02
1.284722290039062500e+02
1.287044525146484375e+02
1.289367370605468750e+02
1.291690063476562500e+02
1.294012603759765625e+02
1.296335144042968750e+02
1.298657379150390625e+02
1.300980072021484375e+02
1.303302917480468750e+02
1.305625000000000000e+02
1.307947540283203125e+02
1.310270538330078125e+02
1.312592468261718750e+02
1.314915924072265625e+02
1.317238464355468750e+02
1.319561157226562500e+02
1.321882781982421875e+02
1.324205932617187500e+02
1.326528320312500000e+02
1.328850708007812500e+02
1.331173858642578125e+02
1.333495788574218750e+02
1.335818939208984375e+02
1.347431793212890625e+02
1.349754028320312500e+02
1.352076263427734375e+02
1.354399108886718750e+02
1.356721801757812500e+02
1.359044342041015625e+02
1.361367187500000000e+02
1.363689422607421875e+02
1.366012115478515625e+02
1.368334197998046875e+02
1.370657653808593750e+02
1.372979278564453125e+02
1.375302276611328125e+02
1.377624816894531250e+02
1.379947052001953125e+02
1.382270202636718750e+02
1.384592285156250000e+02
1.386915435791015625e+02
1.389237518310546875e+02
1.391560668945312500e+02
1.393882751464843750e+02
1.396205596923828125e+02
1.398528442382812500e+02
1.400850067138671875e+02
1.403173675537109375e+02
1.405495910644531250e+02
1.407818145751953125e+02
1.410141143798828125e+02
1.421754150390625000e+02
1.424076080322265625e+02
1.426399536132812500e+02
1.428721771240234375e+02
1.431044006347656250e+02
1.433367156982421875e+02
1.435688781738281250e+02
1.438011932373046875e+02
1.440334014892578125e+02
1.442656860351562500e+02
1.444979553222656250e+02
1.447302551269531250e+02
1.449624633789062500e+02
1.451946868896484375e+02
1.454269409179687500e+02
1.456592559814453125e+02
1.458915557861328125e+02
1.461238250732421875e+02
1.463560791015625000e+02
1.465883026123046875e+02
1.468205108642578125e+02
1.470527648925781250e+02
1.472850341796875000e+02
1.475173492431640625e+02
1.477494964599609375e+02
1.479818115234375000e+02
1.482140655517578125e+02
1.484462890625000000e+02
1.496075744628906250e+02
1.498399658203125000e+02
1.500720825195312500e+02
1.503043670654296875e+02
1.505366821289062500e+02
1.507688598632812500e+02
1.510011444091796875e+02
1.512333984375000000e+02
1.514656372070312500e+02
1.516978759765625000e+02
1.519302215576171875e+02
1.521624145507812500e+02
1.523946685791015625e+02
1.526269836425781250e+02
1.528591918945312500e+02
1.530914764404296875e+02
1.533237304687500000e+02
1.535559082031250000e+02
1.537882537841796875e+02
1.540205383300781250e+02
1.542526855468750000e+02
1.544850463867187500e+02
1.547172088623046875e+02
1.549495239257812500e+02
1.551818084716796875e+02
1.554139862060546875e+02
1.556462860107421875e+02
1.558785705566406250e+02
1.570398406982421875e+02
1.572720336914062500e+02
1.575043182373046875e+02
1.577366333007812500e+02
1.579688873291015625e+02
1.582010345458984375e+02
1.584333496093750000e+02
1.586655883789062500e+02
1.588978729248046875e+02
1.591301727294921875e+02
1.593623657226562500e+02
1.595946197509765625e+02
1.598269042968750000e+02
1.600591430664062500e+02
1.602914733886718750e+02
1.605236968994140625e+02
1.607559356689453125e+02
1.609882049560546875e+02
1.612204589843750000e+02
1.614527435302734375e+02
1.616849822998046875e+02
1.619171905517578125e+02
1.621494750976562500e+02
1.623817596435546875e+02
1.626140136718750000e+02
1.628462066650390625e+02
1.630785827636718750e+02
1.633107452392578125e+02
1.644721374511718750e+02
1.647042846679687500e+02
1.649366149902343750e+02
1.651688385009765625e+02
1.654010314941406250e+02
1.656333465576171875e+02
1.658655700683593750e+02
1.660978851318359375e+02
1.663301086425781250e+02
1.665624084472656250e+02
1.667947235107421875e+02
1.670269622802734375e+02
1.672590942382812500e+02
1.674913635253906250e+02
1.677236175537109375e+02
1.679559326171875000e+02
1.681881866455078125e+02
1.684204406738281250e+02
1.686526336669921875e+02
1.688850250244140625e+02
1.691173095703125000e+02
1.693493957519531250e+02
1.695817718505859375e+02
1.698139190673828125e+02
1.700462646484375000e+02
1.702784423828125000e+02
1.705106658935546875e+02
1.707429504394531250e+02
1.719042816162109375e+02
1.721364898681640625e+02
1.723688354492187500e+02
1.726010131835937500e+02
1.728333740234375000e+02
1.730655517578125000e+02
1.732978057861328125e+02
1.735301208496093750e+02
1.737623291015625000e+02
1.739945678710937500e+02
1.742268829345703125e+02
1.744591674804687500e+02
1.746914215087890625e+02
1.749235992431640625e+02
1.751558227539062500e+02
1.753880920410156250e+02
1.756203765869140625e+02
1.758526458740234375e+02
1.760848388671875000e+02
1.763171844482421875e+02
1.765494079589843750e+02
1.767817230224609375e+02
1.770139923095703125e+02
1.772461547851562500e+02
1.774785003662109375e+02
1.777106475830078125e+02
1.779429931640625000e+02
1.781752014160156250e+02
