1.124192810058593750e+01
1.129003143310546875e+01
1.133813095092773438e+01
1.138623237609863281e+01
1.143433761596679688e+01
1.148243808746337891e+01
1.153053951263427734e+01
1.157864093780517578e+01
1.162674427032470703e+01
1.167484951019287109e+01
1.172295093536376953e+01
1.177105236053466797e+01
1.181915378570556641e+01
1.186725521087646484e+01
1.191535663604736328e+01
1.196345710754394531e+01
1.201156044006347656e+01
1.205966186523437500e+01
1.210776519775390625e+01
1.215586471557617188e+01
1.220396804809570312e+01
1.225206947326660156e+01
1.230017280578613281e+01
1.234827423095703125e+01
1.239637756347656250e+01
1.244447612762451172e+01
1.249257946014404297e+01
1.254068088531494141e+01
1.278119564056396484e+01
1.282929325103759766e+01
1.287739849090576172e+01
1.292549705505371094e+01
1.297360229492187500e+01
1.302170372009277344e+01
1.306980514526367188e+01
1.311790657043457031e+01
1.316600799560546875e+01
1.321410942077636719e+01
1.326221084594726562e+01
1.331031608581542969e+01
1.335842132568359375e+01
1.340651416778564453e+01
1.345461940765380859e+01
1.350272083282470703e+01
1.355082225799560547e+01
1.359892749786376953e+01
1.364702892303466797e+01
1.369513416290283203e+01
1.374323177337646484e+01
1.379133319854736328e+01
1.383943843841552734e+01
1.388753890991210938e+01
1.393564414978027344e+01
1.398374557495117188e+01
1.403184700012207031e+01
1.407995223999023438e+01
1.432045841217041016e+01
1.436855983734130859e+01
1.441666126251220703e+01
1.446476268768310547e+01
1.451286411285400391e+01
1.456096553802490234e+01
1.460907077789306641e+01
1.465717220306396484e+01
1.470527362823486328e+01
1.475337886810302734e+01
1.480147552490234375e+01
1.484958076477050781e+01
1.489768218994140625e+01
1.494578361511230469e+01
1.499388885498046875e+01
1.504199028015136719e+01
1.509008789062500000e+01
1.513819694519042969e+01
1.518629455566406250e+01
1.523439216613769531e+01
1.528249645233154297e+01
1.533060169219970703e+01
1.537869930267333984e+01
1.542680454254150391e+01
1.547490596771240234e+01
1.552300739288330078e+01
1.557110881805419922e+01
1.561921405792236328e+01
1.585972404479980469e+01
1.590782546997070312e+01
1.595592689514160156e+01
1.600402450561523438e+01
1.605212974548339844e+01
1.610023117065429688e+01
1.614833259582519531e+01
1.619643402099609375e+01
1.624453926086425781e+01
1.629264450073242188e+01
1.634074211120605469e+01
1.638884353637695312e+01
1.643694877624511719e+01
1.648504829406738281e+01
1.653314971923828125e+01
1.658125114440917969e+01
1.662935256958007812e+01
1.667745399475097656e+01
1.672555160522460938e+01
1.677365684509277344e+01
1.682176208496093750e+01
1.686985969543457031e+01
1.691796112060546875e+01
1.696607017517089844e+01
1.701417541503906250e+01
1.706227684020996094e+01
1.711037063598632812e+01
1.715847206115722656e+01
1.739898490905761719e+01
1.744708251953125000e+01
1.749518775939941406e+01
1.754328918457031250e+01
1.759139060974121094e+01
1.763949584960937500e+01
1.768759727478027344e+01
1.773569869995117188e+01
1.778380012512207031e+01
1.783190155029296875e+01
1.788001060485839844e+01
1.792811203002929688e+01
1.797620582580566406e+01
1.802431488037109375e+01
1.807241249084472656e+01
1.812051773071289062e+01
1.816861534118652344e+01
1.821672058105468750e+01
1.826482200622558594e+01
1.831292724609375000e+01
1.836102676391601562e+01
1.840912437438964844e+01
1.845722579956054688e+01
1.850533485412597656e+01
1.855343246459960938e+01
1.860154151916503906e+01
1.864963531494140625e+01
1.869774055480957031e+01
1.893825531005859375e+01
1.898635292053222656e+01
1.903446197509765625e+01
1.908255958557128906e+01
1.913065719604492188e+01
1.917875862121582031e+01
1.922686004638671875e+01
1.927496528625488281e+01
1.932306861877441406e+01
1.937117004394531250e+01
1.941927146911621094e+01
1.946737289428710938e+01
1.951547431945800781e+01
1.956357574462890625e+01
1.961168098449707031e+01
1.965977859497070312e+01
1.970788002014160156e+01
1.975598526000976562e+01
1.980408287048339844e+01
1.985219573974609375e+01
1.990029335021972656e+01
1.994839096069335938e+01
1.999649238586425781e+01
2.004459762573242188e+01
2.009269523620605469e+01
2.014080429077148438e+01
2.018890190124511719e+01
2.023701095581054688e+01
2.047750854492187500e+01
2.052561759948730469e+01
2.057371520996093750e+01
2.062182044982910156e+01
2.066992950439453125e+01
2.071802711486816406e+01
2.076612472534179688e+01
2.081422615051269531e+01
2.086232376098632812e+01
2.091043663024902344e+01
2.095853424072265625e+01
2.100664329528808594e+01
2.105474090576171875e+01
2.110284614562988281e+01
2.115094757080078125e+01
2.119905090332031250e+01
2.124714088439941406e+01
2.129525375366210938e+01
2.134334754943847656e+01
2.139145660400390625e+01
2.143955421447753906e+01
2.148766326904296875e+01
2.153576469421386719e+01
2.158386230468750000e+01
2.163196754455566406e+01
2.168006515502929688e+01
2.172816276550292969e+01
2.177627563476562500e+01
2.201677894592285156e+01
2.206487655639648438e+01
2.211298561096191406e+01
2.216108131408691406e+01
2.220919036865234375e+01
2.225728416442871094e+01
2.230539321899414062e+01
2.235349082946777344e+01
2.240159225463867188e+01
2.244969367980957031e+01
2.249779510498046875e+01
2.254589653015136719e+01
2.259400558471679688e+01
2.264210700988769531e+01
2.269020843505859375e+01
2.273830986022949219e+01
2.278641128540039062e+01
2.283450508117675781e+01
2.288261413574218750e+01
2.293071556091308594e+01
2.297881698608398438e+01
2.302691841125488281e+01
2.307501983642578125e+01
2.312313461303710938e+01
2.317122840881347656e+01
2.321933746337890625e+01
2.326743125915527344e+01
2.331554031372070312e+01
2.355603981018066406e+01
2.360413360595703125e+01
2.365224266052246094e+01
2.370034408569335938e+01
2.374845314025878906e+01
2.379656219482421875e+01
2.384465599060058594e+01
2.389276504516601562e+01
2.394086647033691406e+01
2.398896026611328125e+01
2.403705978393554688e+01
2.408516883850097656e+01
2.413325500488281250e+01
2.418137168884277344e+01
2.422947311401367188e+01
2.427757453918457031e+01
2.432567596435546875e+01
2.437378501892089844e+01
2.442187118530273438e+01
2.446999549865722656e+01
2.451808166503906250e+01
2.456619071960449219e+01
2.461429214477539062e+01
2.466239356994628906e+01
2.471050262451171875e+01
2.475859642028808594e+01
2.480669021606445312e+01
2.485480690002441406e+01
2.509530448913574219e+01
2.514340591430664062e+01
2.519149971008300781e+01
2.523962402343750000e+01
2.528770256042480469e+01
2.533581924438476562e+01
2.538392066955566406e+01
2.543202209472656250e+01
2.548012351989746094e+01
2.552822494506835938e+01
2.557631874084472656e+01
2.562442779541015625e+01
2.567253684997558594e+01
2.572063827514648438e+01
2.576873970031738281e+01
2.581683349609375000e+01
2.586493492126464844e+01
2.591304397583007812e+01
2.596115112304687500e+01
2.600926017761230469e+01
2.605733871459960938e+01
2.610545539855957031e+01
2.615354919433593750e+01
2.620166587829589844e+01
2.624975967407226562e+01
2.629786109924316406e+01
2.634595489501953125e+01
2.639406394958496094e+01
2.663457870483398438e+01
2.668268013000488281e+01
2.673079681396484375e+01
2.677887535095214844e+01
2.682698440551757812e+01
2.687508392333984375e+01
2.692318534851074219e+01
2.697129440307617188e+01
2.701938056945800781e+01
2.706749725341796875e+01
2.711559104919433594e+01
2.716370010375976562e+01
2.721179389953613281e+01
2.725990295410156250e+01
2.730800437927246094e+01
2.735609817504882812e+01
2.740419960021972656e+01
2.745230865478515625e+01
2.750040245056152344e+01
2.754851150512695312e+01
2.759662055969238281e+01
2.764471435546875000e+01
2.769281578063964844e+01
2.774092483520507812e+01
2.778901863098144531e+01
2.783712577819824219e+01
2.788523483276367188e+01
2.793332862854003906e+01
2.817382812500000000e+01
2.822193717956542969e+01
2.827003860473632812e+01
2.831813240051269531e+01
2.836624145507812500e+01
2.841435050964355469e+01
2.846245193481445312e+01
2.851055335998535156e+01
2.855865478515625000e+01
2.860675621032714844e+01
2.865485763549804688e+01
2.870295906066894531e+01
2.875106811523437500e+01
2.879916000366210938e+01
2.884726905822753906e+01
2.889536285400390625e+01
2.894347953796386719e+01
2.899156570434570312e+01
2.903967475891113281e+01
2.908776855468750000e+01
2.913587760925292969e+01
2.918397140502929688e+01
2.923208808898925781e+01
2.928018188476562500e+01
2.932829856872558594e+01
2.937639236450195312e+01
2.942448616027832031e+01
2.947258758544921875e+01
2.971310806274414062e+01
2.976119422912597656e+01
2.980930328369140625e+01
2.985739707946777344e+01
2.990550613403320312e+01
2.995360755920410156e+01
3.000172424316406250e+01
3.004982566833496094e+01
3.009791946411132812e+01
3.014601325988769531e+01
3.019412231445312500e+01
3.024223136901855469e+01
3.029033279418945312e+01
3.033842658996582031e+01
3.038652801513671875e+01
3.043463706970214844e+01
3.048273086547851562e+01
3.053083229064941406e+01
3.057893371582031250e+01
3.062705802917480469e+01
3.067514228820800781e+01
3.072323608398437500e+01
3.077134513854980469e+01
3.081943130493164062e+01
3.086755561828613281e+01
3.091564178466796875e+01
3.096375846862792969e+01
3.101185226440429688e+01
3.125236701965332031e+01
3.130047607421875000e+01
3.134858512878417969e+01
3.139667129516601562e+01
3.144477272033691406e+01
3.149286651611328125e+01
3.154099082946777344e+01
3.158906936645507812e+01
3.163717651367187500e+01
3.168528556823730469e+01
3.173339462280273438e+01
3.178150367736816406e+01
3.182958221435546875e+01
3.187768363952636719e+01
3.192580795288085938e+01
3.197389411926269531e+01
3.202200317382812500e+01
3.207009124755859375e+01
3.211821365356445312e+01
3.216630554199218750e+01
3.221440124511718750e+01
3.226251602172851562e+01
3.231060409545898438e+01
3.235869598388671875e+01
3.240681457519531250e+01
3.245490646362304688e+01
3.250300979614257812e+01
3.255110931396484375e+01
3.279163360595703125e+01
3.283974075317382812e+01
3.288785171508789062e+01
3.293592834472656250e+01
3.298402404785156250e+01
3.303215408325195312e+01
3.308024597167968750e+01
3.312834167480468750e+01
3.317643356323242188e+01
3.322454452514648438e+01
3.327265167236328125e+01
3.332073211669921875e+01
3.336886215209960938e+01
3.341695022583007812e+01
3.346506500244140625e+01
3.351316070556640625e+01
3.356126022338867188e+01
3.360935592651367188e+01
3.365747070312500000e+01
3.370557403564453125e+01
3.375366592407226562e+01
3.380176925659179688e+01
3.384986877441406250e+01
3.389797973632812500e+01
3.394608688354492188e+01
3.399418640136718750e+01
3.404228210449218750e+01
3.409038925170898438e+01
3.433091354370117188e+01
3.437899780273437500e+01
3.442710113525390625e+01
3.447519302368164062e+01
3.452329635620117188e+01
3.457141113281250000e+01
3.461949157714843750e+01
3.466759109497070312e+01
3.471570968627929688e+01
3.476382446289062500e+01
3.481192016601562500e+01
3.486001205444335938e+01
3.490811538696289062e+01
3.495623016357421875e+01
3.500432968139648438e+01
3.505241012573242188e+01
3.510052490234375000e+01
3.514864349365234375e+01
3.519673538208007812e+01
3.524483871459960938e+01
3.529292297363281250e+01
3.534103393554687500e+01
3.538913345336914062e+01
3.543725967407226562e+01
3.548535156250000000e+01
3.553346252441406250e+01
3.558153915405273438e+01
3.562965774536132812e+01
3.587015533447265625e+01
3.591826248168945312e+01
3.596636581420898438e+01
3.601446533203125000e+01
3.606258392333984375e+01
3.611066055297851562e+01
3.615875625610351562e+01
3.620687866210937500e+01
3.625497436523437500e+01
3.630307388305664062e+01
3.635116958618164062e+01
3.639927673339843750e+01
3.644739532470703125e+01
3.649547958374023438e+01
3.654358291625976562e+01
3.659169769287109375e+01
3.663979339599609375e+01
3.668789291381835938e+01
3.673600387573242188e+01
3.678409576416015625e+01
3.683218765258789062e+01
3.688028335571289062e+01
3.692840576171875000e+01
3.697650146484375000e+01
3.702461624145507812e+01
3.707269668579101562e+01
3.712081909179687500e+01
3.716891479492187500e+01
3.740942001342773438e+01
3.745751571655273438e+01
3.750563812255859375e+01
3.755371856689453125e+01
3.760183334350585938e+01
3.764992904663085938e+01
3.769803619384765625e+01
3.774613952636718750e+01
3.779425430297851562e+01
3.784233856201171875e+01
3.789044189453125000e+01
3.793854904174804688e+01
3.798665237426757812e+01
3.803477478027343750e+01
3.808285522460937500e+01
3.813096237182617188e+01
3.817905807495117188e+01
3.822716522216796875e+01
3.827526092529296875e+01
3.832336044311523438e+01
3.837147140502929688e+01
3.841957855224609375e+01
3.846765899658203125e+01
3.851576614379882812e+01
3.856388473510742188e+01
3.861195373535156250e+01
3.866007232666015625e+01
3.870817947387695312e+01
3.894868469238281250e+01
3.899680328369140625e+01
3.904489517211914062e+01
3.909298324584960938e+01
3.914109802246093750e+01
3.918920135498046875e+01
3.923728561401367188e+01
3.928539657592773438e+01
3.933350372314453125e+01
3.938161468505859375e+01
3.942969131469726562e+01
3.947780227661132812e+01
3.952592468261718750e+01
3.957401275634765625e+01
3.962211990356445312e+01
3.967021179199218750e+01
3.971833801269531250e+01
3.976641464233398438e+01
3.981452560424804688e+01
3.986264038085937500e+01
3.991072845458984375e+01
3.995885848999023438e+01
4.000693893432617188e+01
4.005501556396484375e+01
4.010314178466796875e+01
4.015125656127929688e+01
4.019933700561523438e+01
4.024744415283203125e+01
4.048796844482421875e+01
4.053604507446289062e+01
4.058416366577148438e+01
4.063227081298828125e+01
4.068036270141601562e+01
4.072845077514648438e+01
4.077655792236328125e+01
4.082467651367187500e+01
4.087277603149414062e+01
4.092090225219726562e+01
4.096895599365234375e+01
4.101708221435546875e+01
4.106518936157226562e+01
4.111328506469726562e+01
4.116138458251953125e+01
4.120949554443359375e+01
4.125757980346679688e+01
4.130570602416992188e+01
4.135378265380859375e+01
4.140188598632812500e+01
4.144997787475585938e+01
4.149811172485351562e+01
4.154620361328125000e+01
4.159428024291992188e+01
4.164239883422851562e+01
4.169052886962890625e+01
4.173860168457031250e+01
4.178670120239257812e+01
4.202722549438476562e+01
4.207532501220703125e+01
4.212344360351562500e+01
4.217152786254882812e+01
4.221964645385742188e+01
4.226773071289062500e+01
4.231584930419921875e+01
4.236391830444335938e+01
4.241203689575195312e+01
4.246015167236328125e+01
4.250820541381835938e+01
4.255632400512695312e+01
4.260445404052734375e+01
4.265254211425781250e+01
4.270062637329101562e+01
4.274872970581054688e+01
4.279685974121093750e+01
4.284494781494140625e+01
4.289304733276367188e+01
4.294115066528320312e+01
4.298926544189453125e+01
4.303735351562500000e+01
4.308543777465820312e+01
4.313355636596679688e+01
4.318168640136718750e+01
4.322978973388671875e+01
4.327787399291992188e+01
4.332596206665039062e+01
4.356649780273437500e+01
4.361458206176757812e+01
4.366268539428710938e+01
4.371078491210937500e+01
4.375890350341796875e+01
4.380697250366210938e+01
4.385509109497070312e+01
4.390322113037109375e+01
4.395130920410156250e+01
4.399939346313476562e+01
4.404752731323242188e+01
4.409559631347656250e+01
4.414369964599609375e+01
4.419181442260742188e+01
4.423991775512695312e+01
4.428801727294921875e+01
4.433610534667968750e+01
4.438422012329101562e+01
4.443231964111328125e+01
4.448042297363281250e+01
4.452852249145507812e+01
4.457662582397460938e+01
4.462471008300781250e+01
4.467281341552734375e+01
4.472095870971679688e+01
4.476904678344726562e+01
4.481714630126953125e+01
4.486523437500000000e+01
4.510573959350585938e+01
4.515385818481445312e+01
4.520195770263671875e+01
4.525004577636718750e+01
4.529814529418945312e+01
4.534624481201171875e+01
4.539436340332031250e+01
4.544246292114257812e+01
4.549056625366210938e+01
4.553868103027343750e+01
4.558676910400390625e+01
4.563485336303710938e+01
4.568297195434570312e+01
4.573105621337890625e+01
4.577915954589843750e+01
4.582725906372070312e+01
4.587539291381835938e+01
4.592347717285156250e+01
4.597156524658203125e+01
4.601969528198242188e+01
4.606778335571289062e+01
4.611586761474609375e+01
4.616400146484375000e+01
4.621208572387695312e+01
4.626018905639648438e+01
4.630830383300781250e+01
4.635638809204101562e+01
4.640449142456054688e+01
4.664501190185546875e+01
4.669313049316406250e+01
4.674121475219726562e+01
4.678930282592773438e+01
4.683740234375000000e+01
4.688553619384765625e+01
4.693363571166992188e+01
4.698173904418945312e+01
4.702980804443359375e+01
4.707792663574218750e+01
4.712604141235351562e+01
4.717409896850585938e+01
4.722222900390625000e+01
4.727034378051757812e+01
4.731844711303710938e+01
4.736654663085937500e+01
4.741463470458984375e+01
4.746273422241210938e+01
4.751083755493164062e+01
4.755893707275390625e+01
4.760705566406250000e+01
4.765515518188476562e+01
4.770325851440429688e+01
4.775134277343750000e+01
4.779946136474609375e+01
4.784757614135742188e+01
4.789564895629882812e+01
4.794374847412109375e+01
4.818426895141601562e+01
4.823237228393554688e+01
4.828047180175781250e+01
4.832857513427734375e+01
4.837670516967773438e+01
4.842479324340820312e+01
4.847290802001953125e+01
4.852099609375000000e+01
4.856906509399414062e+01
4.861719894409179688e+01
4.866531372070312500e+01
4.871338653564453125e+01
4.876150131225585938e+01
4.880963516235351562e+01
4.885770416259765625e+01
4.890579223632812500e+01
4.895390701293945312e+01
4.900201034545898438e+01
4.905009460449218750e+01
4.909821319580078125e+01
4.914629745483398438e+01
4.919441223144531250e+01
4.924253082275390625e+01
4.929063034057617188e+01
4.933870315551757812e+01
4.938681793212890625e+01
4.943492126464843750e+01
4.948303604125976562e+01
4.972354507446289062e+01
4.977162933349609375e+01
4.981976318359375000e+01
4.986786270141601562e+01
4.991596603393554688e+01
4.996406555175781250e+01
5.001213836669921875e+01
5.006023788452148438e+01
5.010833740234375000e+01
5.015644073486328125e+01
5.020457077026367188e+01
5.025267410278320312e+01
5.030074310302734375e+01
5.034887695312500000e+01
5.039697647094726562e+01
5.044506454467773438e+01
5.049316406250000000e+01
5.054125213623046875e+01
5.058939743041992188e+01
5.063750076293945312e+01
5.068558502197265625e+01
5.073368835449218750e+01
5.078178787231445312e+01
5.082989120483398438e+01
5.087797546386718750e+01
5.092607879638671875e+01
5.097420883178710938e+01
5.102230834960937500e+01
5.126281738281250000e+01
5.131090164184570312e+01
5.135902023315429688e+01
5.140708923339843750e+01
5.145520782470703125e+01
5.150332260131835938e+01
5.155141067504882812e+01
5.159951019287109375e+01
5.164762878417968750e+01
5.169571304321289062e+01
5.174381637573242188e+01
5.179193115234375000e+01
5.184003448486328125e+01
5.188811874389648438e+01
5.193623733520507812e+01
5.198433685302734375e+01
5.203243637084960938e+01
5.208052444458007812e+01
5.212863922119140625e+01
5.217677307128906250e+01
5.222485733032226562e+01
5.227294540405273438e+01
5.232104492187500000e+01
5.236916351318359375e+01
5.241726303100585938e+01
5.246536636352539062e+01
5.251346588134765625e+01
5.256158447265625000e+01
5.280205917358398438e+01
5.285017776489257812e+01
5.289826202392578125e+01
5.294637680053710938e+01
5.299448013305664062e+01
5.304257965087890625e+01
5.309069824218750000e+01
5.313878250122070312e+01
5.318691635131835938e+01
5.323500061035156250e+01
5.328310394287109375e+01
5.333120346069335938e+01
5.337930679321289062e+01
5.342737579345703125e+01
5.347549438476562500e+01
5.352357864379882812e+01
5.357172775268554688e+01
5.361982727050781250e+01
5.366791534423828125e+01
5.371601486206054688e+01
5.376408767700195312e+01
5.381220245361328125e+01
5.386032104492187500e+01
5.390839004516601562e+01
5.395652008056640625e+01
5.400462341308593750e+01
5.405272293090820312e+01
5.410079574584960938e+01
