8.682759284973144531e+00
8.684172630310058594e+00
8.685586929321289062e+00
8.686997413635253906e+00
8.688410758972167969e+00
8.689827919006347656e+00
8.691239356994628906e+00
8.692651748657226562e+00
8.694068908691406250e+00
8.695482254028320312e+00
8.696890830993652344e+00
8.698307991027832031e+00
8.699718475341796875e+00
8.701139450073242188e+00
8.702548027038574219e+00
8.703966140747070312e+00
8.705373764038085938e+00
8.706789970397949219e+00
8.708197593688964844e+00
8.709617614746093750e+00
8.711029052734375000e+00
8.712445259094238281e+00
8.713851928710937500e+00
8.715269088745117188e+00
8.716685295104980469e+00
8.718096733093261719e+00
8.719512939453125000e+00
8.720928192138671875e+00
8.727995872497558594e+00
8.729406356811523438e+00
8.730822563171386719e+00
8.732237815856933594e+00
8.733646392822265625e+00
8.735057830810546875e+00
8.736475944519042969e+00
8.737883567810058594e+00
8.739297866821289062e+00
8.740704536437988281e+00
8.742123603820800781e+00
8.743545532226562500e+00
8.744958877563476562e+00
8.746369361877441406e+00
8.747788429260253906e+00
8.749198913574218750e+00
8.750609397888183594e+00
8.752028465270996094e+00
8.753435134887695312e+00
8.754846572875976562e+00
8.756260871887207031e+00
8.757675170898437500e+00
8.759090423583984375e+00
8.760504722595214844e+00
8.761912345886230469e+00
8.763334274291992188e+00
8.764749526977539062e+00
8.766163825988769531e+00
8.773225784301757812e+00
8.774644851684570312e+00
8.776047706604003906e+00
8.777458190917968750e+00
8.778881072998046875e+00
8.780287742614746094e+00
8.781710624694824219e+00
8.783124923706054688e+00
8.784531593322753906e+00
8.785954475402832031e+00
8.787361145019531250e+00
8.788780212402343750e+00
8.790190696716308594e+00
8.791607856750488281e+00
8.793010711669921875e+00
8.794432640075683594e+00
8.795840263366699219e+00
8.797258377075195312e+00
8.798662185668945312e+00
8.800080299377441406e+00
8.801495552062988281e+00
8.802909851074218750e+00
8.804327964782714844e+00
8.805739402770996094e+00
8.807153701782226562e+00
8.808565139770507812e+00
8.809979438781738281e+00
8.811389923095703125e+00
8.818464279174804688e+00
8.819874763488769531e+00
8.821289062500000000e+00
8.822700500488281250e+00
8.824109077453613281e+00
8.825531959533691406e+00
8.826942443847656250e+00
8.828361511230468750e+00
8.829768180847167969e+00
8.831186294555664062e+00
8.832593917846679688e+00
8.834012031555175781e+00
8.835423469543457031e+00
8.836833953857421875e+00
8.838245391845703125e+00
8.839663505554199219e+00
8.841081619262695312e+00
8.842493057250976562e+00
8.843903541564941406e+00
8.845314979553222656e+00
8.846736907958984375e+00
8.848139762878417969e+00
8.849562644958496094e+00
8.850969314575195312e+00
8.852392196655273438e+00
8.853795051574707031e+00
8.855214118957519531e+00
8.856624603271484375e+00
8.863698005676269531e+00
8.865101814270019531e+00
8.866519927978515625e+00
8.867930412292480469e+00
8.869349479675292969e+00
8.870759963989257812e+00
8.872171401977539062e+00
8.873593330383300781e+00
8.875003814697265625e+00
8.876407623291015625e+00
8.877844810485839844e+00
8.879248619079589844e+00
8.880659103393554688e+00
8.882062911987304688e+00
8.883492469787597656e+00
8.884887695312500000e+00
8.886306762695312500e+00
8.887724876403808594e+00
8.889140129089355469e+00
8.890550613403320312e+00
8.891954421997070312e+00
8.893372535705566406e+00
8.894794464111328125e+00
8.896205902099609375e+00
8.897608757019042969e+00
8.899031639099121094e+00
8.900442123413085938e+00
8.901861190795898438e+00
8.908938407897949219e+00
8.910337448120117188e+00
8.911747932434082031e+00
8.913166999816894531e+00
8.914588928222656250e+00
8.915992736816406250e+00
8.917403221130371094e+00
8.918822288513183594e+00
8.920244216918945312e+00
8.921654701232910156e+00
8.923058509826660156e+00
8.924480438232421875e+00
8.925895690917968750e+00
8.927309989929199219e+00
8.928709983825683594e+00
8.930131912231445312e+00
8.931546211242675781e+00
8.932961463928222656e+00
8.934375762939453125e+00
8.935783386230468750e+00
8.937197685241699219e+00
8.938604354858398438e+00
8.940027236938476562e+00
8.941433906555175781e+00
8.942849159240722656e+00
8.944263458251953125e+00
8.945686340332031250e+00
8.947093009948730469e+00
8.954158782958984375e+00
8.955574035644531250e+00
8.956995964050292969e+00
8.958410263061523438e+00
8.959825515747070312e+00
8.961216926574707031e+00
8.962639808654785156e+00
8.964054107666015625e+00
8.965460777282714844e+00
8.966883659362792969e+00
8.968297958374023438e+00
8.969705581665039062e+00
8.971119880676269531e+00
8.972535133361816406e+00
8.973941802978515625e+00
8.975371360778808594e+00
8.976771354675292969e+00
8.978193283081054688e+00
8.979593276977539062e+00
8.981007575988769531e+00
8.982430458068847656e+00
8.983844757080078125e+00
8.985259056091308594e+00
8.986681938171386719e+00
8.988096237182617188e+00
8.989511489868164062e+00
8.990910530090332031e+00
8.992317199707031250e+00
8.999395370483398438e+00
9.000809669494628906e+00
9.002231597900390625e+00
9.003639221191406250e+00
9.005053520202636719e+00
9.006453514099121094e+00
9.007875442504882812e+00
9.009305953979492188e+00
9.010704994201660156e+00
9.012111663818359375e+00
9.013526916503906250e+00
9.014933586120605469e+00
9.016364097595214844e+00
9.017770767211914062e+00
9.019178390502929688e+00
9.020607948303222656e+00
9.021991729736328125e+00
9.023414611816406250e+00
9.024844169616699219e+00
9.026251792907714844e+00
9.027673721313476562e+00
9.029080390930175781e+00
9.030495643615722656e+00
9.031909942626953125e+00
9.033340454101562500e+00
9.034739494323730469e+00
9.036154747009277344e+00
9.037553787231445312e+00
9.044627189636230469e+00
9.046034812927246094e+00
9.047456741333007812e+00
9.048878669738769531e+00
9.050278663635253906e+00
9.051700592041015625e+00
9.053108215332031250e+00
9.054514884948730469e+00
9.055929183959960938e+00
9.057344436645507812e+00
9.058766365051269531e+00
9.060181617736816406e+00
9.061588287353515625e+00
9.063011169433593750e+00
9.064433097839355469e+00
9.065839767456054688e+00
9.067247390747070312e+00
9.068654060363769531e+00
9.070069313049316406e+00
9.071491241455078125e+00
9.072898864746093750e+00
9.074313163757324219e+00
9.075735092163085938e+00
9.077135086059570312e+00
9.078557014465332031e+00
9.079979896545410156e+00
9.081378936767578125e+00
9.082786560058593750e+00
9.089867591857910156e+00
9.091281890869140625e+00
9.092673301696777344e+00
9.094103813171386719e+00
9.095518112182617188e+00
9.096925735473632812e+00
9.098332405090332031e+00
9.099762916564941406e+00
9.101169586181640625e+00
9.102576255798339844e+00
9.103991508483886719e+00
9.105413436889648438e+00
9.106836318969726562e+00
9.108235359191894531e+00
9.109658241271972656e+00
9.111057281494140625e+00
9.112463951110839844e+00
9.113879203796386719e+00
9.115301132202148438e+00
9.116716384887695312e+00
9.118123054504394531e+00
9.119537353515625000e+00
9.120967864990234375e+00
9.122382164001464844e+00
9.123782157897949219e+00
9.125211715698242188e+00
9.126604080200195312e+00
9.128018379211425781e+00
9.135099411010742188e+00
9.136507034301757812e+00
9.137928962707519531e+00
9.139335632324218750e+00
9.140758514404296875e+00
9.142172813415527344e+00
9.143580436706542969e+00
9.145002365112304688e+00
9.146424293518066406e+00
9.147831916809082031e+00
9.149238586425781250e+00
9.150646209716796875e+00
9.152060508728027344e+00
9.153483390808105469e+00
9.154890060424804688e+00
9.156311988830566406e+00
9.157711982727050781e+00
9.159133911132812500e+00
9.160556793212890625e+00
9.161948204040527344e+00
9.163378715515136719e+00
9.164770126342773438e+00
9.166184425354003906e+00
9.167614936828613281e+00
9.169036865234375000e+00
9.170444488525390625e+00
9.171851158142089844e+00
9.173265457153320312e+00
9.180324554443359375e+00
9.181754112243652344e+00
9.183176040649414062e+00
9.184560775756835938e+00
9.185982704162597656e+00
9.187405586242675781e+00
9.188804626464843750e+00
9.190212249755859375e+00
9.191649436950683594e+00
9.193063735961914062e+00
9.194478988647460938e+00
9.195885658264160156e+00
9.197293281555175781e+00
9.198692321777343750e+00
9.200115203857421875e+00
9.201529502868652344e+00
9.202943801879882812e+00
9.204366683959960938e+00
9.205765724182128906e+00
9.207196235656738281e+00
9.208602905273437500e+00
9.210001945495605469e+00
9.211417198181152344e+00
9.212839126586914062e+00
9.214254379272460938e+00
9.215661048889160156e+00
9.217106819152832031e+00
9.218505859375000000e+00
9.225579261779785156e+00
9.226963996887207031e+00
9.228385925292968750e+00
9.229800224304199219e+00
9.231223106384277344e+00
9.232637405395507812e+00
9.234052658081054688e+00
9.235459327697753906e+00
9.236858367919921875e+00
9.238288879394531250e+00
9.239695549011230469e+00
9.241110801696777344e+00
9.242509841918945312e+00
9.243932723999023438e+00
9.245347023010253906e+00
9.246753692626953125e+00
9.248184204101562500e+00
9.249583244323730469e+00
9.250990867614746094e+00
9.252420425415039062e+00
9.253820419311523438e+00
9.255242347717285156e+00
9.256687164306640625e+00
9.258087158203125000e+00
9.259478569030761719e+00
9.260924339294433594e+00
9.262315750122070312e+00
9.263731002807617188e+00
9.270773887634277344e+00
9.272203445434570312e+00
9.273610115051269531e+00
9.275040626525878906e+00
9.276470184326171875e+00
9.277862548828125000e+00
9.279261589050292969e+00
9.280676841735839844e+00
9.282098770141601562e+00
9.283513069152832031e+00
9.284913063049316406e+00
9.286334991455078125e+00
9.287765502929687500e+00
9.289187431335449219e+00
9.290587425231933594e+00
9.292016983032226562e+00
9.293408393859863281e+00
9.294823646545410156e+00
9.296253204345703125e+00
9.297660827636718750e+00
9.299090385437011719e+00
9.300504684448242188e+00
9.301881790161132812e+00
9.303296089172363281e+00
9.304718971252441406e+00
9.306125640869140625e+00
9.307563781738281250e+00
9.308955192565917969e+00
9.316043853759765625e+00
9.317436218261718750e+00
9.318873405456542969e+00
9.320295333862304688e+00
9.321687698364257812e+00
9.323124885559082031e+00
9.324517250061035156e+00
9.325939178466796875e+00
9.327345848083496094e+00
9.328753471374511719e+00
9.330175399780273438e+00
9.331583023071289062e+00
9.332989692687988281e+00
9.334412574768066406e+00
9.335803985595703125e+00
9.337256431579589844e+00
9.338648796081542969e+00
9.340040206909179688e+00
9.341478347778320312e+00
9.342885017395019531e+00
9.344307899475097656e+00
9.345699310302734375e+00
9.347121238708496094e+00
9.348528861999511719e+00
9.349935531616210938e+00
9.351388931274414062e+00
9.352765083312988281e+00
9.354202270507812500e+00
9.361284255981445312e+00
9.362706184387207031e+00
9.364082336425781250e+00
9.365505218505859375e+00
9.366911888122558594e+00
9.368319511413574219e+00
9.369756698608398438e+00
9.371164321899414062e+00
9.372570991516113281e+00
9.374008178710937500e+00
9.375415802001953125e+00
9.376807212829589844e+00
9.378214836120605469e+00
9.379636764526367188e+00
9.381013870239257812e+00
9.382496833801269531e+00
9.383857727050781250e+00
9.385311126708984375e+00
9.386717796325683594e+00
9.388125419616699219e+00
9.389547348022460938e+00
9.390954017639160156e+00
9.392361640930175781e+00
9.393783569335937500e+00
9.395221710205078125e+00
9.396613121032714844e+00
9.398005485534667969e+00
9.399412155151367188e+00
9.406523704528808594e+00
9.407916069030761719e+00
9.409322738647460938e+00
9.410744667053222656e+00
9.412137031555175781e+00
9.413589477539062500e+00
9.414966583251953125e+00
9.416388511657714844e+00
9.417810440063476562e+00
9.419218063354492188e+00
9.420639991760253906e+00
9.422032356262207031e+00
9.423454284667968750e+00
9.424877166748046875e+00
9.426299095153808594e+00
9.427690505981445312e+00
9.429113388061523438e+00
9.430520057678222656e+00
9.431942939758300781e+00
9.433349609375000000e+00
9.434772491455078125e+00
9.436194419860839844e+00
9.437585830688476562e+00
9.439008712768554688e+00
9.440415382385253906e+00
9.441823005676269531e+00
9.443229675292968750e+00
9.444683074951171875e+00
9.451718330383300781e+00
9.453155517578125000e+00
9.454577445983886719e+00
9.455969810485839844e+00
9.457406997680664062e+00
9.458799362182617188e+00
9.460206031799316406e+00
9.461628913879394531e+00
9.463035583496093750e+00
9.464457511901855469e+00
9.465849876403808594e+00
9.467287063598632812e+00
9.468709945678710938e+00
9.470086097717285156e+00
9.471524238586425781e+00
9.472930908203125000e+00
9.474322319030761719e+00
9.475760459899902344e+00
9.477182388305664062e+00
9.478574752807617188e+00
9.480011940002441406e+00
9.481433868408203125e+00
9.482810974121093750e+00
9.484248161315917969e+00
9.485655784606933594e+00
9.487062454223632812e+00
9.488500595092773438e+00
9.489876747131347656e+00
9.496934890747070312e+00
9.498388290405273438e+00
9.499794960021972656e+00
9.501216888427734375e+00
9.502655029296875000e+00
9.504015922546386719e+00
9.505438804626464844e+00
9.506860733032226562e+00
9.508282661437988281e+00
9.509720802307128906e+00
9.511081695556640625e+00
9.512535095214843750e+00
9.513926506042480469e+00
9.515349388122558594e+00
9.516786575317382812e+00
9.518162727355957031e+00
9.519600868225097656e+00
9.521007537841796875e+00
9.522399902343750000e+00
9.523821830749511719e+00
9.525229454040527344e+00
9.526666641235351562e+00
9.528027534484863281e+00
9.529496192932128906e+00
9.530872344970703125e+00
9.532295227050781250e+00
9.533747673034667969e+00
9.535139083862304688e+00
9.542205810546875000e+00
9.543612480163574219e+00
9.545034408569335938e+00
9.546411514282226562e+00
9.547879219055175781e+00
9.549256324768066406e+00
9.550708770751953125e+00
9.552116394042968750e+00
9.553523063659667969e+00
9.554899215698242188e+00
9.556337356567382812e+00
9.557759284973144531e+00
9.559136390686035156e+00
9.560558319091796875e+00
9.561996459960937500e+00
9.563403129577636719e+00
9.564840316772460938e+00
9.566232681274414062e+00
9.567639350891113281e+00
9.569062232971191406e+00
9.570484161376953125e+00
9.571890830993652344e+00
9.573298454284667969e+00
9.574720382690429688e+00
9.576112747192382812e+00
9.577534675598144531e+00
9.578942298889160156e+00
9.580348968505859375e+00
9.587445259094238281e+00
9.588852882385253906e+00
9.590244293212890625e+00
9.591650962829589844e+00
9.593089103698730469e+00
9.594511032104492188e+00
9.595918655395507812e+00
9.597340583801269531e+00
9.598731994628906250e+00
9.600170135498046875e+00
9.601546287536621094e+00
9.602961540222167969e+00
9.604406356811523438e+00
9.605836868286132812e+00
9.607220649719238281e+00
9.608634948730468750e+00
9.610050201416015625e+00
9.611464500427246094e+00
9.612833976745605469e+00
9.614324569702148438e+00
9.615709304809570312e+00
9.617108345031738281e+00
9.618522644042968750e+00
9.619953155517578125e+00
9.621352195739746094e+00
9.622782707214355469e+00
9.624166488647460938e+00
9.625627517700195312e+00
9.632685661315917969e+00
9.634069442749023438e+00
9.635499000549316406e+00
9.636898994445800781e+00
9.638328552246093750e+00
9.639728546142578125e+00
9.641158103942871094e+00
9.642558097839355469e+00
9.643957138061523438e+00
9.645386695861816406e+00
9.646832466125488281e+00
9.648200988769531250e+00
9.649616241455078125e+00
9.651045799255371094e+00
9.652430534362792969e+00
9.653875350952148438e+00
9.655274391174316406e+00
9.656689643859863281e+00
9.658119201660156250e+00
9.659549713134765625e+00
9.660933494567871094e+00
9.662378311157226562e+00
9.663747787475585938e+00
9.665162086486816406e+00
9.666577339172363281e+00
9.668022155761718750e+00
9.669406890869140625e+00
9.670836448669433594e+00
9.677909851074218750e+00
9.679309844970703125e+00
9.680739402770996094e+00
9.682153701782226562e+00
9.683538436889648438e+00
9.684952735900878906e+00
9.686367988586425781e+00
9.687812805175781250e+00
9.689211845397949219e+00
9.690657615661621094e+00
9.692041397094726562e+00
9.693456649780273438e+00
9.694855690002441406e+00
9.696255683898925781e+00
9.697639465332031250e+00
9.699130058288574219e+00
9.700514793395996094e+00
9.701929092407226562e+00
9.703344345092773438e+00
9.704743385314941406e+00
9.706173896789550781e+00
9.707572937011718750e+00
9.709017753601074219e+00
9.710417747497558594e+00
9.711816787719726562e+00
9.713247299194335938e+00
9.714646339416503906e+00
9.716075897216796875e+00
9.723119735717773438e+00
9.724549293518066406e+00
9.725948333740234375e+00
9.727378845214843750e+00
9.728793144226074219e+00
9.730193138122558594e+00
9.731622695922851562e+00
9.732992172241210938e+00
9.734482765197753906e+00
9.735851287841796875e+00
9.737266540527343750e+00
9.738726615905761719e+00
9.740065574645996094e+00
9.741525650024414062e+00
9.742910385131835938e+00
9.744355201721191406e+00
9.745723724365234375e+00
9.747169494628906250e+00
9.748538017272949219e+00
9.749999046325683594e+00
9.751428604125976562e+00
9.752842903137207031e+00
9.754227638244628906e+00
9.755626678466796875e+00
9.757057189941406250e+00
9.758456230163574219e+00
9.759902000427246094e+00
9.761301040649414062e+00
9.768359184265136719e+00
9.769789695739746094e+00
9.771188735961914062e+00
9.772633552551269531e+00
9.774018287658691406e+00
9.775447845458984375e+00
9.776878356933593750e+00
9.778262138366699219e+00
9.779691696166992188e+00
9.781091690063476562e+00
9.782505989074707031e+00
9.783921241760253906e+00
9.785350799560546875e+00
9.786750793457031250e+00
9.788165092468261719e+00
9.789564132690429688e+00
9.790994644165039062e+00
9.792408943176269531e+00
9.793808937072753906e+00
9.795223236083984375e+00
9.796684265136718750e+00
9.798037528991699219e+00
9.799497604370117188e+00
9.800867080688476562e+00
9.802311897277832031e+00
9.803696632385253906e+00
9.805141448974609375e+00
9.806480407714843750e+00
9.813599586486816406e+00
9.815029144287109375e+00
9.816412925720214844e+00
9.817843437194824219e+00
9.819227218627929688e+00
9.820688247680664062e+00
9.822087287902832031e+00
9.823502540588378906e+00
9.824947357177734375e+00
9.826300621032714844e+00
9.827792167663574219e+00
9.829145431518554688e+00
9.830545425415039062e+00
9.831990242004394531e+00
9.833390235900878906e+00
9.834865570068359375e+00
9.836203575134277344e+00
9.837649345397949219e+00
9.839002609252929688e+00
9.840494155883789062e+00
9.841893196105957031e+00
9.843322753906250000e+00
9.844722747802734375e+00
9.846091270446777344e+00
9.847537040710449219e+00
9.848905563354492188e+00
9.850351333618164062e+00
9.851780891418457031e+00
9.858823776245117188e+00
9.860223770141601562e+00
9.861638069152832031e+00
9.863082885742187500e+00
9.864498138427734375e+00
9.865897178649902344e+00
9.867327690124511719e+00
9.868726730346679688e+00
9.870141029357910156e+00
9.871571540832519531e+00
9.873001098632812500e+00
9.874370574951171875e+00
9.875784873962402344e+00
9.877230644226074219e+00
9.878614425659179688e+00
9.880043983459472656e+00
9.881443977355957031e+00
9.882873535156250000e+00
9.884258270263671875e+00
9.885672569274902344e+00
9.887118339538574219e+00
9.888486862182617188e+00
9.889946937561035156e+00
9.891346931457519531e+00
9.892730712890625000e+00
9.894207000732421875e+00
9.895621299743652344e+00
9.896989822387695312e+00
9.904094696044921875e+00
9.905463218688964844e+00
9.906877517700195312e+00
9.908323287963867188e+00
9.909737586975097656e+00
9.911107063293457031e+00
9.912536621093750000e+00
9.913936614990234375e+00
9.915381431579589844e+00
9.916795730590820312e+00
9.918210983276367188e+00
9.919640541076660156e+00
9.921010017395019531e+00
9.922439575195312500e+00
9.923824310302734375e+00
9.925269126892089844e+00
9.926683425903320312e+00
9.928113937377929688e+00
9.929512977600097656e+00
9.930943489074707031e+00
9.932388305664062500e+00
9.933726310729980469e+00
9.935156822204589844e+00
9.936586380004882812e+00
9.938001632690429688e+00
9.939385414123535156e+00
9.940831184387207031e+00
9.942260742187500000e+00
