-6.817852020263671875e+01
-6.825914001464843750e+01
-6.833975982666015625e+01
-6.842037200927734375e+01
-6.850099182128906250e+01
-6.858161163330078125e+01
-6.866224670410156250e+01
-6.874286651611328125e+01
-6.882347106933593750e+01
-6.890409851074218750e+01
-6.898471832275390625e+01
-6.906533050537109375e+01
-6.914595794677734375e+01
-6.922657775878906250e+01
-6.930719757080078125e+01
-6.938780975341796875e+01
-6.946843719482421875e+01
-6.954905700683593750e+01
-6.962966918945312500e+01
-6.971029663085937500e+01
-6.979090881347656250e+01
-6.987152862548828125e+01
-6.995216369628906250e+01
-7.003277587890625000e+01
-7.011339569091796875e+01
-7.019401550292968750e+01
-7.027464294433593750e+01
-7.035524749755859375e+01
-7.075835418701171875e+01
-7.083897399902343750e+01
-7.091958618164062500e+01
-7.100021362304687500e+01
-7.108083343505859375e+01
-7.116144561767578125e+01
-7.124206542968750000e+01
-7.132270050048828125e+01
-7.140330505371093750e+01
-7.148393249511718750e+01
-7.156454467773437500e+01
-7.164517211914062500e+01
-7.172577667236328125e+01
-7.180640411376953125e+01
-7.188703155517578125e+01
-7.196765136718750000e+01
-7.204827117919921875e+01
-7.212889862060546875e+01
-7.220950317382812500e+01
-7.229013061523437500e+01
-7.237075805664062500e+01
-7.245137023925781250e+01
-7.253199768066406250e+01
-7.261260223388671875e+01
-7.269321441650390625e+01
-7.277384948730468750e+01
-7.285446166992187500e+01
-7.293508911132812500e+01
-7.333818054199218750e+01
-7.341880035400390625e+01
-7.349941253662109375e+01
-7.358004760742187500e+01
-7.366065979003906250e+01
-7.374127960205078125e+01
-7.382190704345703125e+01
-7.390252685546875000e+01
-7.398314666748046875e+01
-7.406377410888671875e+01
-7.414437866210937500e+01
-7.422500610351562500e+01
-7.430563354492187500e+01
-7.438625335693359375e+01
-7.446685791015625000e+01
-7.454750823974609375e+01
-7.462811279296875000e+01
-7.470873260498046875e+01
-7.478935241699218750e+01
-7.486997222900390625e+01
-7.495059967041015625e+01
-7.503121185302734375e+01
-7.511183166503906250e+01
-7.519245147705078125e+01
-7.527307128906250000e+01
-7.535369110107421875e+01
-7.543431091308593750e+01
-7.551492309570312500e+01
-7.591802978515625000e+01
-7.599864959716796875e+01
-7.607924652099609375e+01
-7.615987396240234375e+01
-7.624051666259765625e+01
-7.632112121582031250e+01
-7.640176391601562500e+01
-7.648238372802734375e+01
-7.656298828125000000e+01
-7.664361572265625000e+01
-7.672422790527343750e+01
-7.680483245849609375e+01
-7.688546752929687500e+01
-7.696607971191406250e+01
-7.704669952392578125e+01
-7.712730407714843750e+01
-7.720795440673828125e+01
-7.728855895996093750e+01
-7.736916351318359375e+01
-7.744979858398437500e+01
-7.753041839599609375e+01
-7.761102294921875000e+01
-7.769165039062500000e+01
-7.777228546142578125e+01
-7.785289001464843750e+01
-7.793350219726562500e+01
-7.801412963867187500e+01
-7.809474945068359375e+01
-7.849785614013671875e+01
-7.857848358154296875e+01
-7.865910339355468750e+01
-7.873970794677734375e+01
-7.882035064697265625e+01
-7.890095520019531250e+01
-7.898158264160156250e+01
-7.906218719482421875e+01
-7.914281463623046875e+01
-7.922344970703125000e+01
-7.930403900146484375e+01
-7.938467407226562500e+01
-7.946531677246093750e+01
-7.954592895507812500e+01
-7.962653350830078125e+01
-7.970714569091796875e+01
-7.978778076171875000e+01
-7.986839294433593750e+01
-7.994900512695312500e+01
-8.002964019775390625e+01
-8.011026763916015625e+01
-8.019087982177734375e+01
-8.027148437500000000e+01
-8.035211944580078125e+01
-8.043274688720703125e+01
-8.051335144042968750e+01
-8.059397125244140625e+01
-8.067460632324218750e+01
-8.107772064208984375e+01
-8.115832519531250000e+01
-8.123892974853515625e+01
-8.131955718994140625e+01
-8.140018463134765625e+01
-8.148078155517578125e+01
-8.156142425537109375e+01
-8.164205169677734375e+01
-8.172265625000000000e+01
-8.180329132080078125e+01
-8.188391876220703125e+01
-8.196452331542968750e+01
-8.204514312744140625e+01
-8.212578582763671875e+01
-8.220639038085937500e+01
-8.228701019287109375e+01
-8.236763000488281250e+01
-8.244824218750000000e+01
-8.252884674072265625e+01
-8.260945892333984375e+01
-8.269010162353515625e+01
-8.277072143554687500e+01
-8.285132598876953125e+01
-8.293196105957031250e+01
-8.301257324218750000e+01
-8.309320831298828125e+01
-8.317381286621093750e+01
-8.325442504882812500e+01
-8.365752410888671875e+01
-8.373814392089843750e+01
-8.381877136230468750e+01
-8.389937591552734375e+01
-8.397998809814453125e+01
-8.406060028076171875e+01
-8.414124298095703125e+01
-8.422183990478515625e+01
-8.430247497558593750e+01
-8.438311767578125000e+01
-8.446372985839843750e+01
-8.454432678222656250e+01
-8.462494659423828125e+01
-8.470560455322265625e+01
-8.478621673583984375e+01
-8.486684417724609375e+01
-8.494747161865234375e+01
-8.502806854248046875e+01
-8.510868835449218750e+01
-8.518930053710937500e+01
-8.526994323730468750e+01
-8.535055541992187500e+01
-8.543116760253906250e+01
-8.551177978515625000e+01
-8.559240722656250000e+01
-8.567304229736328125e+01
-8.575363922119140625e+01
-8.583428192138671875e+01
-8.623739624023437500e+01
-8.631800079345703125e+01
-8.639863586425781250e+01
-8.647924041748046875e+01
-8.655982971191406250e+01
-8.664045715332031250e+01
-8.672109222412109375e+01
-8.680170440673828125e+01
-8.688233947753906250e+01
-8.696296691894531250e+01
-8.704357147216796875e+01
-8.712418365478515625e+01
-8.720478057861328125e+01
-8.728543853759765625e+01
-8.736605072021484375e+01
-8.744665527343750000e+01
-8.752726745605468750e+01
-8.760791015625000000e+01
-8.768854522705078125e+01
-8.776913452148437500e+01
-8.784980773925781250e+01
-8.793041229248046875e+01
-8.801102447509765625e+01
-8.809163665771484375e+01
-8.817224121093750000e+01
-8.825288391113281250e+01
-8.833349609375000000e+01
-8.841410064697265625e+01
-8.881719207763671875e+01
-8.889783477783203125e+01
-8.897846221923828125e+01
-8.905908966064453125e+01
-8.913970184326171875e+01
-8.922031402587890625e+01
-8.930094909667968750e+01
-8.938150024414062500e+01
-8.946215057373046875e+01
-8.954281616210937500e+01
-8.962342834472656250e+01
-8.970403289794921875e+01
-8.978463745117187500e+01
-8.986528778076171875e+01
-8.994588470458984375e+01
-9.002650451660156250e+01
-9.010714721679687500e+01
-9.018774414062500000e+01
-9.026835632324218750e+01
-9.034897613525390625e+01
-9.042961120605468750e+01
-9.051025390625000000e+01
-9.059081268310546875e+01
-9.067147064208984375e+01
-9.075205230712890625e+01
-9.083270263671875000e+01
-9.091333770751953125e+01
-9.099398040771484375e+01
-9.139700317382812500e+01
-9.147764587402343750e+01
-9.155827331542968750e+01
-9.163885498046875000e+01
-9.171949768066406250e+01
-9.180010986328125000e+01
-9.188071441650390625e+01
-9.196133422851562500e+01
-9.204199981689453125e+01
-9.212260437011718750e+01
-9.220326995849609375e+01
-9.228387451171875000e+01
-9.236451721191406250e+01
-9.244506072998046875e+01
-9.252571105957031250e+01
-9.260634613037109375e+01
-9.268698120117187500e+01
-9.276757049560546875e+01
-9.284823608398437500e+01
-9.292881774902343750e+01
-9.300946807861328125e+01
-9.309001159667968750e+01
-9.317070770263671875e+01
-9.325129699707031250e+01
-9.333193206787109375e+01
-9.341254425048828125e+01
-9.349317932128906250e+01
-9.357376861572265625e+01
-9.397685241699218750e+01
-9.405747222900390625e+01
-9.413810729980468750e+01
-9.421877288818359375e+01
-9.429937744140625000e+01
-9.437998199462890625e+01
-9.446057891845703125e+01
-9.454119873046875000e+01
-9.462183380126953125e+01
-9.470243835449218750e+01
-9.478307342529296875e+01
-9.486367797851562500e+01
-9.494429779052734375e+01
-9.502495574951171875e+01
-9.510554504394531250e+01
-9.518614959716796875e+01
-9.526676940917968750e+01
-9.534740447998046875e+01
-9.542800903320312500e+01
-9.550865173339843750e+01
-9.558930206298828125e+01
-9.566989135742187500e+01
-9.575054168701171875e+01
-9.583110046386718750e+01
-9.591178131103515625e+01
-9.599236297607421875e+01
-9.607301330566406250e+01
-9.615363311767578125e+01
-9.655675506591796875e+01
-9.663732910156250000e+01
-9.671800994873046875e+01
-9.679858398437500000e+01
-9.687912750244140625e+01
-9.695983886718750000e+01
-9.704040527343750000e+01
-9.712102508544921875e+01
-9.720170593261718750e+01
-9.728229522705078125e+01
-9.736291503906250000e+01
-9.744353485107421875e+01
-9.752416229248046875e+01
-9.760478210449218750e+01
-9.768540191650390625e+01
-9.776602172851562500e+01
-9.784661102294921875e+01
-9.792727661132812500e+01
-9.800782012939453125e+01
-9.808853912353515625e+01
-9.816909790039062500e+01
-9.824970245361328125e+01
-9.833032226562500000e+01
-9.841098785400390625e+01
-9.849157714843750000e+01
-9.857225036621093750e+01
-9.865285491943359375e+01
-9.873345947265625000e+01
-9.913655090332031250e+01
-9.921717071533203125e+01
-9.929779052734375000e+01
-9.937839508056640625e+01
-9.945903015136718750e+01
-9.953963470458984375e+01
-9.962024688720703125e+01
-9.970092773437500000e+01
-9.978151702880859375e+01
-9.986212158203125000e+01
-9.994277191162109375e+01
-1.000233612060546875e+02
-1.001039657592773438e+02
-1.001845932006835938e+02
-1.002652130126953125e+02
-1.003458175659179688e+02
-1.004264526367187500e+02
-1.005070953369140625e+02
-1.005877304077148438e+02
-1.006683425903320312e+02
-1.007488861083984375e+02
-1.008296432495117188e+02
-1.009101562500000000e+02
-1.009908370971679688e+02
-1.010714111328125000e+02
-1.011520385742187500e+02
-1.012326736450195312e+02
-1.013133392333984375e+02
-1.017164001464843750e+02
-1.017970809936523438e+02
-1.018776550292968750e+02
-1.019582748413085938e+02
-1.020388031005859375e+02
-1.021194839477539062e+02
-1.022001266479492188e+02
-1.022807464599609375e+02
-1.023613204956054688e+02
-1.024420013427734375e+02
-1.025226364135742188e+02
-1.026031494140625000e+02
-1.026838836669921875e+02
-1.027644119262695312e+02
-1.028450622558593750e+02
-1.029256668090820312e+02
-1.030063323974609375e+02
-1.030869369506835938e+02
-1.031675567626953125e+02
-1.032481689453125000e+02
-1.033287887573242188e+02
-1.034093627929687500e+02
-1.034900436401367188e+02
-1.035706481933593750e+02
-1.036512527465820312e+02
-1.037318344116210938e+02
-1.038125457763671875e+02
-1.038930892944335938e+02
-1.042962417602539062e+02
-1.043768157958984375e+02
-1.044574356079101562e+02
-1.045381011962890625e+02
-1.046186904907226562e+02
-1.046993255615234375e+02
-1.047799072265625000e+02
-1.048605728149414062e+02
-1.049411926269531250e+02
-1.050217666625976562e+02
-1.051024169921875000e+02
-1.051829910278320312e+02
-1.052636871337890625e+02
-1.053442535400390625e+02
-1.054249191284179688e+02
-1.055055389404296875e+02
-1.055861129760742188e+02
-1.056667480468750000e+02
-1.057473526000976562e+02
-1.058280410766601562e+02
-1.059086151123046875e+02
-1.059893112182617188e+02
-1.060698699951171875e+02
-1.061504745483398438e+02
-1.062310943603515625e+02
-1.063117065429687500e+02
-1.063923568725585938e+02
-1.064729309082031250e+02
-1.068760528564453125e+02
-1.069566574096679688e+02
-1.070372619628906250e+02
-1.071179504394531250e+02
-1.071985549926757812e+02
-1.072791442871093750e+02
-1.073597869873046875e+02
-1.074403457641601562e+02
-1.075209960937500000e+02
-1.076016616821289062e+02
-1.076822509765625000e+02
-1.077629165649414062e+02
-1.078435134887695312e+02
-1.079241180419921875e+02
-1.080047378540039062e+02
-1.080853424072265625e+02
-1.081659622192382812e+02
-1.082466278076171875e+02
-1.083271255493164062e+02
-1.084078598022460938e+02
-1.084884490966796875e+02
-1.085690994262695312e+02
-1.086496734619140625e+02
-1.087303848266601562e+02
-1.088108978271484375e+02
-1.088915557861328125e+02
-1.089721298217773438e+02
-1.090527801513671875e+02
-1.094559173583984375e+02
-1.095365219116210938e+02
-1.096171417236328125e+02
-1.096977767944335938e+02
-1.097784118652343750e+02
-1.098590011596679688e+02
-1.099396438598632812e+02
-1.100202331542968750e+02
-1.101008529663085938e+02
-1.101814422607421875e+02
-1.102620620727539062e+02
-1.103426666259765625e+02
-1.104233627319335938e+02
-1.105039596557617188e+02
-1.105845642089843750e+02
-1.106651687622070312e+02
-1.107457885742187500e+02
-1.108264541625976562e+02
-1.109070129394531250e+02
-1.109876861572265625e+02
-1.110683364868164062e+02
-1.111488800048828125e+02
-1.112295150756835938e+02
-1.113101806640625000e+02
-1.113908157348632812e+02
-1.114714126586914062e+02
-1.115520172119140625e+02
-1.116326065063476562e+02
-1.120356674194335938e+02
-1.121163330078125000e+02
-1.121970291137695312e+02
-1.122776184082031250e+02
-1.123582534790039062e+02
-1.124388275146484375e+02
-1.125194549560546875e+02
-1.126000595092773438e+02
-1.126807403564453125e+02
-1.127613449096679688e+02
-1.128419494628906250e+02
-1.129225082397460938e+02
-1.130031814575195312e+02
-1.130838012695312500e+02
-1.131643600463867188e+02
-1.132451019287109375e+02
-1.133256759643554688e+02
-1.134063110351562500e+02
-1.134869003295898438e+02
-1.135675430297851562e+02
-1.136481323242187500e+02
-1.137287597656250000e+02
-1.138093948364257812e+02
-1.138900299072265625e+02
-1.139706192016601562e+02
-1.140512619018554688e+02
-1.141318054199218750e+02
-1.142124710083007812e+02
-1.146155929565429688e+02
-1.146961822509765625e+02
-1.147767868041992188e+02
-1.148574066162109375e+02
-1.149380722045898438e+02
-1.150187072753906250e+02
-1.150992584228515625e+02
-1.151799240112304688e+02
-1.152604522705078125e+02
-1.153411331176757812e+02
-1.154217987060546875e+02
-1.155024185180664062e+02
-1.155829315185546875e+02
-1.156635742187500000e+02
-1.157442245483398438e+02
-1.158248596191406250e+02
-1.159053878784179688e+02
-1.159860839843750000e+02
-1.160667343139648438e+02
-1.161473617553710938e+02
-1.162279052734375000e+02
-1.163085861206054688e+02
-1.163891754150390625e+02
-1.164698257446289062e+02
-1.165503845214843750e+02
-1.166310882568359375e+02
-1.167117080688476562e+02
-1.167922973632812500e+02
-1.171953735351562500e+02
-1.172760391235351562e+02
-1.173567352294921875e+02
-1.174372329711914062e+02
-1.175178070068359375e+02
-1.175985183715820312e+02
-1.176791610717773438e+02
-1.177597503662109375e+02
-1.178403396606445312e+02
-1.179209747314453125e+02
-1.180015945434570312e+02
-1.180821838378906250e+02
-1.181628875732421875e+02
-1.182435531616210938e+02
-1.183240966796875000e+02
-1.184046859741210938e+02
-1.184853668212890625e+02
-1.185659103393554688e+02
-1.186465911865234375e+02
-1.187272033691406250e+02
-1.188078231811523438e+02
-1.188884124755859375e+02
-1.189691085815429688e+02
-1.190496978759765625e+02
-1.191303329467773438e+02
-1.192108688354492188e+02
-1.192915344238281250e+02
-1.193722000122070312e+02
-1.197752609252929688e+02
-1.198558044433593750e+02
-1.199364852905273438e+02
-1.200170898437500000e+02
-1.200977706909179688e+02
-1.201782226562500000e+02
-1.202589721679687500e+02
-1.203395538330078125e+02
-1.204201583862304688e+02
-1.205009002685546875e+02
-1.205813827514648438e+02
-1.206621093750000000e+02
-1.207425765991210938e+02
-1.208232803344726562e+02
-1.209040069580078125e+02
-1.209845046997070312e+02
-1.210652008056640625e+02
-1.211457595825195312e+02
-1.212264251708984375e+02
-1.213069915771484375e+02
-1.213875961303710938e+02
-1.214682312011718750e+02
-1.215489120483398438e+02
-1.216295623779296875e+02
-1.217100906372070312e+02
-1.217907333374023438e+02
-1.218713378906250000e+02
-1.219519577026367188e+02
-1.223550491333007812e+02
-1.224356384277343750e+02
-1.225163192749023438e+02
-1.225969390869140625e+02
-1.226775436401367188e+02
-1.227581176757812500e+02
-1.228388366699218750e+02
-1.229193801879882812e+02
-1.229999694824218750e+02
-1.230806655883789062e+02
-1.231613311767578125e+02
-1.232418289184570312e+02
-1.233225021362304688e+02
-1.234031524658203125e+02
-1.234837722778320312e+02
-1.235643310546875000e+02
-1.236449966430664062e+02
-1.237256927490234375e+02
-1.238062515258789062e+02
-1.238868179321289062e+02
-1.239674224853515625e+02
-1.240481033325195312e+02
-1.241287536621093750e+02
-1.242093429565429688e+02
-1.242899322509765625e+02
-1.243706054687500000e+02
-1.244513015747070312e+02
-1.245318450927734375e+02
-1.249349517822265625e+02
-1.250155563354492188e+02
-1.250961761474609375e+02
-1.251767044067382812e+02
-1.252573852539062500e+02
-1.253380508422851562e+02
-1.254186935424804688e+02
-1.254992218017578125e+02
-1.255799179077148438e+02
-1.256604766845703125e+02
-1.257410507202148438e+02
-1.258217163085937500e+02
-1.259023971557617188e+02
-1.259830093383789062e+02
-1.260634765625000000e+02
-1.261441268920898438e+02
-1.262248229980468750e+02
-1.263055038452148438e+02
-1.263860015869140625e+02
-1.264666748046875000e+02
-1.265473251342773438e+02
-1.266278686523437500e+02
-1.267085037231445312e+02
-1.267891540527343750e+02
-1.268697891235351562e+02
-1.269503936767578125e+02
-1.270309982299804688e+02
-1.271117095947265625e+02
-1.275147857666015625e+02
-1.275954360961914062e+02
-1.276760253906250000e+02
-1.277565536499023438e+02
-1.278372344970703125e+02
-1.279178390502929688e+02
-1.279983749389648438e+02
-1.280791320800781250e+02
-1.281596832275390625e+02
-1.282403717041015625e+02
-1.283209075927734375e+02
-1.284015655517578125e+02
-1.284821777343750000e+02
-1.285628051757812500e+02
-1.286434020996093750e+02
-1.287240905761718750e+02
-1.288047180175781250e+02
-1.288852844238281250e+02
-1.289658813476562500e+02
-1.290465240478515625e+02
-1.291271972656250000e+02
-1.292078247070312500e+02
-1.292883911132812500e+02
-1.293690795898437500e+02
-1.294496154785156250e+02
-1.295301971435546875e+02
-1.296108551025390625e+02
-1.296915283203125000e+02
-1.300945739746093750e+02
-1.301752624511718750e+02
-1.302558593750000000e+02
-1.303364715576171875e+02
-1.304170074462890625e+02
-1.304977264404296875e+02
-1.305783386230468750e+02
-1.306589050292968750e+02
-1.307394866943359375e+02
-1.308202209472656250e+02
-1.309008026123046875e+02
-1.309814300537109375e+02
-1.310620269775390625e+02
-1.311425933837890625e+02
-1.312232513427734375e+02
-1.313037872314453125e+02
-1.313845214843750000e+02
-1.314651184082031250e+02
-1.315457305908203125e+02
-1.316263580322265625e+02
-1.317070007324218750e+02
-1.317875976562500000e+02
-1.318681945800781250e+02
-1.319488677978515625e+02
-1.320294952392578125e+02
-1.321101074218750000e+02
-1.321906280517578125e+02
-1.322713012695312500e+02
-1.326744537353515625e+02
-1.327549896240234375e+02
-1.328356628417968750e+02
-1.329162292480468750e+02
-1.329969329833984375e+02
-1.330775604248046875e+02
-1.331581420898437500e+02
-1.332387390136718750e+02
-1.333193359375000000e+02
-1.333999786376953125e+02
-1.334806518554687500e+02
-1.335612487792968750e+02
-1.336418914794921875e+02
-1.337225036621093750e+02
-1.338030395507812500e+02
-1.338837432861328125e+02
-1.339643402099609375e+02
-1.340449981689453125e+02
-1.341255340576171875e+02
-1.342062530517578125e+02
-1.342868804931640625e+02
-1.343673553466796875e+02
-1.344479675292968750e+02
-1.345287017822265625e+02
-1.346093444824218750e+02
-1.346899414062500000e+02
-1.347705841064453125e+02
-1.348512420654296875e+02
-1.352542572021484375e+02
-1.353348083496093750e+02
-1.354155883789062500e+02
-1.354960784912109375e+02
-1.355767364501953125e+02
-1.356573791503906250e+02
-1.357380218505859375e+02
-1.358185729980468750e+02
-1.358992156982421875e+02
-1.359798431396484375e+02
-1.360604705810546875e+02
-1.361410522460937500e+02
-1.362217254638671875e+02
-1.363022460937500000e+02
-1.363829803466796875e+02
-1.364635162353515625e+02
-1.365442810058593750e+02
-1.366247558593750000e+02
-1.367054443359375000e+02
-1.367860717773437500e+02
-1.368665924072265625e+02
-1.369473114013671875e+02
-1.370279235839843750e+02
-1.371084899902343750e+02
-1.371890411376953125e+02
-1.372697448730468750e+02
-1.373503570556640625e+02
-1.374309387207031250e+02
-1.378340301513671875e+02
-1.379147796630859375e+02
-1.379953155517578125e+02
-1.380759277343750000e+02
-1.381565093994140625e+02
-1.382371826171875000e+02
-1.383178253173828125e+02
-1.383983612060546875e+02
-1.384790344238281250e+02
-1.385597076416015625e+02
-1.386402893066406250e+02
-1.387209167480468750e+02
-1.388015441894531250e+02
-1.388822174072265625e+02
-1.389627532958984375e+02
-1.390433197021484375e+02
-1.391240692138671875e+02
-1.392046356201171875e+02
-1.392852783203125000e+02
-1.393657836914062500e+02
-1.394465026855468750e+02
-1.395271606445312500e+02
-1.396076660156250000e+02
-1.396884460449218750e+02
-1.397690429687500000e+02
-1.398495483398437500e+02
-1.399301605224609375e+02
-1.400108184814453125e+02
