4.310620880126953125e+01
4.270757675170898438e+01
4.230893707275390625e+01
4.191030502319335938e+01
4.151166534423828125e+01
4.111302947998046875e+01
4.071439361572265625e+01
4.031576156616210938e+01
3.991712188720703125e+01
3.951848602294921875e+01
3.911985015869140625e+01
3.872121429443359375e+01
3.832257843017578125e+01
3.792394256591796875e+01
3.752531433105468750e+01
3.712667465209960938e+01
3.672803878784179688e+01
3.632940292358398438e+01
3.593076705932617188e+01
3.553213882446289062e+01
3.513349151611328125e+01
3.473486328125000000e+01
3.433622360229492188e+01
3.393758773803710938e+01
3.353895568847656250e+01
3.314031982421875000e+01
3.274168395996093750e+01
3.234305191040039062e+01
3.034987258911132812e+01
2.995123291015625000e+01
2.955260086059570312e+01
2.915396499633789062e+01
2.875532913208007812e+01
2.835669326782226562e+01
2.795804595947265625e+01
2.755941581726074219e+01
2.716078376770019531e+01
2.676215362548828125e+01
2.636351776123046875e+01
2.596487808227539062e+01
2.556624412536621094e+01
2.516761016845703125e+01
2.476897048950195312e+01
2.437033462524414062e+01
2.397168922424316406e+01
2.357307052612304688e+01
2.317443275451660156e+01
2.277578926086425781e+01
2.237716102600097656e+01
2.197851562500000000e+01
2.157989120483398438e+01
2.118125343322753906e+01
2.078261566162109375e+01
2.038397979736328125e+01
1.998535156250000000e+01
1.958670425415039062e+01
1.759353065490722656e+01
1.719489479064941406e+01
1.679625701904296875e+01
1.639760589599609375e+01
1.599898815155029297e+01
1.560034942626953125e+01
1.520172214508056641e+01
1.480307102203369141e+01
1.440445327758789062e+01
1.400581836700439453e+01
1.360717964172363281e+01
1.320853614807128906e+01
1.280990505218505859e+01
1.241126632690429688e+01
1.201263236999511719e+01
1.161398983001708984e+01
1.121535301208496094e+01
1.081672477722167969e+01
1.041809177398681641e+01
1.001946258544921875e+01
9.620810508728027344e+00
9.222180366516113281e+00
8.823551177978515625e+00
8.424902915954589844e+00
8.026272773742675781e+00
7.627632141113281250e+00
7.228995323181152344e+00
6.830380916595458984e+00
4.837187767028808594e+00
4.438554286956787109e+00
4.039921283721923828e+00
3.641291618347167969e+00
3.242650747299194336e+00
2.844006061553955078e+00
2.445365190505981445e+00
2.046758651733398438e+00
1.648106217384338379e+00
1.249457716941833496e+00
8.508358597755432129e-01
4.522140026092529297e-01
5.356927216053009033e-02
-3.450716435909271240e-01
-7.437201738357543945e-01
-1.142349720001220703e+00
-1.540990591049194336e+00
-1.939608573913574219e+00
-2.338257074356079102e+00
-2.736905574798583984e+00
-3.135500907897949219e+00
-3.534164667129516602e+00
-3.932786464691162109e+00
-4.331423759460449219e+00
-4.730068206787109375e+00
-5.128694057464599609e+00
-5.527334690093994141e+00
-5.925975799560546875e+00
-7.919126987457275391e+00
-8.317783355712890625e+00
-8.716423988342285156e+00
-9.115056991577148438e+00
-9.513721466064453125e+00
-9.912327766418457031e+00
-1.031097602844238281e+01
-1.070960617065429688e+01
-1.110825824737548828e+01
-1.150684928894042969e+01
-1.190550899505615234e+01
-1.230415439605712891e+01
-1.270277595520019531e+01
-1.310140514373779297e+01
-1.350005817413330078e+01
-1.389867973327636719e+01
-1.429732418060302734e+01
-1.469593143463134766e+01
-1.509461402893066406e+01
-1.549322795867919922e+01
-1.589184188842773438e+01
-1.629047203063964844e+01
-1.668911743164062500e+01
-1.708775329589843750e+01
-1.748641395568847656e+01
-1.788502693176269531e+01
-1.828366470336914062e+01
-1.868234825134277344e+01
-2.067547988891601562e+01
-2.107411766052246094e+01
-2.147273826599121094e+01
-2.187137603759765625e+01
-2.227004432678222656e+01
-2.266866493225097656e+01
-2.306730270385742188e+01
-2.346591758728027344e+01
-2.386453819274902344e+01
-2.426321411132812500e+01
-2.466184997558593750e+01
-2.506047248840332031e+01
-2.545911026000976562e+01
-2.585775375366210938e+01
-2.625636100769042969e+01
-2.665502166748046875e+01
-2.705365753173828125e+01
-2.745228004455566406e+01
-2.785092544555664062e+01
-2.824955368041992188e+01
-2.864820671081542969e+01
-2.904685974121093750e+01
-2.944548034667968750e+01
-2.984411811828613281e+01
-3.024274826049804688e+01
-3.064139175415039062e+01
-3.104000663757324219e+01
-3.143865203857421875e+01
-3.343181991577148438e+01
-3.383045196533203125e+01
-3.422910308837890625e+01
-3.462770843505859375e+01
-3.502636337280273438e+01
-3.542499923706054688e+01
-3.582363510131835938e+01
-3.622229766845703125e+01
-3.662091827392578125e+01
-3.701955413818359375e+01
-3.741815567016601562e+01
-3.781682205200195312e+01
-3.821545791625976562e+01
-3.861408233642578125e+01
-3.901270294189453125e+01
-3.941136932373046875e+01
-3.980999374389648438e+01
-4.020863723754882812e+01
-4.060724258422851562e+01
-4.100592041015625000e+01
-4.140457153320312500e+01
-4.180316925048828125e+01
-4.220181655883789062e+01
-4.260043716430664062e+01
-4.299907302856445312e+01
-4.339770126342773438e+01
-4.379637908935546875e+01
-4.419499206542968750e+01
-4.618815612792968750e+01
-4.658680725097656250e+01
-4.698540496826171875e+01
-4.738407516479492188e+01
-4.778269577026367188e+01
-4.818135452270507812e+01
-4.858000183105468750e+01
-4.897859191894531250e+01
-4.937724304199218750e+01
-4.977585983276367188e+01
-5.017452621459960938e+01
-5.057313156127929688e+01
-5.097177886962890625e+01
-5.137043762207031250e+01
-5.176908874511718750e+01
-5.216767501831054688e+01
-5.256634902954101562e+01
-5.296498489379882812e+01
-5.336361694335937500e+01
-5.376224517822265625e+01
-5.416088867187500000e+01
-5.455953598022460938e+01
-5.495811843872070312e+01
-5.535680770874023438e+01
-5.575543975830078125e+01
-5.615403747558593750e+01
-5.655268096923828125e+01
-5.695132446289062500e+01
-5.894451904296875000e+01
-5.934310150146484375e+01
-5.974177932739257812e+01
-6.014039230346679688e+01
-6.053902053833007812e+01
-6.093766784667968750e+01
-6.133631134033203125e+01
-6.173492431640625000e+01
-6.213358688354492188e+01
-6.253221511840820312e+01
-6.293085861206054688e+01
-6.332952117919921875e+01
-6.372814941406250000e+01
-6.412676239013671875e+01
-6.452539062500000000e+01
-6.492398834228515625e+01
-6.532270050048828125e+01
-6.572131347656250000e+01
-6.611995697021484375e+01
-6.651858520507812500e+01
-6.691719818115234375e+01
-6.731587219238281250e+01
-6.771449279785156250e+01
-6.811307525634765625e+01
-6.851176452636718750e+01
-6.891039276123046875e+01
-6.930906677246093750e+01
-6.970769500732421875e+01
-7.170082855224609375e+01
-7.209945678710937500e+01
-7.249812316894531250e+01
-7.289679718017578125e+01
-7.329534912109375000e+01
-7.369400787353515625e+01
-7.409268188476562500e+01
-7.449132537841796875e+01
-7.488993072509765625e+01
-7.528854370117187500e+01
-7.568721771240234375e+01
-7.608587646484375000e+01
-7.648444366455078125e+01
-7.688314819335937500e+01
-7.728175354003906250e+01
-7.768039703369140625e+01
-7.807902526855468750e+01
-7.847762298583984375e+01
-7.887629699707031250e+01
-7.927492523193359375e+01
-7.967358398437500000e+01
-8.007221984863281250e+01
-8.047080230712890625e+01
-8.086946105957031250e+01
-8.126810455322265625e+01
-8.166671752929687500e+01
-8.206533050537109375e+01
-8.246407318115234375e+01
-8.445724487304687500e+01
-8.485581970214843750e+01
-8.525450897216796875e+01
-8.565307617187500000e+01
-8.605175018310546875e+01
-8.645036315917968750e+01
-8.684896087646484375e+01
-8.724764251708984375e+01
-8.764624023437500000e+01
-8.804489898681640625e+01
-8.844357299804687500e+01
-8.884210968017578125e+01
-8.924075317382812500e+01
-8.963949584960937500e+01
-9.003807830810546875e+01
-9.043675231933593750e+01
-9.083531951904296875e+01
-9.123396301269531250e+01
-9.163266754150390625e+01
-9.203125762939453125e+01
-9.242988586425781250e+01
-9.282855987548828125e+01
-9.322715759277343750e+01
-9.362575531005859375e+01
-9.402442932128906250e+01
-9.442307281494140625e+01
-9.482176971435546875e+01
-9.522036743164062500e+01
-9.721351623535156250e+01
-9.761219024658203125e+01
-9.801078796386718750e+01
-9.840935516357421875e+01
-9.880810546875000000e+01
-9.920662689208984375e+01
-9.960532379150390625e+01
-1.000039978027343750e+02
-1.004026260375976562e+02
-1.008012084960937500e+02
-1.011999130249023438e+02
-1.015984954833984375e+02
-1.019971466064453125e+02
-1.023957748413085938e+02
-1.027944030761718750e+02
-1.031930770874023438e+02
-1.035917053222656250e+02
-1.039903182983398438e+02
-1.043889846801757812e+02
-1.047875976562500000e+02
-1.051862564086914062e+02
-1.055848388671875000e+02
-1.059835586547851562e+02
-1.063821563720703125e+02
-1.067808074951171875e+02
-1.071794204711914062e+02
-1.075780639648437500e+02
-1.079766769409179688e+02
-1.099697952270507812e+02
-1.103684844970703125e+02
-1.107671127319335938e+02
-1.111657257080078125e+02
-1.115644302368164062e+02
-1.119630508422851562e+02
-1.123616333007812500e+02
-1.127602920532226562e+02
-1.131589660644531250e+02
-1.135575790405273438e+02
-1.139562072753906250e+02
-1.143548889160156250e+02
-1.147534866333007812e+02
-1.151521148681640625e+02
-1.155507583618164062e+02
-1.159493865966796875e+02
-1.163480148315429688e+02
-1.167466506958007812e+02
-1.171453399658203125e+02
-1.175439529418945312e+02
-1.179425964355468750e+02
-1.183411941528320312e+02
-1.187398681640625000e+02
-1.191384735107421875e+02
-1.195371170043945312e+02
-1.199357604980468750e+02
-1.203343582153320312e+02
-1.207330474853515625e+02
-1.227262268066406250e+02
-1.231248397827148438e+02
-1.235234985351562500e+02
-1.239221267700195312e+02
-1.243207473754882812e+02
-1.247194061279296875e+02
-1.251180343627929688e+02
-1.255166015625000000e+02
-1.259153060913085938e+02
-1.263139190673828125e+02
-1.267125396728515625e+02
-1.271111831665039062e+02
-1.275098266601562500e+02
-1.279084701538085938e+02
-1.283070983886718750e+02
-1.287057495117187500e+02
-1.291043243408203125e+02
-1.295030212402343750e+02
-1.299016571044921875e+02
-1.303002777099609375e+02
-1.306989288330078125e+02
-1.310975341796875000e+02
-1.314962158203125000e+02
-1.318947906494140625e+02
-1.322934570312500000e+02
-1.326921081542968750e+02
-1.330907287597656250e+02
-1.334893188476562500e+02
-1.354825286865234375e+02
-1.358812103271484375e+02
-1.362797546386718750e+02
-1.366784362792968750e+02
-1.370770568847656250e+02
-1.374757080078125000e+02
-1.378743133544921875e+02
-1.382729492187500000e+02
-1.386716156005859375e+02
-1.390702362060546875e+02
-1.394688720703125000e+02
-1.398675537109375000e+02
-1.402662048339843750e+02
-1.406647796630859375e+02
-1.410634002685546875e+02
-1.414620971679687500e+02
-1.418606872558593750e+02
-1.422593841552734375e+02
-1.426579742431640625e+02
-1.430566253662109375e+02
-1.434552001953125000e+02
-1.438539123535156250e+02
-1.442524871826171875e+02
-1.446511993408203125e+02
-1.450497894287109375e+02
-1.454484252929687500e+02
-1.458471069335937500e+02
-1.462456512451171875e+02
-1.482388763427734375e+02
-1.486374969482421875e+02
-1.490361022949218750e+02
-1.494347839355468750e+02
-1.498334045410156250e+02
-1.502320098876953125e+02
-1.506307525634765625e+02
-1.510293579101562500e+02
-1.514279785156250000e+02
-1.518265838623046875e+02
-1.522252349853515625e+02
-1.526238250732421875e+02
-1.530225524902343750e+02
-1.534212036132812500e+02
-1.538197784423828125e+02
-1.542183990478515625e+02
-1.546170349121093750e+02
-1.550156555175781250e+02
-1.554143371582031250e+02
-1.558129425048828125e+02
-1.562116546630859375e+02
-1.566102294921875000e+02
-1.570088500976562500e+02
-1.574075622558593750e+02
-1.578061676025390625e+02
-1.582047271728515625e+02
-1.586033935546875000e+02
-1.590020446777343750e+02
-1.609952087402343750e+02
-1.613938140869140625e+02
-1.617924957275390625e+02
-1.621910858154296875e+02
-1.625897827148437500e+02
-1.629884338378906250e+02
-1.633870086669921875e+02
-1.637856597900390625e+02
-1.641842346191406250e+02
-1.645829772949218750e+02
-1.649815979003906250e+02
-1.653802032470703125e+02
-1.657788848876953125e+02
-1.661774902343750000e+02
-1.665761108398437500e+02
-1.669747161865234375e+02
-1.673733673095703125e+02
-1.677721099853515625e+02
-1.681706237792968750e+02
-1.685692138671875000e+02
-1.689678802490234375e+02
-1.693665924072265625e+02
-1.697651824951171875e+02
-1.701638488769531250e+02
-1.705625305175781250e+02
-1.709610443115234375e+02
-1.713597564697265625e+02
-1.717583618164062500e+02
-1.737515563964843750e+02
-1.741501770019531250e+02
-1.745488586425781250e+02
-1.749474945068359375e+02
-1.753460845947265625e+02
-1.757447204589843750e+02
-1.761434631347656250e+02
-1.765420074462890625e+02
-1.769405670166015625e+02
-1.773392486572265625e+02
-1.777379455566406250e+02
-1.781365356445312500e+02
-1.785351715087890625e+02
-1.789338226318359375e+02
-1.793324737548828125e+02
-1.797310180664062500e+02
-1.801297607421875000e+02
-1.805283660888671875e+02
-1.809270172119140625e+02
-1.813255920410156250e+02
-1.817242736816406250e+02
-1.821229248046875000e+02
-1.825214996337890625e+02
-1.829200592041015625e+02
-1.833187255859375000e+02
-1.837175292968750000e+02
-1.841160430908203125e+02
-1.845147552490234375e+02
-1.865078582763671875e+02
-1.869065093994140625e+02
-1.873051452636718750e+02
-1.877038269042968750e+02
-1.881024017333984375e+02
-1.885011444091796875e+02
-1.888997192382812500e+02
-1.892984008789062500e+02
-1.896969909667968750e+02
-1.900956573486328125e+02
-1.904942474365234375e+02
-1.908929138183593750e+02
-1.912915954589843750e+02
-1.916901550292968750e+02
-1.920886688232421875e+02
-1.924874114990234375e+02
-1.928861389160156250e+02
-1.932846679687500000e+02
-1.936833648681640625e+02
-1.940819549560546875e+02
-1.944805755615234375e+02
-1.948790893554687500e+02
-1.952779235839843750e+02
-1.956765289306640625e+02
-1.960751190185546875e+02
-1.964738159179687500e+02
-1.968724365234375000e+02
-1.972711486816406250e+02
-1.992642211914062500e+02
-1.996628265380859375e+02
-2.000615997314453125e+02
-2.004600830078125000e+02
-2.008587036132812500e+02
-2.012574310302734375e+02
-2.016561431884765625e+02
-2.020546417236328125e+02
-2.024533081054687500e+02
-2.028520202636718750e+02
-2.032506256103515625e+02
-2.036492462158203125e+02
-2.040478363037109375e+02
-2.044464721679687500e+02
-2.048450927734375000e+02
-2.052436676025390625e+02
-2.056425628662109375e+02
-2.060410156250000000e+02
-2.064396362304687500e+02
-2.068383789062500000e+02
-2.072369232177734375e+02
-2.076355743408203125e+02
-2.080342102050781250e+02
-2.084328918457031250e+02
-2.088316040039062500e+02
-2.092300872802734375e+02
-2.096286468505859375e+02
-2.100274353027343750e+02
-2.120205383300781250e+02
-2.124190979003906250e+02
-2.128177947998046875e+02
-2.132164459228515625e+02
-2.136150817871093750e+02
-2.140137329101562500e+02
-2.144124450683593750e+02
-2.148110198974609375e+02
-2.152096099853515625e+02
-2.156083374023437500e+02
-2.160069580078125000e+02
-2.164057006835937500e+02
-2.168041534423828125e+02
-2.172028045654296875e+02
-2.176014709472656250e+02
-2.180000610351562500e+02
-2.183987884521484375e+02
-2.187974395751953125e+02
-2.191959686279296875e+02
-2.195946655273437500e+02
-2.199933166503906250e+02
-2.203919219970703125e+02
-2.207904815673828125e+02
-2.211892242431640625e+02
-2.215878601074218750e+02
-2.219864196777343750e+02
-2.223850250244140625e+02
-2.227838287353515625e+02
-2.247769622802734375e+02
-2.251754455566406250e+02
-2.255741882324218750e+02
-2.259729156494140625e+02
-2.263714752197265625e+02
-2.267700042724609375e+02
-2.271687927246093750e+02
-2.275673828125000000e+02
-2.279659881591796875e+02
-2.283647003173828125e+02
-2.287632598876953125e+02
-2.291619262695312500e+02
-2.295605773925781250e+02
-2.299593353271484375e+02
-2.303578033447265625e+02
-2.307563171386718750e+02
-2.311550903320312500e+02
-2.315537414550781250e+02
-2.319523773193359375e+02
-2.323509063720703125e+02
-2.327496643066406250e+02
-2.331482849121093750e+02
-2.335468139648437500e+02
-2.339454803466796875e+02
-2.343442840576171875e+02
-2.347428588867187500e+02
-2.351413269042968750e+02
-2.355399932861328125e+02
-2.375333099365234375e+02
-2.379319305419921875e+02
-2.383305206298828125e+02
-2.387291564941406250e+02
-2.391278686523437500e+02
-2.395264739990234375e+02
-2.399250946044921875e+02
-2.403237304687500000e+02
-2.407223815917968750e+02
-2.411209411621093750e+02
-2.415196380615234375e+02
-2.419182281494140625e+02
-2.423168334960937500e+02
-2.427155456542968750e+02
-2.431141510009765625e+02
-2.435127105712890625e+02
-2.439114532470703125e+02
-2.443099975585937500e+02
-2.447087402343750000e+02
-2.451073150634765625e+02
-2.455059356689453125e+02
-2.459046173095703125e+02
-2.463032226562500000e+02
-2.467017517089843750e+02
-2.471004791259765625e+02
-2.474993133544921875e+02
-2.478977966308593750e+02
-2.482963562011718750e+02
-2.502896728515625000e+02
-2.506882324218750000e+02
-2.510869598388671875e+02
-2.514855194091796875e+02
-2.518840026855468750e+02
-2.522828674316406250e+02
-2.526813812255859375e+02
-2.530800933837890625e+02
-2.534787445068359375e+02
-2.538773498535156250e+02
-2.542759399414062500e+02
-2.546746063232421875e+02
-2.550731964111328125e+02
-2.554718322753906250e+02
-2.558705139160156250e+02
-2.562691345214843750e+02
-2.566677551269531250e+02
-2.570663757324218750e+02
-2.574650878906250000e+02
-2.578636779785156250e+02
-2.582622985839843750e+02
-2.586609497070312500e+02
-2.590596618652343750e+02
-2.594582824707031250e+02
-2.598568725585937500e+02
-2.602554321289062500e+02
-2.606542053222656250e+02
-2.610527648925781250e+02
-2.630459594726562500e+02
-2.634446105957031250e+02
-2.638432617187500000e+02
-2.642418518066406250e+02
-2.646404724121093750e+02
-2.650390625000000000e+02
-2.654377746582031250e+02
-2.658363647460937500e+02
-2.662350769042968750e+02
-2.666336364746093750e+02
-2.670322570800781250e+02
-2.674308776855468750e+02
-2.678295288085937500e+02
-2.682283630371093750e+02
-2.686267395019531250e+02
-2.690254516601562500e+02
-2.694240722656250000e+02
-2.698226928710937500e+02
-2.702212829589843750e+02
-2.706200866699218750e+02
-2.710187072753906250e+02
-2.714172973632812500e+02
-2.718158264160156250e+02
-2.722145080566406250e+02
-2.726130981445312500e+02
-2.730117492675781250e+02
-2.734104614257812500e+02
-2.738091125488281250e+02
-2.758023071289062500e+02
-2.762008972167968750e+02
-2.765995788574218750e+02
-2.769982299804687500e+02
-2.773967285156250000e+02
-2.777954406738281250e+02
-2.781940612792968750e+02
-2.785926208496093750e+02
-2.789913635253906250e+02
-2.793899536132812500e+02
-2.797886657714843750e+02
-2.801872253417968750e+02
-2.805858459472656250e+02
-2.809846191406250000e+02
-2.813831481933593750e+02
-2.817817382812500000e+02
-2.821804809570312500e+02
-2.825791625976562500e+02
-2.829777221679687500e+02
-2.833761901855468750e+02
-2.837750549316406250e+02
-2.841736145019531250e+02
-2.845722045898437500e+02
-2.849708862304687500e+02
-2.853695983886718750e+02
-2.857681274414062500e+02
-2.861668090820312500e+02
-2.865654602050781250e+02
-2.885587158203125000e+02
-2.889573059082031250e+02
-2.893558044433593750e+02
-2.897544555664062500e+02
-2.901530151367187500e+02
-2.905516967773437500e+02
-2.909504394531250000e+02
-2.913491821289062500e+02
-2.917476501464843750e+02
-2.921464233398437500e+02
-2.925450134277343750e+02
-2.929435424804687500e+02
-2.933421936035156250e+02
-2.937409973144531250e+02
-2.941395263671875000e+02
-2.945382385253906250e+02
-2.949367065429687500e+02
-2.953353881835937500e+02
-2.957340393066406250e+02
-2.961325988769531250e+02
-2.965314025878906250e+02
-2.969299926757812500e+02
-2.973286743164062500e+02
-2.977272033691406250e+02
-2.981258544921875000e+02
-2.985244750976562500e+02
-2.989230346679687500e+02
-2.993218994140625000e+02
-3.013148498535156250e+02
-3.017135620117187500e+02
-3.021122131347656250e+02
-3.025108337402343750e+02
-3.029095458984375000e+02
-3.033081359863281250e+02
-3.037069396972656250e+02
-3.041055297851562500e+02
-3.045039367675781250e+02
-3.049026489257812500e+02
-3.053014526367187500e+02
-3.056999816894531250e+02
-3.060985412597656250e+02
-3.064972839355468750e+02
-3.068959350585937500e+02
-3.072944335937500000e+02
-3.076930541992187500e+02
-3.080917663574218750e+02
-3.084904174804687500e+02
-3.088890686035156250e+02
-3.092876892089843750e+02
-3.096863098144531250e+02
-3.100849304199218750e+02
-3.104834594726562500e+02
-3.108822021484375000e+02
-3.112808227539062500e+02
-3.116795654296875000e+02
-3.120781860351562500e+02
