-2.55329589,
-2.57573909,
-2.64185836,
-2.43559783,
-2.40183335,
-2.48978704,
-2.46491543,
-2.53418770,
-2.41932270,
-2.39954154,
-2.43505491,
-2.30513602,
-2.39109593,
-2.34445328,
-2.27543874,
-2.35726614,
-2.21437207,
-2.25687492,
-2.29316322,
-2.14288100,
-2.16936419,
-2.33189072,
-2.39415316,
-2.35920058,
-2.39260862,
-2.51346116,
-2.43886761,
-2.42350098,
-2.42216835,
-2.33318585,
-2.34140547,
-2.20235032,
-2.22899486,
-2.26323153,
-2.14106034,
-2.28225794,
-2.22540105,
-2.15793657,
-2.11034759,
-2.10274439,
-1.97665962,
-1.98899006,
-1.97195478,
-1.96895985,
-2.03541244,
-2.07611624,
-2.04398643,
-1.85535454,
-1.83751672,
-1.58730116,
-1.59570081,
-1.38281190,
-1.44665815,
-1.38897940,
-1.43501709,
-1.47861583,
-1.57364226,
-1.52440833,
-1.36999649,
-1.40794952,
-1.34868295,
-1.45106618,
-1.30579205,
-1.25541128,
-1.30653840,
-1.25497383,
-1.29845413,
-1.44394940,
-1.44543862,
-1.46601526,
-1.53856708,
-1.52296091,
-1.53135227,
-1.46646483,
-1.40836675,
-1.41534325,
-1.45043723,
-1.40940560,
-1.47176045,
-1.42338877,
-1.36224616,
-1.34414814,
-1.28764797,
-1.20335750