6.599449515342712402e-01
6.605672240257263184e-01
6.900277137756347656e-01
3.937405049800872803e-01
-4.663522541522979736e-01
-9.925210475921630859e-01
-1.131082057952880859e+00
-2.780103683471679688e-01
2.016267627477645874e-01
7.010352015495300293e-01
6.599449515342712402e-01
6.605621576309204102e-01
6.116901636123657227e-01
6.901409476995468140e-02
-1.036714196205139160e+00
-1.518725156784057617e+00
-1.863950490951538086e+00
-7.982949614524841309e-01
5.271763205528259277e-01
1.829149961471557617e+00
6.612949371337890625e-01
7.033009529113769531e-01
5.204709768295288086e-01
-2.904452681541442871e-01
-1.338933348655700684e+00
-1.761706471443176270e+00
-1.940323948860168457e+00
-2.099248915910720825e-01
8.389475345611572266e-01
1.529805779457092285e+00
6.738915443420410156e-01
7.752503752708435059e-01
2.734412848949432373e-01
-9.451455473899841309e-01
-1.991144299507141113e+00
-2.058270692825317383e+00
-9.858237504959106445e-01
5.298305749893188477e-01
1.114184617996215820e+00
1.417813777923583984e+00
6.991196274757385254e-01
6.708636283874511719e-01
-7.342059910297393799e-02
-1.563646316528320312e+00
-2.359115123748779297e+00
-2.022347450256347656e+00
-1.131256520748138428e-01
6.479715108871459961e-01
1.733417272567749023e+00
1.207787275314331055e+00
7.058745026588439941e-01
3.851212263107299805e-01
-1.974299848079681396e-01
-1.848508834838867188e+00
-2.132999658584594727e+00
-1.740887045860290527e+00
-1.458937525749206543e-01
3.131245076656341553e-01
1.780226349830627441e+00
6.781445145606994629e-01
6.399736404418945312e-01
1.173397600650787354e-01
-7.228953838348388672e-01
-2.454752206802368164e+00
-2.215622186660766602e+00
-1.761291027069091797e+00
1.539520174264907837e-01
1.665651559829711914e+00
1.716268420219421387e+00
4.140190780162811279e-01
2.818394601345062256e-01
-4.358172118663787842e-01
-1.902279973030090332e+00
-2.300196647644042969e+00
-2.150763988494873047e+00
-9.106003642082214355e-01
1.445947051048278809e+00
2.153022527694702148e+00
9.688257575035095215e-01
4.470595419406890869e-01
-1.783632487058639526e-02
-1.019845724105834961e+00
-1.968883395195007324e+00
-2.268528223037719727e+00
-2.401513099670410156e+00
-6.552684307098388672e-01
1.419533014297485352e+00
1.187011837959289551e+00
4.073106944561004639e-01
5.868709087371826172e-01
-2.072610408067703247e-01
-1.614299774169921875e+00
-1.788022637367248535e+00
-2.246974468231201172e+00
-1.695523500442504883e+00
-2.579282522201538086e-01
9.725636839866638184e-01
3.251121044158935547e-01
5.042203068733215332e-01
6.331009864807128906e-01
