-6.788313274753561189e+25
-7.369419378383346585e+25
-7.997067539648304865e+25
-8.674721595916876840e+25
-9.406083347556054175e+25
-7.837934488287160573e+26
-8.414142889131655714e+26
-9.029993342990552682e+26
-9.687998296406690717e+26
-1.039086351780080154e+27
-6.605063023977425324e+27
-7.030109064001073480e+27
-7.480749149770254397e+27
-7.958412387441846499e+27
-8.464616427544282020e+27
-4.358513812204318494e+28
-4.607735758864467446e+28
-4.870285168212571111e+28
-5.146837810892328135e+28
-5.438088347013368642e+28
-2.366276597028586491e+29
-2.487956869719392066e+29
-2.615490987902362852e+29
-2.749143215205880236e+29
-2.889189337832543805e+29
