-7.232235107421875000e+02
-7.271678466796875000e+02
-7.311284179687500000e+02
-7.351043701171875000e+02
-7.390965576171875000e+02
-7.431052246093750000e+02
-7.471286621093750000e+02
-7.511692504882812500e+02
-7.552244873046875000e+02
-7.592963867187500000e+02
-7.633839721679687500e+02
-7.674887084960937500e+02
-7.716083984375000000e+02
-7.757446289062500000e+02
-8.574631347656250000e+02
-8.619315185546875000e+02
-8.664180908203125000e+02
-8.709196777343750000e+02
-8.754393310546875000e+02
-8.799770507812500000e+02
-8.845318603515625000e+02
-8.891036376953125000e+02
-8.936923828125000000e+02
-8.982985229492187500e+02
-9.029220581054687500e+02
-9.075632934570312500e+02
-9.122224121093750000e+02
-9.168990478515625000e+02
-1.009136840820312500e+03
-1.014172241210937500e+03
-1.019226806640625000e+03
-1.024300415039062500e+03
-1.029391967773437500e+03
-1.034501953125000000e+03
-1.039630126953125000e+03
-1.044777954101562500e+03
-1.049944335937500000e+03
-1.055129760742187500e+03
-1.060333618164062500e+03
-1.065556640625000000e+03
-1.070797363281250000e+03
-1.076057617187500000e+03
-1.179667236328125000e+03
-1.185315917968750000e+03
-1.190984008789062500e+03
-1.196672607421875000e+03
-1.202381958007812500e+03
-1.208111328125000000e+03
-1.213860717773437500e+03
-1.219628540039062500e+03
-1.225417602539062500e+03
-1.231227050781250000e+03
-1.237056396484375000e+03
-1.242907714843750000e+03
-1.248777099609375000e+03
-1.254668090820312500e+03
-1.370530761718750000e+03
-1.376840209960937500e+03
-1.383171142578125000e+03
-1.389522583007812500e+03
-1.395894775390625000e+03
-1.402289306640625000e+03
-1.408705688476562500e+03
-1.415145019531250000e+03
-1.421604370117187500e+03
-1.428083740234375000e+03
-1.434587890625000000e+03
-1.441111572265625000e+03
-1.447659790039062500e+03
-1.454228027343750000e+03
-1.583262695312500000e+03
-1.590280273437500000e+03
-1.597319335937500000e+03
-1.604383544921875000e+03
-1.611470947265625000e+03
-1.618580200195312500e+03
-1.625712524414062500e+03
-1.632867431640625000e+03
-1.640046264648437500e+03
-1.647249389648437500e+03
-1.654474853515625000e+03
-1.661724609375000000e+03
-1.668996948242187500e+03
-1.676292236328125000e+03
-1.819449096679687500e+03
-1.827224975585937500e+03
-1.835026123046875000e+03
-1.842851440429687500e+03
-1.850701416015625000e+03
-1.858576660156250000e+03
-1.866477539062500000e+03
-1.874401489257812500e+03
-1.882349243164062500e+03
-1.890322021484375000e+03
-1.898322875976562500e+03
-1.906346801757812500e+03
-1.914398193359375000e+03
-1.922470947265625000e+03
-2.080729736328125000e+03
-2.089319335937500000e+03
-2.097932128906250000e+03
-2.106573242187500000e+03
-2.115238281250000000e+03
-2.123931640625000000e+03
-2.132651367187500000e+03
-2.141396240234375000e+03
-2.150169189453125000e+03
-2.158968994140625000e+03
-2.167792480468750000e+03
-2.176645996093750000e+03
-2.185524902343750000e+03
-2.194430419921875000e+03
-2.368807617187500000e+03
-2.378260253906250000e+03
-2.387740234375000000e+03
-2.397250000000000000e+03
-2.406786621093750000e+03
-2.416350830078125000e+03
-2.425944824218750000e+03
-2.435567382812500000e+03
-2.445215820312500000e+03
-2.454891601562500000e+03
-2.464600341796875000e+03
-2.474333740234375000e+03
-2.484097900390625000e+03
-2.493890625000000000e+03
-2.685427490234375000e+03
-2.695805664062500000e+03
-2.706207519531250000e+03
-2.716640625000000000e+03
-2.727102539062500000e+03
-2.737595458984375000e+03
-2.748119140625000000e+03
-2.758671875000000000e+03
-2.769255859375000000e+03
-2.779869873046875000e+03
-2.790511718750000000e+03
-2.801185302734375000e+03
-2.811889160156250000e+03
-2.822623291015625000e+03
-3.032404785156250000e+03
-3.043756591796875000e+03
-3.055141601562500000e+03
-3.066559326171875000e+03
-3.078002441406250000e+03
-3.089482910156250000e+03
-3.100994384765625000e+03
-3.112535156250000000e+03
-3.124107910156250000e+03
-3.135718261718750000e+03
-3.147354736328125000e+03
-3.159024902343750000e+03
-3.170727539062500000e+03
-3.182460693359375000e+03
-3.411605468750000000e+03
-3.423990966796875000e+03
-3.436410644531250000e+03
-3.448869873046875000e+03
-3.461362304687500000e+03
-3.473884521484375000e+03
-3.486439453125000000e+03
-3.499031494140625000e+03
-3.511660156250000000e+03
-3.524314208984375000e+03
-3.537006347656250000e+03
-3.549738525390625000e+03
-3.562491455078125000e+03
-3.575286865234375000e+03
-3.824928466796875000e+03
-3.838416748046875000e+03
-3.851941894531250000e+03
-3.865499511718750000e+03
-3.879092529296875000e+03
-3.892722412109375000e+03
-3.906387695312500000e+03
-3.920089355468750000e+03
-3.933825439453125000e+03
-3.947599121093750000e+03
-3.961403320312500000e+03
-3.975249755859375000e+03
-3.989134277343750000e+03
-4.003043701171875000e+03
-4.274369140625000000e+03
-4.289011718750000000e+03
-4.303702148437500000e+03
-4.318426757812500000e+03
-4.333187011718750000e+03
-4.347985839843750000e+03
-4.362819335937500000e+03
-4.377692382812500000e+03
-4.392601562500000000e+03
-4.407553222656250000e+03
-4.422541503906250000e+03
-4.437567382812500000e+03
-4.452626953125000000e+03
-4.467730957031250000e+03
