-3.424718741789500737e+24
-3.661767473587200723e+24
-3.914114320829528962e+24
-4.182689114709950875e+24
-4.468447915386161691e+24
-2.562068284397519624e+25
-2.717598317706186966e+25
-2.881938515984457991e+25
-3.055555581857397549e+25
-3.238929591839523931e+25
-1.526315886460857292e+26
-1.608819133797963999e+26
-1.695486733609710637e+26
-1.786512930111193368e+26
-1.882101744291867419e+26
-7.584029075638044614e+26
-7.953499650560136172e+26
-8.339778898682191873e+26
-8.743579602195219854e+26
-9.165644058080746189e+26
-3.250342869099089136e+27
-3.394464771789787839e+27
-3.544556631158549311e+27
-3.700850138310939344e+27
-3.863581706719006601e+27
