3.114545345306396484e-01
3.113111257553100586e-01
3.111667931079864502e-01
3.110215067863464355e-01
3.108753263950347900e-01
3.107282221317291260e-01
3.105801939964294434e-01
3.104313015937805176e-01
3.102814257144927979e-01
3.101307749748229980e-01
3.064127564430236816e-01
3.062401711940765381e-01
3.060666918754577637e-01
3.058923184871673584e-01
3.057169318199157715e-01
3.055406808853149414e-01
3.053636550903320312e-01
3.051855564117431641e-01
3.050065934658050537e-01
3.048267066478729248e-01
3.004385232925415039e-01
3.002367913722991943e-01
3.000342249870300293e-01
2.998306453227996826e-01
2.996262311935424805e-01
2.994208037853240967e-01
2.992146313190460205e-01
2.990073859691619873e-01
2.987993955612182617e-01
2.985903620719909668e-01
2.935319840908050537e-01
2.933012247085571289e-01
2.930694818496704102e-01
2.928367853164672852e-01
2.926030158996582031e-01
2.923685908317565918e-01
2.921332120895385742e-01
2.918969094753265381e-01
2.916597127914428711e-01
2.914215922355651855e-01
2.856930792331695557e-01
2.854330539703369141e-01
2.851722240447998047e-01
2.849103808403015137e-01
2.846476435661315918e-01
2.843838930130004883e-01
2.841195166110992432e-01
2.838539481163024902e-01
2.835877537727355957e-01
2.833203971385955811e-01
2.769216597080230713e-01
2.766325175762176514e-01
2.763424813747406006e-01
2.760515511035919189e-01
2.757598161697387695e-01
2.754670083522796631e-01
2.751733064651489258e-01
2.748786211013793945e-01
2.745831608772277832e-01
2.742867767810821533e-01
2.672179937362670898e-01
2.668997049331665039e-01
2.665805816650390625e-01
2.662605047225952148e-01
2.659393846988677979e-01
2.656174898147583008e-01
2.652946710586547852e-01
2.649711370468139648e-01
2.646464109420776367e-01
2.643209695816040039e-01
2.565818727016448975e-01
2.562346458435058594e-01
2.558860778808593750e-01
2.555369138717651367e-01
2.551867961883544922e-01
2.548357844352722168e-01
2.544837892055511475e-01
2.541309595108032227e-01
2.537772357463836670e-01
2.534225285053253174e-01
2.450135052204132080e-01
2.446368336677551270e-01
2.442593872547149658e-01
2.438810467720031738e-01
2.435017973184585571e-01
2.431215643882751465e-01
2.427404522895812988e-01
2.423585504293441772e-01
2.419756203889846802e-01
2.415917813777923584e-01
2.325125485658645630e-01
2.321068644523620605e-01
2.317003458738327026e-01
2.312926948070526123e-01
2.308842986822128296e-01
2.304750084877014160e-01
2.300647497177124023e-01
2.296537309885025024e-01
2.292416095733642578e-01
2.288286983966827393e-01
