1.864101028442382812e+01
1.865310668945312500e+01
1.866519927978515625e+01
1.867729377746582031e+01
1.868938636779785156e+01
1.870148468017578125e+01
1.871357727050781250e+01
1.872567176818847656e+01
1.873776054382324219e+01
1.874986076354980469e+01
1.876195907592773438e+01
1.877404403686523438e+01
1.878614616394042969e+01
1.879823112487792969e+01
1.881033515930175781e+01
1.882242584228515625e+01
1.883452987670898438e+01
1.884661293029785156e+01
1.885870933532714844e+01
1.887080383300781250e+01
1.888289642333984375e+01
1.889498901367187500e+01
1.890708732604980469e+01
1.891918754577636719e+01
1.893127822875976562e+01
1.894336700439453125e+01
1.895545768737792969e+01
1.896755790710449219e+01
1.902803230285644531e+01
1.904012680053710938e+01
1.905221939086914062e+01
1.906430435180664062e+01
1.907640647888183594e+01
1.908849525451660156e+01
1.910058593750000000e+01
1.911268234252929688e+01
1.912478065490722656e+01
1.913686943054199219e+01
1.914897346496582031e+01
1.916106414794921875e+01
1.917314910888671875e+01
1.918525886535644531e+01
1.919734764099121094e+01
1.920944786071777344e+01
1.922152709960937500e+01
1.923362731933593750e+01
1.924572181701660156e+01
1.925781822204589844e+01
1.926990890502929688e+01
1.928200531005859375e+01
1.929410362243652344e+01
1.930619621276855469e+01
1.931828880310058594e+01
1.933038330078125000e+01
1.934247970581054688e+01
1.935457420349121094e+01
1.941504096984863281e+01
1.942713737487792969e+01
1.943922805786132812e+01
1.945132446289062500e+01
1.946341896057128906e+01
1.947551918029785156e+01
1.948760032653808594e+01
1.949969863891601562e+01
1.951178359985351562e+01
1.952388572692871094e+01
1.953598213195800781e+01
1.954807662963867188e+01
1.956016921997070312e+01
1.957226562500000000e+01
1.958436775207519531e+01
1.959644889831542969e+01
1.960854721069335938e+01
1.962063598632812500e+01
1.963273620605468750e+01
1.964482688903808594e+01
1.965692329406738281e+01
1.966901779174804688e+01
1.968111038208007812e+01
1.969320487976074219e+01
1.970530128479003906e+01
1.971739768981933594e+01
1.972948837280273438e+01
1.974158477783203125e+01
1.980205154418945312e+01
1.981414604187011719e+01
1.982623863220214844e+01
1.983833312988281250e+01
1.985043334960937500e+01
1.986252403259277344e+01
1.987461662292480469e+01
1.988670730590820312e+01
1.989880752563476562e+01
1.991089248657226562e+01
1.992299079895019531e+01
1.993508338928222656e+01
1.994718551635742188e+01
1.995927429199218750e+01
1.997136878967285156e+01
1.998346519470214844e+01
1.999555778503417969e+01
2.000765609741210938e+01
2.001974105834960938e+01
2.003184318542480469e+01
2.004392814636230469e+01
2.005602645874023438e+01
2.006812286376953125e+01
2.008021163940429688e+01
2.009230995178222656e+01
2.010440254211425781e+01
2.011650085449218750e+01
2.012859725952148438e+01
2.018906784057617188e+01
2.020115852355957031e+01
2.021325111389160156e+01
2.022534370422363281e+01
2.023743438720703125e+01
2.024953079223632812e+01
2.026163291931152344e+01
2.027372550964355469e+01
2.028581237792968750e+01
2.029791259765625000e+01
2.031000137329101562e+01
2.032209587097167969e+01
2.033418846130371094e+01
2.034628677368164062e+01
2.035837173461914062e+01
2.037047767639160156e+01
2.038257026672363281e+01
2.039466667175292969e+01
2.040675735473632812e+01
2.041885375976562500e+01
2.043094444274902344e+01
2.044304084777832031e+01
2.045513534545898438e+01
2.046722793579101562e+01
2.047932052612304688e+01
2.049141502380371094e+01
2.050350761413574219e+01
2.051560211181640625e+01
2.057607650756835938e+01
2.058816909790039062e+01
2.060026359558105469e+01
2.061235237121582031e+01
2.062445449829101562e+01
2.063654327392578125e+01
2.064863586425781250e+01
2.066073417663574219e+01
2.067283058166503906e+01
2.068492507934570312e+01
2.069701766967773438e+01
2.070911216735839844e+01
2.072120094299316406e+01
2.073329353332519531e+01
2.074539566040039062e+01
2.075748443603515625e+01
2.076957511901855469e+01
2.078167533874511719e+01
2.079376983642578125e+01
2.080586624145507812e+01
2.081796264648437500e+01
2.083005332946777344e+01
2.084214973449707031e+01
2.085424804687500000e+01
2.086633682250976562e+01
2.087842750549316406e+01
2.089052009582519531e+01
2.090261650085449219e+01
2.096308898925781250e+01
2.097518539428710938e+01
2.098727416992187500e+01
2.099936866760253906e+01
2.101146125793457031e+01
2.102355957031250000e+01
2.103564834594726562e+01
2.104774284362792969e+01
2.105983924865722656e+01
2.107193183898925781e+01
2.108403396606445312e+01
2.109612274169921875e+01
2.110822105407714844e+01
2.112030982971191406e+01
2.113240814208984375e+01
2.114449691772460938e+01
2.115658950805664062e+01
2.116868400573730469e+01
2.118078422546386719e+01
2.119287872314453125e+01
2.120496368408203125e+01
2.121706771850585938e+01
2.122916221618652344e+01
2.124125862121582031e+01
2.125334548950195312e+01
2.126543807983398438e+01
2.127753639221191406e+01
2.128962898254394531e+01
2.135009956359863281e+01
2.136219406127929688e+01
2.137429046630859375e+01
2.138638305664062500e+01
2.139847373962402344e+01
2.141056251525878906e+01
2.142266082763671875e+01
2.143475723266601562e+01
2.144685173034667969e+01
2.145894813537597656e+01
2.147103881835937500e+01
2.148313903808593750e+01
2.149523162841796875e+01
2.150733375549316406e+01
2.151941490173339844e+01
2.153150939941406250e+01
2.154360961914062500e+01
2.155569839477539062e+01
2.156779289245605469e+01
2.157988166809082031e+01
2.159198379516601562e+01
2.160406875610351562e+01
2.161617469787597656e+01
2.162826347351074219e+01
2.164035987854003906e+01
2.165245437622070312e+01
2.166454696655273438e+01
2.167664146423339844e+01
2.173711204528808594e+01
2.174920082092285156e+01
2.176129531860351562e+01
2.177339935302734375e+01
2.178549385070800781e+01
2.179758644104003906e+01
2.180967903137207031e+01
2.182176971435546875e+01
2.183386611938476562e+01
2.184595298767089844e+01
2.185805320739746094e+01
2.187014389038085938e+01
2.188224411010742188e+01
2.189433097839355469e+01
2.190643501281738281e+01
2.191852760314941406e+01
2.193062210083007812e+01
2.194271850585937500e+01
2.195480155944824219e+01
2.196689796447753906e+01
2.197899436950683594e+01
2.199109649658203125e+01
2.200317382812500000e+01
2.201527976989746094e+01
2.202737236022949219e+01
2.203947067260742188e+01
2.205156326293945312e+01
2.206365203857421875e+01
2.212412071228027344e+01
2.213621330261230469e+01
2.214830970764160156e+01
2.216040802001953125e+01
2.217250061035156250e+01
2.218459510803222656e+01
2.219669151306152344e+01
2.220878601074218750e+01
2.222087860107421875e+01
2.223296737670898438e+01
2.224506187438964844e+01
2.225715827941894531e+01
2.226925277709960938e+01
2.228134536743164062e+01
2.229344558715820312e+01
2.230554008483886719e+01
2.231762886047363281e+01
2.232973098754882812e+01
2.234181594848632812e+01
2.235391044616699219e+01
2.236600685119628906e+01
2.237809753417968750e+01
2.239019393920898438e+01
2.240228271484375000e+01
2.241438484191894531e+01
2.242647743225097656e+01
2.243856811523437500e+01
2.245066833496093750e+01
2.251113128662109375e+01
2.252322959899902344e+01
2.253532600402832031e+01
2.254742050170898438e+01
2.255950546264648438e+01
2.257160186767578125e+01
2.258370018005371094e+01
2.259579277038574219e+01
2.260789489746093750e+01
2.261998748779296875e+01
2.263208007812500000e+01
2.264417457580566406e+01
2.265626335144042969e+01
2.266835784912109375e+01
2.268045043945312500e+01
2.269254875183105469e+01
2.270463752746582031e+01
2.271673202514648438e+01
2.272883987426757812e+01
2.274092483520507812e+01
2.275301933288574219e+01
2.276511192321777344e+01
2.277720642089843750e+01
2.278930282592773438e+01
2.280139541625976562e+01
2.281348609924316406e+01
2.282557868957519531e+01
2.283767700195312500e+01
2.289815139770507812e+01
2.291024398803710938e+01
2.292233467102050781e+01
2.293443107604980469e+01
2.294652557373046875e+01
2.295861434936523438e+01
2.297071075439453125e+01
2.298280906677246094e+01
2.299489784240722656e+01
2.300699996948242188e+01
2.301909255981445312e+01
2.303118324279785156e+01
2.304328346252441406e+01
2.305537605285644531e+01
2.306746673583984375e+01
2.307955551147460938e+01
2.309165382385253906e+01
2.310374641418457031e+01
2.311583709716796875e+01
2.312793350219726562e+01
2.314002799987792969e+01
2.315212440490722656e+01
2.316422080993652344e+01
2.317631530761718750e+01
2.318841171264648438e+01
2.320050239562988281e+01
2.321259880065917969e+01
2.322468566894531250e+01
2.328516387939453125e+01
2.329725646972656250e+01
2.330934524536132812e+01
2.332143974304199219e+01
2.333353614807128906e+01
2.334563064575195312e+01
2.335771942138671875e+01
2.336981773376464844e+01
2.338191413879394531e+01
2.339400100708007812e+01
2.340609741210937500e+01
2.341819381713867188e+01
2.343029594421386719e+01
2.344238471984863281e+01
2.345447540283203125e+01
2.346656799316406250e+01
2.347865867614746094e+01
2.349075508117675781e+01
2.350284767150878906e+01
2.351493072509765625e+01
2.352703857421875000e+01
2.353912925720214844e+01
2.355122566223144531e+01
2.356331634521484375e+01
2.357542037963867188e+01
2.358750915527343750e+01
2.359960365295410156e+01
2.361169624328613281e+01
2.367217826843261719e+01
2.368426895141601562e+01
2.369636154174804688e+01
2.370846557617187500e+01
2.372055244445800781e+01
2.373264884948730469e+01
2.374473953247070312e+01
2.375683975219726562e+01
2.376892662048339844e+01
2.378102302551269531e+01
2.379311943054199219e+01
2.380521011352539062e+01
2.381730651855468750e+01
2.382940101623535156e+01
2.384149742126464844e+01
2.385359191894531250e+01
2.386568069458007812e+01
2.387777137756347656e+01
2.388986396789550781e+01
2.390195655822753906e+01
2.391405105590820312e+01
2.392615127563476562e+01
2.393824195861816406e+01
2.395033454895019531e+01
2.396243476867675781e+01
2.397453308105468750e+01
2.398661041259765625e+01
2.399871635437011719e+01
2.405918312072753906e+01
2.407127571105957031e+01
2.408338165283203125e+01
2.409546661376953125e+01
2.410756111145019531e+01
2.411966133117675781e+01
2.413175010681152344e+01
2.414384460449218750e+01
2.415594100952148438e+01
2.416802406311035156e+01
2.418012046813964844e+01
2.419221878051757812e+01
2.420431137084960938e+01
2.421640777587890625e+01
2.422849845886230469e+01
2.424059104919433594e+01
2.425268936157226562e+01
2.426477813720703125e+01
2.427686882019042969e+01
2.428896903991699219e+01
2.430106735229492188e+01
2.431314086914062500e+01
2.432524871826171875e+01
2.433734321594238281e+01
2.434943962097167969e+01
2.436153030395507812e+01
2.437362670898437500e+01
2.438572120666503906e+01
2.444619941711425781e+01
2.445829200744628906e+01
2.447038841247558594e+01
2.448248672485351562e+01
2.449456787109375000e+01
2.450666999816894531e+01
2.451876640319824219e+01
2.453086090087890625e+01
2.454294967651367188e+01
2.455504608154296875e+01
2.456714439392089844e+01
2.457923316955566406e+01
2.459133148193359375e+01
2.460342025756835938e+01
2.461552238464355469e+01
2.462760353088378906e+01
2.463970756530761719e+01
2.465179824829101562e+01
2.466389846801757812e+01
2.467599678039550781e+01
2.468807411193847656e+01
2.470018005371093750e+01
2.471227264404296875e+01
2.472436523437500000e+01
2.473645973205566406e+01
2.474855232238769531e+01
2.476063919067382812e+01
2.477274322509765625e+01
2.483320999145507812e+01
2.484530448913574219e+01
2.485739707946777344e+01
2.486948776245117188e+01
2.488158416748046875e+01
2.489367103576660156e+01
2.490577125549316406e+01
2.491786766052246094e+01
2.492995834350585938e+01
2.494205093383789062e+01
2.495415306091308594e+01
2.496624183654785156e+01
2.497833251953125000e+01
2.499042510986328125e+01
2.500252914428710938e+01
2.501461982727050781e+01
2.502670478820800781e+01
2.503881072998046875e+01
2.505090332031250000e+01
2.506298637390136719e+01
2.507509040832519531e+01
2.508717918395996094e+01
2.509927749633789062e+01
2.511137008666992188e+01
2.512346458435058594e+01
2.513556098937988281e+01
2.514764976501464844e+01
2.515974807739257812e+01
2.522022628784179688e+01
2.523232650756835938e+01
2.524442100524902344e+01
2.525650596618652344e+01
2.526860046386718750e+01
2.528070068359375000e+01
2.529278755187988281e+01
2.530488777160644531e+01
2.531697654724121094e+01
2.532907867431640625e+01
2.534115982055664062e+01
2.535325431823730469e+01
2.536535453796386719e+01
2.537745475769042969e+01
2.538953781127929688e+01
2.540164566040039062e+01
2.541372871398925781e+01
2.542582893371582031e+01
2.543791198730468750e+01
2.545000076293945312e+01
2.546210289001464844e+01
2.547420692443847656e+01
2.548628807067871094e+01
2.549838256835937500e+01
2.551048660278320312e+01
2.552256965637207031e+01
2.553467750549316406e+01
2.554676628112792969e+01
2.560723114013671875e+01
2.561931610107421875e+01
2.563142395019531250e+01
2.564351463317871094e+01
2.565560722351074219e+01
2.566771316528320312e+01
2.567978668212890625e+01
2.569189643859863281e+01
2.570397758483886719e+01
2.571607589721679688e+01
2.572816848754882812e+01
2.574026489257812500e+01
2.575235939025878906e+01
2.576445579528808594e+01
2.577654647827148438e+01
2.578863906860351562e+01
2.580073928833007812e+01
2.581282997131347656e+01
2.582492637634277344e+01
2.583702087402343750e+01
2.584911727905273438e+01
2.586120796203613281e+01
2.587330436706542969e+01
2.588539505004882812e+01
2.589748382568359375e+01
2.590958404541015625e+01
2.592168235778808594e+01
2.593375587463378906e+01
2.599423789978027344e+01
2.600634765625000000e+01
2.601844406127929688e+01
2.603054046630859375e+01
2.604262351989746094e+01
2.605471611022949219e+01
2.606682205200195312e+01
2.607890319824218750e+01
2.609100151062011719e+01
2.610309410095214844e+01
2.611518478393554688e+01
2.612728118896484375e+01
2.613936996459960938e+01
2.615147590637207031e+01
2.616356468200683594e+01
2.617565917968750000e+01
2.618775177001953125e+01
2.619985008239746094e+01
2.621194648742675781e+01
2.622403907775878906e+01
2.623613739013671875e+01
2.624821090698242188e+01
2.626030921936035156e+01
2.627241706848144531e+01
2.628451156616210938e+01
2.629660034179687500e+01
2.630870056152343750e+01
2.632079505920410156e+01
2.638126182556152344e+01
2.639334106445312500e+01
2.640543746948242188e+01
2.641753768920898438e+01
2.642963218688964844e+01
2.644172096252441406e+01
2.645382881164550781e+01
2.646592330932617188e+01
2.647799491882324219e+01
2.649009513854980469e+01
2.650219154357910156e+01
2.651428604125976562e+01
2.652638244628906250e+01
2.653848648071289062e+01
2.655056953430175781e+01
2.656266975402832031e+01
2.657474899291992188e+01
2.658684921264648438e+01
2.659895896911621094e+01
2.661104011535644531e+01
2.662313461303710938e+01
2.663523101806640625e+01
2.664733505249023438e+01
2.665941047668457031e+01
2.667151832580566406e+01
2.668360137939453125e+01
2.669569396972656250e+01
2.670779991149902344e+01
2.676826667785644531e+01
2.678035926818847656e+01
2.679245758056640625e+01
2.680454635620117188e+01
2.681664276123046875e+01
2.682874488830566406e+01
2.684083366394042969e+01
2.685292816162109375e+01
2.686502456665039062e+01
2.687711524963378906e+01
2.688921165466308594e+01
2.690131187438964844e+01
2.691339492797851562e+01
2.692549896240234375e+01
2.693758583068847656e+01
2.694967842102050781e+01
2.696177673339843750e+01
2.697386932373046875e+01
2.698596954345703125e+01
2.699806404113769531e+01
2.701015663146972656e+01
2.702225112915039062e+01
2.703434753417968750e+01
2.704643058776855469e+01
2.705852699279785156e+01
2.707063484191894531e+01
2.708271408081054688e+01
2.709481811523437500e+01
2.715528488159179688e+01
2.716737556457519531e+01
2.717946815490722656e+01
2.719156646728515625e+01
2.720365905761718750e+01
2.721573829650878906e+01
2.722784233093261719e+01
2.723993492126464844e+01
2.725203704833984375e+01
2.726413345336914062e+01
2.727621650695800781e+01
2.728832817077636719e+01
2.730040740966796875e+01
2.731250381469726562e+01
2.732459259033203125e+01
2.733669090270996094e+01
2.734880256652832031e+01
2.736088180541992188e+01
2.737297439575195312e+01
2.738507080078125000e+01
2.739715766906738281e+01
2.740924263000488281e+01
2.742136764526367188e+01
2.743345642089843750e+01
2.744553184509277344e+01
2.745762825012207031e+01
2.746972846984863281e+01
2.748181152343750000e+01
2.754230499267578125e+01
2.755440902709960938e+01
2.756649208068847656e+01
2.757856941223144531e+01
2.759066009521484375e+01
2.760276412963867188e+01
2.761485862731933594e+01
2.762695884704589844e+01
2.763903808593750000e+01
2.765115737915039062e+01
2.766323471069335938e+01
2.767532920837402344e+01
2.768742179870605469e+01
2.769950866699218750e+01
2.771162033081054688e+01
2.772370147705078125e+01
2.773580360412597656e+01
2.774790000915527344e+01
2.775997543334960938e+01
2.777208328247070312e+01
2.778417778015136719e+01
2.779627799987792969e+01
2.780835914611816406e+01
2.782047271728515625e+01
2.783255004882812500e+01
2.784464073181152344e+01
2.785674095153808594e+01
2.786883163452148438e+01
2.792929458618164062e+01
2.794139862060546875e+01
2.795349693298339844e+01
2.796557426452636719e+01
2.797767829895019531e+01
2.798976898193359375e+01
2.800187301635742188e+01
2.801395988464355469e+01
2.802604866027832031e+01
2.803815460205078125e+01
2.805023574829101562e+01
2.806233024597167969e+01
2.807443809509277344e+01
2.808653068542480469e+01
2.809862518310546875e+01
2.811071014404296875e+01
2.812279701232910156e+01
2.813490486145019531e+01
2.814700126647949219e+01
2.815907669067382812e+01
2.817118453979492188e+01
2.818327522277832031e+01
2.819537544250488281e+01
2.820746231079101562e+01
2.821956634521484375e+01
2.823165893554687500e+01
2.824374198913574219e+01
2.825583839416503906e+01
2.831631278991699219e+01
2.832841491699218750e+01
2.834049987792968750e+01
2.835260581970214844e+01
2.836470222473144531e+01
2.837679481506347656e+01
2.838888931274414062e+01
2.840096664428710938e+01
2.841307640075683594e+01
2.842515373229980469e+01
2.843726348876953125e+01
2.844935989379882812e+01
2.846144294738769531e+01
2.847353172302246094e+01
2.848563194274902344e+01
2.849773406982421875e+01
2.850983810424804688e+01
2.852191352844238281e+01
2.853401756286621094e+01
2.854611778259277344e+01
2.855818557739257812e+01
2.857029724121093750e+01
2.858239173889160156e+01
2.859448432922363281e+01
2.860659217834472656e+01
2.861867904663085938e+01
2.863076782226562500e+01
2.864285850524902344e+01
2.870332145690917969e+01
2.871543693542480469e+01
2.872749328613281250e+01
2.873960876464843750e+01
2.875171470642089844e+01
2.876377677917480469e+01
2.877588272094726562e+01
2.878799438476562500e+01
2.880009078979492188e+01
2.881216239929199219e+01
2.882426261901855469e+01
2.883636474609375000e+01
2.884844589233398438e+01
2.886056518554687500e+01
2.887264442443847656e+01
2.888472747802734375e+01
2.889682006835937500e+01
2.890892028808593750e+01
2.892101478576660156e+01
2.893313026428222656e+01
2.894519805908203125e+01
2.895729446411132812e+01
2.896940612792968750e+01
2.898149299621582031e+01
2.899357414245605469e+01
2.900567626953125000e+01
2.901777648925781250e+01
2.902987861633300781e+01
2.909034156799316406e+01
2.910244178771972656e+01
2.911454582214355469e+01
2.912660598754882812e+01
2.913872146606445312e+01
2.915082359313964844e+01
2.916291999816894531e+01
2.917499923706054688e+01
2.918710708618164062e+01
2.919918632507324219e+01
2.921127891540527344e+01
2.922339439392089844e+01
2.923547363281250000e+01
2.924755477905273438e+01
2.925966072082519531e+01
2.927175712585449219e+01
2.928383636474609375e+01
2.929595184326171875e+01
2.930804824829101562e+01
2.932010841369628906e+01
2.933224296569824219e+01
2.934432983398437500e+01
2.935641860961914062e+01
2.936850929260253906e+01
2.938060951232910156e+01
2.939270210266113281e+01
2.940479660034179688e+01
2.941688537597656250e+01
