3.475293815135955811e-01
3.479005694389343262e-01
3.482718765735626221e-01
3.486431837081909180e-01
3.490145802497863770e-01
3.493861854076385498e-01
3.497575521469116211e-01
3.501290977001190186e-01
3.505006730556488037e-01
3.508724272251129150e-01
3.594385087490081787e-01
3.598117232322692871e-01
3.601849079132080078e-01
3.605583310127258301e-01
3.609316945075988770e-01
3.613050282001495361e-01
3.616785407066345215e-01
3.620520830154418945e-01
3.624257147312164307e-01
3.627993464469909668e-01
3.714110255241394043e-01
3.717861771583557129e-01
3.721614181995391846e-01
3.725367486476898193e-01
3.729120492935180664e-01
3.732874393463134766e-01
3.736628890037536621e-01
3.740384280681610107e-01
3.744140863418579102e-01
3.747895956039428711e-01
3.834467232227325439e-01
3.838239312171936035e-01
3.842013478279113770e-01
3.845784962177276611e-01
3.849556148052215576e-01
3.853330314159393311e-01
3.857107460498809814e-01
3.860882222652435303e-01
3.864657282829284668e-01
3.868432044982910156e-01
3.955461382865905762e-01
3.959253728389739990e-01
3.963045477867126465e-01
3.966836333274841309e-01
3.970630168914794922e-01
3.974424004554748535e-01
3.978219330310821533e-01
3.982013761997222900e-01
3.985809683799743652e-01
3.989605009555816650e-01
4.077089726924896240e-01
4.080902338027954102e-01
4.084714055061340332e-01
4.088524878025054932e-01
4.092339575290679932e-01
4.096151292324066162e-01
4.099966287612915039e-01
4.103782176971435547e-01
4.107596278190612793e-01
4.111412465572357178e-01
4.199355244636535645e-01
4.203184843063354492e-01
4.207017421722412109e-01
4.210849106311798096e-01
4.214682579040527344e-01
4.218515455722808838e-01
4.222349822521209717e-01
4.226185977458953857e-01
4.230020344257354736e-01
4.233856201171875000e-01
4.322252273559570312e-01
4.326104223728179932e-01
4.329954683780670166e-01
4.333807229995727539e-01
4.337660670280456543e-01
4.341512620449066162e-01
4.345366954803466797e-01
4.349221587181091309e-01
4.353076517581939697e-01
4.356931447982788086e-01
4.445784091949462891e-01
4.449655115604400635e-01
4.453527331352233887e-01
4.457398355007171631e-01
4.461271464824676514e-01
4.465143680572509766e-01
4.469018578529357910e-01
4.472891986370086670e-01
4.476766884326934814e-01
4.480642378330230713e-01
4.569948911666870117e-01
4.573838114738464355e-01
4.577730894088745117e-01
4.581621289253234863e-01
4.585512578487396240e-01
4.589405059814453125e-01
4.593299627304077148e-01
4.597193300724029541e-01
4.601086080074310303e-01
4.604984521865844727e-01
