-2.509329043090784016e+25
-2.700051774743274441e+25
-2.904333555042844151e+25
-3.123066053481156080e+25
-3.357200199715209957e+25
-2.255953051996583521e+26
-2.405325377666005878e+26
-2.563946716346545468e+26
-2.732350732344254706e+26
-2.911097653276652153e+26
-1.564147539118377116e+27
-1.655830218347955022e+27
-1.752541037290168383e+27
-1.854533527995566263e+27
-1.962077455649482591e+27
-8.828759287629981080e+27
-9.292800268885925332e+27
-9.779656183212233557e+27
-1.029037067360161995e+28
-1.082602752316190309e+28
-4.218212776234909621e+28
-4.419101774179536042e+28
-4.628941545555793588e+28
-4.848101379422642665e+28
-5.076975593381402890e+28
