-2.903995472340833239e+26
-3.144838192109033253e+26
-3.404358424719304925e+26
-3.683900015477417996e+26
-3.984895907463018224e+26
-3.125892279140689121e+27
-3.349209153192827311e+27
-3.587443097520635173e+27
-3.841524123173332847e+27
-4.112434187231452039e+27
-2.491564002133667215e+28
-2.647785552226774523e+28
-2.813171326716538663e+28
-2.988216937965336807e+28
-3.173448929836008919e+28
-1.571676289942854120e+29
-1.659438070923118810e+29
-1.751785836442227870e+29
-1.848937004253052618e+29
-1.951132415046219407e+29
-8.221881831839975243e+29
-8.635568691525728755e+29
-9.068723790379101352e+29
-9.522208488046568456e+29
-9.996918145213282154e+29
