-3.283502441406250000e+03
-3.341441894531250000e+03
-3.400142578125000000e+03
-3.459599365234375000e+03
-3.519833007812500000e+03
-3.580840576171875000e+03
-3.642630615234375000e+03
-3.705210937500000000e+03
-3.768590087890625000e+03
-3.832768066406250000e+03
-3.897758056640625000e+03
-3.963562011718750000e+03
-4.030191406250000000e+03
-4.097650390625000000e+03
-5.546310546875000000e+03
-5.631843261718750000e+03
-5.718348632812500000e+03
-5.805842773437500000e+03
-5.894328125000000000e+03
-5.983816894531250000e+03
-6.074316406250000000e+03
-6.165830078125000000e+03
-6.258369140625000000e+03
-6.351935546875000000e+03
-6.446552246093750000e+03
-6.542203613281250000e+03
-6.638908203125000000e+03
-6.736683105468750000e+03
-8.806548828125000000e+03
-8.927208984375000000e+03
-9.049114257812500000e+03
-9.172248046875000000e+03
-9.296625976562500000e+03
-9.422263671875000000e+03
-9.549162109375000000e+03
-9.677337890625000000e+03
-9.806781250000000000e+03
-9.937525390625000000e+03
-1.006956835937500000e+04
-1.020289648437500000e+04
-1.033755859375000000e+04
-1.047353320312500000e+04
-1.331995703125000000e+04
-1.348423242187500000e+04
-1.365000390625000000e+04
-1.381731054687500000e+04
-1.398612109375000000e+04
-1.415649023437500000e+04
-1.432838769531250000e+04
-1.450183593750000000e+04
-1.467685644531250000e+04
-1.485346289062500000e+04
-1.503165234375000000e+04
-1.521141601562500000e+04
-1.539278808593750000e+04
-1.557577539062500000e+04
-1.937140625000000000e+04
-1.958863671875000000e+04
-1.980770312500000000e+04
-2.002858203125000000e+04
-2.025128125000000000e+04
-2.047585937500000000e+04
-2.070229101562500000e+04
-2.093056640625000000e+04
-2.116074218750000000e+04
-2.139278515625000000e+04
-2.162672851562500000e+04
-2.186260546875000000e+04
-2.210035937500000000e+04
-2.234008203125000000e+04
-2.727483007812500000e+04
-2.755531250000000000e+04
-2.783798046875000000e+04
-2.812274023437500000e+04
-2.840974804687500000e+04
-2.869891992187500000e+04
-2.899027734375000000e+04
-2.928383789062500000e+04
-2.957962695312500000e+04
-2.987762109375000000e+04
-3.017790820312500000e+04
-3.048040234375000000e+04
-3.078516992187500000e+04
-3.109222460937500000e+04
-3.737328125000000000e+04
-3.772821875000000000e+04
-3.808569531250000000e+04
-3.844560937500000000e+04
-3.880816406250000000e+04
-3.917320312500000000e+04
-3.954087890625000000e+04
-3.991104687500000000e+04
-4.028383984375000000e+04
-4.065922656250000000e+04
-4.103726953125000000e+04
-4.141783593750000000e+04
-4.180117187500000000e+04
-4.218704687500000000e+04
-5.003890625000000000e+04
-5.048037109375000000e+04
-5.092472656250000000e+04
-5.137203125000000000e+04
-5.182229687500000000e+04
-5.227546093750000000e+04
-5.273160156250000000e+04
-5.319072265625000000e+04
-5.365278906250000000e+04
-5.411793750000000000e+04
-5.458601562500000000e+04
-5.505716015625000000e+04
-5.553135156250000000e+04
-5.600856250000000000e+04
-6.567295312500000000e+04
-6.621397656250000000e+04
-6.675831250000000000e+04
-6.730598437500000000e+04
-6.785707812500000000e+04
-6.841145312500000000e+04
-6.896929687500000000e+04
-6.953043750000000000e+04
-7.009509375000000000e+04
-7.066314843750000000e+04
-7.123454687500000000e+04
-7.180954687500000000e+04
-7.238789843750000000e+04
-7.296982812500000000e+04
-8.470579687500000000e+04
-8.536022656250000000e+04
-8.601846093750000000e+04
-8.668052343750000000e+04
-8.734639062500000000e+04
-8.801614062500000000e+04
-8.868960937500000000e+04
-8.936694531250000000e+04
-9.004828906250000000e+04
-9.073332812500000000e+04
-9.142231250000000000e+04
-9.211526562500000000e+04
-9.281213281250000000e+04
-9.351296875000000000e+04
-1.075967812500000000e+05
-1.083795468750000000e+05
-1.091665000000000000e+05
-1.099578515625000000e+05
-1.107534687500000000e+05
-1.115533671875000000e+05
-1.123574687500000000e+05
-1.131660937500000000e+05
-1.139790156250000000e+05
-1.147962031250000000e+05
-1.156178437500000000e+05
-1.164438593750000000e+05
-1.172743750000000000e+05
-1.181092968750000000e+05
-1.348345312500000000e+05
-1.357612968750000000e+05
-1.366929843750000000e+05
-1.376290781250000000e+05
-1.385703437500000000e+05
-1.395162656250000000e+05
-1.404670625000000000e+05
-1.414226875000000000e+05
-1.423830625000000000e+05
-1.433485000000000000e+05
-1.443187656250000000e+05
-1.452939062500000000e+05
-1.462740312500000000e+05
-1.472590625000000000e+05
-1.669366250000000000e+05
-1.680241406250000000e+05
-1.691167500000000000e+05
-1.702148750000000000e+05
-1.713183750000000000e+05
-1.724269687500000000e+05
-1.735412031250000000e+05
-1.746606718750000000e+05
-1.757856875000000000e+05
-1.769159062500000000e+05
-1.780517031250000000e+05
-1.791928906250000000e+05
-1.803397031250000000e+05
-1.814917500000000000e+05
-2.044499218750000000e+05
-2.057155000000000000e+05
-2.069870000000000000e+05
-2.082644375000000000e+05
-2.095478906250000000e+05
-2.108370000000000000e+05
-2.121322656250000000e+05
-2.134332968750000000e+05
-2.147405156250000000e+05
-2.160535468750000000e+05
-2.173725625000000000e+05
-2.186977187500000000e+05
-2.200289375000000000e+05
-2.213661875000000000e+05
