6.719859838485717773e-01
6.706541180610656738e-01
5.227429270744323730e-01
-1.610808447003364563e-02
9.231725931167602539e-01
-4.237180054187774658e-01
-1.607966899871826172e+00
-2.506847083568572998e-01
4.341716766357421875e-01
1.192013770341873169e-01
6.719859838485717773e-01
6.712872982025146484e-01
4.616976380348205566e-01
-3.529772162437438965e-01
4.024261534214019775e-01
-2.063786983489990234e+00
-2.120400905609130859e+00
-7.666092514991760254e-01
2.931240797042846680e-01
1.465378403663635254e-01
6.725793480873107910e-01
6.401731371879577637e-01
1.305470168590545654e-01
-2.725112140178680420e-01
1.678856275975704193e-02
-2.589191675186157227e+00
-1.813043236732482910e+00
-5.659968852996826172e-01
4.733080044388771057e-02
-1.080516949295997620e-01
6.597023606300354004e-01
3.275041878223419189e-01
7.813763618469238281e-02
1.118617534637451172e+00
4.818459749221801758e-01
-1.596311092376708984e+00
-6.039301156997680664e-01
4.288013577461242676e-01
1.099950522184371948e-01
3.080590255558490753e-02
5.889064073562622070e-01
-3.956001996994018555e-02
5.238566547632217407e-03
4.997356235980987549e-01
-1.320242762565612793e+00
-2.588528633117675781e+00
-8.278557062149047852e-01
3.410781621932983398e-01
8.082745969295501709e-02
2.598492205142974854e-01
4.067622721195220947e-01
-4.075682759284973145e-01
-5.347939133644104004e-01
-1.097788691520690918e+00
-2.680401325225830078e+00
-2.559592962265014648e+00
8.903058618307113647e-02
-5.495582893490791321e-02
2.235448732972145081e-02
3.662632405757904053e-01
1.093866676092147827e-01
-3.176973462104797363e-01
-5.758991837501525879e-01
-9.954160451889038086e-01
-1.750433325767517090e+00
-3.355254530906677246e-01
5.367809534072875977e-01
-7.299218326807022095e-02
5.228122472763061523e-01
4.945450127124786377e-01
1.799678951501846313e-01
5.509783029556274414e-01
-3.491962095722556114e-03
-1.807544827461242676e+00
-2.360670804977416992e+00
-9.975363612174987793e-01
-7.994256615638732910e-01
-3.093150556087493896e-01
3.288697600364685059e-01
5.601987242698669434e-01
2.034083306789398193e-01
-5.088050365447998047e-01
-2.755300760269165039e+00
-5.040832519531250000e+00
-4.013398170471191406e+00
-2.590696573257446289e+00
-1.279879093170166016e+00
-2.270576059818267822e-01
1.440163105726242065e-01
6.027143597602844238e-01
1.544559359550476074e+00
2.374955177307128906e+00
1.804328799247741699e+00
1.022640347480773926e+00
1.053697824478149414e+00
8.809830546379089355e-01
2.765341699123382568e-01
-2.437794357538223267e-01
2.097363770008087158e-01
6.224306821823120117e-01
