-1.357939988374710083e-01
-1.358254998922348022e-01
-1.358569711446762085e-01
-1.358883678913116455e-01
-1.359198838472366333e-01
-1.359513998031616211e-01
-1.359828710556030273e-01
-1.360142529010772705e-01
-1.360458135604858398e-01
-1.360771954059600830e-01
-1.361086815595626831e-01
-1.361401081085205078e-01
-1.361715346574783325e-01
-1.362029761075973511e-01
-1.362344026565551758e-01
-1.362659484148025513e-01
-1.362972706556320190e-01
-1.363288611173629761e-01
-1.363603323698043823e-01
-1.363917589187622070e-01
-1.364232301712036133e-01
-1.364547014236450195e-01
-1.364861428737640381e-01
-1.365176439285278320e-01
-1.365491151809692383e-01
-1.365804672241210938e-01
-1.366119831800460815e-01
-1.366433799266815186e-01
-1.368006616830825806e-01
-1.368322521448135376e-01
-1.368636041879653931e-01
-1.368951201438903809e-01
-1.369265913963317871e-01
-1.369580924510955811e-01
-1.369895339012145996e-01
-1.370210498571395874e-01
-1.370524317026138306e-01
-1.370838284492492676e-01
-1.371152997016906738e-01
-1.371468901634216309e-01
-1.371782869100570679e-01
-1.372097581624984741e-01
-1.372412294149398804e-01
-1.372726559638977051e-01
-1.373040825128555298e-01
-1.373355686664581299e-01
-1.373669952154159546e-01
-1.373985111713409424e-01
-1.374300569295883179e-01
-1.374614089727401733e-01
-1.374929249286651611e-01
-1.375244408845901489e-01
-1.375558227300643921e-01
-1.375872194766998291e-01
-1.376186460256576538e-01
-1.376501619815826416e-01
-1.378075182437896729e-01
-1.378389149904251099e-01
-1.378704607486724854e-01
-1.379017829895019531e-01
-1.379332840442657471e-01
-1.379647552967071533e-01
-1.379961073398590088e-01
-1.380276679992675781e-01
-1.380591392517089844e-01
-1.380906552076339722e-01
-1.381220072507858276e-01
-1.381534785032272339e-01
-1.381849497556686401e-01
-1.382164508104324341e-01
-1.382478922605514526e-01
-1.382793635129928589e-01
-1.383109539747238159e-01
-1.383422613143920898e-01
-1.383737325668334961e-01
-1.384051740169525146e-01
-1.384367197751998901e-01
-1.384681165218353271e-01
-1.384996324777603149e-01
-1.385310590267181396e-01
-1.385625302791595459e-01
-1.385939568281173706e-01
-1.386253982782363892e-01
-1.386568695306777954e-01
-1.388141810894012451e-01
-1.388456523418426514e-01
-1.388771682977676392e-01
-1.389085650444030762e-01
-1.389400362968444824e-01
-1.389714181423187256e-01
-1.390028595924377441e-01
-1.390343308448791504e-01
-1.390658766031265259e-01
-1.390972733497619629e-01
-1.391288191080093384e-01
-1.391602605581283569e-01
-1.391916871070861816e-01
-1.392232477664947510e-01
-1.392545849084854126e-01
-1.392860263586044312e-01
-1.393175721168518066e-01
-1.393488943576812744e-01
-1.393804848194122314e-01
-1.394119560718536377e-01
-1.394434273242950439e-01
-1.394748538732528687e-01
-1.395062059164047241e-01
-1.395377665758132935e-01
-1.395691931247711182e-01
-1.396007090806961060e-01
-1.396321356296539307e-01
-1.396635323762893677e-01
-1.398208439350128174e-01
-1.398523151874542236e-01
-1.398837864398956299e-01
-1.399152278900146484e-01
-1.399466991424560547e-01
-1.399782449007034302e-01
-1.400096416473388672e-01
-1.400411128997802734e-01
-1.400725841522216797e-01
-1.401040554046630859e-01
-1.401355266571044922e-01
-1.401669234037399292e-01
-1.401983946561813354e-01
-1.402299404144287109e-01
-1.402613371610641479e-01
-1.402927637100219727e-01
-1.403243541717529297e-01
-1.403555870056152344e-01
-1.403871029615402222e-01
-1.404186189174652100e-01
-1.404500007629394531e-01
-1.404814720153808594e-01
-1.405129879713058472e-01
-1.405445486307144165e-01
-1.405759304761886597e-01
-1.406074464321136475e-01
-1.406387984752655029e-01
-1.406703591346740723e-01
-1.408275961875915527e-01
-1.408590227365493774e-01
-1.408904939889907837e-01
-1.409219652414321899e-01
-1.409534811973571777e-01
-1.409849077463150024e-01
-1.410164982080459595e-01
-1.410477757453918457e-01
-1.410792469978332520e-01
-1.411107629537582397e-01
-1.411422342061996460e-01
-1.411737054586410522e-01
-1.412051022052764893e-01
-1.412365734577178955e-01
-1.412679255008697510e-01
-1.412994712591171265e-01
-1.413310170173645020e-01
-1.413624584674835205e-01
-1.413938105106353760e-01
-1.414253562688827515e-01
-1.414568275213241577e-01
-1.414882689714431763e-01
-1.415196508169174194e-01
-1.415511667728424072e-01
-1.415826827287673950e-01
-1.416141986846923828e-01
-1.416456699371337891e-01
-1.416770517826080322e-01
-1.418342143297195435e-01
-1.418657302856445312e-01
-1.418972462415695190e-01
-1.419286727905273438e-01
-1.419601440429687500e-01
-1.419915705919265747e-01
-1.420230418443679810e-01
-1.420545130968093872e-01
-1.420859545469284058e-01
-1.421174257993698120e-01
-1.421489417552947998e-01
-1.421803683042526245e-01
-1.422118395566940308e-01
-1.422431915998458862e-01
-1.422746628522872925e-01
-1.423061341047286987e-01
-1.423376500606536865e-01
-1.423691213130950928e-01
-1.424005478620529175e-01
-1.424320638179779053e-01
-1.424635350704193115e-01
-1.424949616193771362e-01
-1.425264328718185425e-01
-1.425579488277435303e-01
-1.425893902778625488e-01
-1.426208168268203735e-01
-1.426522433757781982e-01
-1.426836848258972168e-01
-1.428410857915878296e-01
-1.428724676370620728e-01
-1.429039388895034790e-01
-1.429354548454284668e-01
-1.429668813943862915e-01
-1.429983526468276978e-01
-1.430297493934631348e-01
-1.430612653493881226e-01
-1.430927366018295288e-01
-1.431241631507873535e-01
-1.431556046009063721e-01
-1.431869417428970337e-01
-1.432185024023056030e-01
-1.432500183582305908e-01
-1.432813704013824463e-01
-1.433128714561462402e-01
-1.433443427085876465e-01
-1.433758586645126343e-01
-1.434072107076644897e-01
-1.434387713670730591e-01
-1.434701979160308838e-01
-1.435016691684722900e-01
-1.435331404209136963e-01
-1.435645669698715210e-01
-1.435959637165069580e-01
-1.436275243759155273e-01
-1.436589956283569336e-01
-1.436904966831207275e-01
-1.438477039337158203e-01
-1.438791751861572266e-01
-1.439107209444046021e-01
-1.439421176910400391e-01
-1.439735889434814453e-01
-1.440049856901168823e-01
-1.440365314483642578e-01
-1.440679281949996948e-01
-1.440993994474411011e-01
-1.441309154033660889e-01
-1.441623866558074951e-01
-1.441938132047653198e-01
-1.442252397537231445e-01
-1.442567557096481323e-01
-1.442881077527999878e-01
-1.443196982145309448e-01
-1.443510502576828003e-01
-1.443826109170913696e-01
-1.444139629602432251e-01
-1.444454640150070190e-01
-1.444769799709320068e-01
-1.445084512233734131e-01
-1.445398479700088501e-01
-1.445712298154830933e-01
-1.446027457714080811e-01
-1.446342617273330688e-01
-1.446656882762908936e-01
-1.446970850229263306e-01
-1.448544114828109741e-01
-1.448859125375747681e-01
-1.449173539876937866e-01
-1.449488252401351929e-01
-1.449803411960601807e-01
-1.450117230415344238e-01
-1.450431942939758301e-01
-1.450746655464172363e-01
-1.451061367988586426e-01
-1.451376080513000488e-01
-1.451690793037414551e-01
-1.452004760503768921e-01
-1.452319473028182983e-01
-1.452634185552597046e-01
-1.452949345111846924e-01
-1.453263610601425171e-01
-1.453577131032943726e-01
-1.453892737627029419e-01
-1.454207003116607666e-01
-1.454521715641021729e-01
-1.454836428165435791e-01
-1.455151140689849854e-01
-1.455465853214263916e-01
-1.455781012773513794e-01
-1.456094980239868164e-01
-1.456409692764282227e-01
-1.456723958253860474e-01
-1.457038670778274536e-01
-1.458612680435180664e-01
-1.458925008773803711e-01
-1.459240168333053589e-01
-1.459555625915527344e-01
-1.459869593381881714e-01
-1.460184752941131592e-01
-1.460498571395874023e-01
-1.460814177989959717e-01
-1.461128443479537964e-01
-1.461443156003952026e-01
-1.461757123470306396e-01
-1.462072134017944336e-01
-1.462386101484298706e-01
-1.462701708078384399e-01
-1.463015526533126831e-01
-1.463329941034317017e-01
-1.463645398616790771e-01
-1.463959664106369019e-01
-1.464274376630783081e-01
-1.464587897062301636e-01
-1.464903503656387329e-01
-1.465217769145965576e-01
-1.465532928705215454e-01
-1.465847194194793701e-01
-1.466161906719207764e-01
-1.466476619243621826e-01
-1.466791033744812012e-01
-1.467105746269226074e-01
-1.468679308891296387e-01
-1.468993574380874634e-01
-1.469307988882064819e-01
-1.469622701406478882e-01
-1.469936966896057129e-01
-1.470252126455307007e-01
-1.470566391944885254e-01
-1.470881551504135132e-01
-1.471195518970489502e-01
-1.471510231494903564e-01
-1.471824944019317627e-01
-1.472139656543731689e-01
-1.472453624010086060e-01
-1.472767889499664307e-01
-1.473082602024078369e-01
-1.473397761583328247e-01
-1.473712474107742310e-01
-1.474027186632156372e-01
-1.474341899156570435e-01
-1.474655419588088989e-01
-1.474970877170562744e-01
-1.475284844636917114e-01
-1.475600004196166992e-01
-1.475914269685745239e-01
-1.476228982210159302e-01
-1.476543694734573364e-01
-1.476858109235763550e-01
-1.477172821760177612e-01
-1.478745937347412109e-01
-1.479061096906661987e-01
-1.479374617338180542e-01
-1.479689329862594604e-01
-1.480004489421844482e-01
-1.480319201946258545e-01
-1.480632722377777100e-01
-1.480947434902191162e-01
-1.481262147426605225e-01
-1.481576859951019287e-01
-1.481892317533493042e-01
-1.482205837965011597e-01
-1.482520997524261475e-01
-1.482835710048675537e-01
-1.483151614665985107e-01
-1.483463943004608154e-01
-1.483779102563858032e-01
-1.484094262123107910e-01
-1.484409272670745850e-01
-1.484722495079040527e-01
-1.485037207603454590e-01
-1.485352665185928345e-01
-1.485667824745178223e-01
-1.485980898141860962e-01
-1.486296504735946655e-01
-1.486610770225524902e-01
-1.486925035715103149e-01
-1.487239450216293335e-01
-1.488813012838363647e-01
-1.489128172397613525e-01
-1.489442437887191772e-01
-1.489756703376770020e-01
-1.490071117877960205e-01
-1.490386128425598145e-01
-1.490699648857116699e-01
-1.491015255451202393e-01
-1.491329967975616455e-01
-1.491643488407135010e-01
-1.491958945989608765e-01
-1.492273658514022827e-01
-1.492588818073272705e-01
-1.492901593446731567e-01
-1.493217945098876953e-01
-1.493531316518783569e-01
-1.493846923112869263e-01
-1.494161635637283325e-01
-1.494475901126861572e-01
-1.494791060686111450e-01
-1.495105326175689697e-01
-1.495419293642044067e-01
-1.495734006166458130e-01
-1.496048271656036377e-01
-1.496363133192062378e-01
-1.496678143739700317e-01
-1.496991664171218872e-01
-1.497307270765304565e-01
-1.498879641294479370e-01
-1.499195098876953125e-01
-1.499509066343307495e-01
-1.499823778867721558e-01
-1.500139385461807251e-01
-1.500452756881713867e-01
-1.500767469406127930e-01
-1.501081883907318115e-01
-1.501396149396896362e-01
-1.501710861921310425e-01
-1.502026468515396118e-01
-1.502340286970138550e-01
-1.502654254436492920e-01
-1.502969413995742798e-01
-1.503284871578216553e-01
-1.503599584102630615e-01
-1.503912806510925293e-01
-1.504227519035339355e-01
-1.504542529582977295e-01
-1.504857242107391357e-01
-1.505171656608581543e-01
-1.505485922098159790e-01
-1.505800187587738037e-01
-1.506114602088928223e-01
-1.506429761648178101e-01
-1.506744772195816040e-01
-1.507059931755065918e-01
-1.507373452186584473e-01
-1.508947908878326416e-01
-1.509262621402740479e-01
-1.509577333927154541e-01
-1.509891599416732788e-01
-1.510206311941146851e-01
-1.510520726442337036e-01
-1.510835438966751099e-01
-1.511150151491165161e-01
-1.511465162038803101e-01
-1.511778682470321655e-01
-1.512092649936676025e-01
-1.512408256530761719e-01
-1.512723267078399658e-01
-1.513036787509918213e-01
-1.513351947069168091e-01
-1.513666212558746338e-01
-1.513981372117996216e-01
-1.514296084642410278e-01
-1.514609605073928833e-01
-1.514925509691238403e-01
-1.515239477157592773e-01
-1.515553444623947144e-01
-1.515868157148361206e-01
-1.516183167695999146e-01
-1.516496688127517700e-01
-1.516812592744827271e-01
-1.517126113176345825e-01
-1.517440825700759888e-01
-1.519013643264770508e-01
-1.519329249858856201e-01
-1.519643962383270264e-01
-1.519957482814788818e-01
-1.520272940397262573e-01
-1.520586460828781128e-01
-1.520900875329971313e-01
-1.521216779947280884e-01
-1.521529853343963623e-01
-1.521844565868377686e-01
-1.522160023450851440e-01
-1.522474884986877441e-01
-1.522788256406784058e-01
-1.523104608058929443e-01
-1.523418128490447998e-01
-1.523733735084533691e-01
-1.524048000574111938e-01
-1.524362266063690186e-01
-1.524676680564880371e-01
-1.524990946054458618e-01
-1.525306552648544312e-01
-1.525621563196182251e-01
-1.525935083627700806e-01
-1.526249498128890991e-01
-1.526563763618469238e-01
-1.526878923177719116e-01
-1.527193635702133179e-01
-1.527508348226547241e-01
-1.529081165790557861e-01
-1.529396325349807739e-01
-1.529711037874221802e-01
-1.530024856328964233e-01
-1.530340015888214111e-01
-1.530655175447463989e-01
-1.530968695878982544e-01
-1.531283408403396606e-01
-1.531598865985870361e-01
-1.531912386417388916e-01
-1.532227545976638794e-01
-1.532542258501052856e-01
-1.532856225967407227e-01
-1.533172130584716797e-01
-1.533485651016235352e-01
-1.533800661563873291e-01
-1.534114629030227661e-01
-1.534429788589477539e-01
-1.534744054079055786e-01
-1.535059958696365356e-01
-1.535373479127883911e-01
-1.535688638687133789e-01
-1.536002606153488159e-01
-1.536317318677902222e-01
-1.536630839109420776e-01
-1.536946296691894531e-01
-1.537261456251144409e-01
-1.537575721740722656e-01
-1.539148092269897461e-01
-1.539463698863983154e-01
-1.539777666330337524e-01
-1.540092378854751587e-01
-1.540407091379165649e-01
-1.540722101926803589e-01
-1.541035622358322144e-01
-1.541351974010467529e-01
-1.541665047407150269e-01
-1.541979014873504639e-01
-1.542294174432754517e-01
-1.542609333992004395e-01
-1.542923152446746826e-01
-1.543237864971160889e-01
-1.543551832437515259e-01
-1.543866544961929321e-01
-1.544182449579238892e-01
-1.544495970010757446e-01
-1.544810682535171509e-01
-1.545126289129257202e-01
-1.545439809560775757e-01
-1.545754820108413696e-01
-1.546069532632827759e-01
-1.546384692192077637e-01
-1.546699106693267822e-01
-1.547012925148010254e-01
-1.547327637672424316e-01
-1.547642052173614502e-01
-1.549216061830520630e-01
-1.549529880285263062e-01
-1.549845486879348755e-01
-1.550159007310867310e-01
-1.550474464893341064e-01
-1.550790071487426758e-01
-1.551103144884109497e-01
-1.551418304443359375e-01
-1.551732122898101807e-01
-1.552046835422515869e-01
-1.552361994981765747e-01
-1.552677154541015625e-01
-1.552990674972534180e-01
-1.553305685520172119e-01
-1.553619652986526489e-01
-1.553935259580612183e-01
-1.554250270128250122e-01
-1.554564237594604492e-01
-1.554878205060958862e-01
-1.555194109678268433e-01
-1.555507928133010864e-01
-1.555821895599365234e-01
-1.556137800216674805e-01
-1.556451320648193359e-01
-1.556766033172607422e-01
-1.557080000638961792e-01
-1.557394713163375854e-01
-1.557709872722625732e-01
-1.559282243251800537e-01
-1.559598147869110107e-01
-1.559911221265792847e-01
-1.560226380825042725e-01
-1.560541093349456787e-01
-1.560855358839035034e-01
-1.561169326305389404e-01
-1.561484932899475098e-01
-1.561799645423889160e-01
-1.562115103006362915e-01
-1.562428176403045654e-01
-1.562742888927459717e-01
-1.563058048486709595e-01
-1.563372015953063965e-01
-1.563685834407806396e-01
-1.564001441001892090e-01
-1.564316600561141968e-01
-1.564630419015884399e-01
-1.564946025609970093e-01
-1.565259844064712524e-01
-1.565574556589126587e-01
-1.565889716148376465e-01
-1.566204428672790527e-01
-1.566517949104309082e-01
-1.566833108663558960e-01
-1.567148268222808838e-01
-1.567462980747222900e-01
-1.567775607109069824e-01
-1.569350063800811768e-01
-1.569664329290390015e-01
-1.569979041814804077e-01
-1.570293754339218140e-01
-1.570608168840408325e-01
-1.570923328399658203e-01
-1.571237593889236450e-01
-1.571552306413650513e-01
-1.571867018938064575e-01
-1.572182178497314453e-01
-1.572494804859161377e-01
-1.572810858488082886e-01
-1.573125123977661133e-01
-1.573439836502075195e-01
-1.573754101991653442e-01
-1.574068069458007812e-01
-1.574383974075317383e-01
-1.574697494506835938e-01
-1.575013101100921631e-01
-1.575327813625335693e-01
-1.575641632080078125e-01
-1.575955599546432495e-01
-1.576271504163742065e-01
-1.576586216688156128e-01
-1.576900184154510498e-01
-1.577215194702148438e-01
-1.577530056238174438e-01
-1.577844321727752686e-01
-1.579417139291763306e-01
-1.579730957746505737e-01
-1.580045670270919800e-01
-1.580360382795333862e-01
-1.580674797296524048e-01
-1.580989509820938110e-01
-1.581304967403411865e-01
-1.581618934869766235e-01
-1.581934094429016113e-01
-1.582248806953430176e-01
-1.582562625408172607e-01
-1.582877486944198608e-01
-1.583192944526672363e-01
-1.583508104085922241e-01
-1.583821624517440796e-01
-1.584135890007019043e-01
-1.584451496601104736e-01
-1.584763675928115845e-01
-1.585080027580261230e-01
-1.585393100976943970e-01
-1.585708260536193848e-01
-1.586022675037384033e-01
-1.586338579654693604e-01
-1.586652845144271851e-01
-1.586966365575790405e-01
-1.587281525135040283e-01
-1.587596684694290161e-01
-1.587911695241928101e-01
-1.589484512805938721e-01
-1.589798033237457275e-01
-1.590113937854766846e-01
-1.590427905321121216e-01
-1.590743064880371094e-01
-1.591057777404785156e-01
-1.591372042894363403e-01
-1.591686308383941650e-01
-1.592001467943191528e-01
-1.592316180467605591e-01
-1.592630892992019653e-01
-1.592944860458374023e-01
-1.593259572982788086e-01
-1.593574732542037964e-01
-1.593888252973556519e-01
-1.594202518463134766e-01
-1.594518125057220459e-01
-1.594832837581634521e-01
-1.595147550106048584e-01
-1.595461368560791016e-01
-1.595776081085205078e-01
-1.596090495586395264e-01
-1.596405953168869019e-01
-1.596720665693283081e-01
-1.597034633159637451e-01
-1.597349345684051514e-01
-1.597664058208465576e-01
-1.597979217767715454e-01
-1.599549502134323120e-01
-1.599865853786468506e-01
-1.600180566310882568e-01
-1.600493788719177246e-01
-1.600808799266815186e-01
-1.601123511791229248e-01
-1.601439118385314941e-01
-1.601752936840057373e-01
-1.602068096399307251e-01
-1.602382808923721313e-01
-1.602696776390075684e-01
-1.603011041879653931e-01
-1.603326946496963501e-01
-1.603641360998153687e-01
-1.603954881429672241e-01
-1.604269146919250488e-01
-1.604584306478500366e-01
-1.604899019002914429e-01
-1.605213731527328491e-01
-1.605529189109802246e-01
-1.605843156576156616e-01
-1.606156677007675171e-01
-1.606470942497253418e-01
-1.606786996126174927e-01
-1.607101261615753174e-01
-1.607416421175003052e-01
-1.607729941606521606e-01
-1.608045399188995361e-01
-1.609618961811065674e-01
-1.609932929277420044e-01
-1.610247641801834106e-01
-1.610561907291412354e-01
-1.610877066850662231e-01
-1.611192673444747925e-01
-1.611507683992385864e-01
-1.611820012331008911e-01
-1.612135618925094604e-01
-1.612450629472732544e-01
-1.612765043973922729e-01
-1.613079309463500977e-01
-1.613393574953079224e-01
-1.613708436489105225e-01
-1.614021807909011841e-01
-1.614336520433425903e-01
-1.614651679992675781e-01
-1.614966392517089844e-01
-1.615280807018280029e-01
-1.615595519542694092e-01
-1.615910232067108154e-01
-1.616225689649581909e-01
-1.616539657115936279e-01
-1.616853624582290649e-01
-1.617169082164764404e-01
-1.617483049631118774e-01
-1.617798060178756714e-01
-1.618112772703170776e-01
-1.619684398174285889e-01
-1.619999557733535767e-01
-1.620314717292785645e-01
-1.620628535747528076e-01
-1.620944142341613770e-01
-1.621256768703460693e-01
-1.621574014425277710e-01
-1.621887534856796265e-01
-1.622202545404434204e-01
-1.622516065835952759e-01
-1.622831672430038452e-01
-1.623145490884780884e-01
-1.623460650444030762e-01
-1.623775362968444824e-01
-1.624089330434799194e-01
-1.624405235052108765e-01
-1.624718755483627319e-01
-1.625032722949981689e-01
-1.625347733497619629e-01
-1.625663340091705322e-01
-1.625978499650955200e-01
-1.626291573047637939e-01
-1.626605838537216187e-01
-1.626920253038406372e-01
-1.627235263586044312e-01
-1.627549231052398682e-01
-1.627865135669708252e-01
-1.628179848194122314e-01
-1.629752665758132935e-01
-1.630067378282546997e-01
-1.630382090806961060e-01
-1.630696505308151245e-01
-1.631010323762893677e-01
-1.631325483322143555e-01
-1.631640642881393433e-01
-1.631954163312911987e-01
-1.632269173860549927e-01
-1.632585227489471436e-01
-1.632899492979049683e-01
-1.633213460445404053e-01
-1.633528172969818115e-01
-1.633842885494232178e-01
-1.634156703948974609e-01
-1.634472310543060303e-01
-1.634786576032638550e-01
-1.635100841522216797e-01
-1.635414361953735352e-01
-1.635731160640716553e-01
-1.636044681072235107e-01
-1.636359393596649170e-01
-1.636674553155899048e-01
-1.636989265680313110e-01
-1.637303978204727173e-01
-1.637618243694305420e-01
-1.637932211160659790e-01
-1.638246923685073853e-01
