4.674865722656250000e+00
1.180552005767822266e+00
-6.317488551139831543e-01
2.726989984512329102e-01
-3.456843137741088867e+00
-5.509526729583740234e+00
-3.788190126419067383e+00
-3.409352540969848633e+00
-2.840456724166870117e+00
-5.059586763381958008e-01
-1.938421368598937988e+00
-1.779655218124389648e+00
-1.518114566802978516e+00
-2.135122299194335938e+00
-4.863379478454589844e+00
-5.261130809783935547e+00
-3.145091056823730469e+00
-1.974116325378417969e+00
-2.126485824584960938e+00
-1.061872601509094238e+00
2.611275017261505127e-01
-1.176172256469726562e+00
-4.475030899047851562e+00
-1.557373285293579102e+00
8.847395181655883789e-01
-3.320682048797607422e+00
-6.494720935821533203e+00
-3.518483638763427734e+00
-2.592091321945190430e+00
-1.513807058334350586e+00
4.436446428298950195e-01
2.502686023712158203e+00
4.903935432434082031e+00
5.247135162353515625e+00
2.424530237913131714e-01
-4.814829826354980469e+00
-7.821988582611083984e+00
-4.545822143554687500e+00
-3.075701475143432617e+00
-3.050290584564208984e+00
7.366301417350769043e-01
1.497953534126281738e+00
2.191247791051864624e-01
-9.141941666603088379e-01
1.147449374198913574e+00
1.187030673027038574e+00
-5.910234451293945312e+00
-5.824339389801025391e+00
-2.139405965805053711e+00
-2.979896306991577148e+00
-3.274630755186080933e-02
-7.029227614402770996e-01
-9.575018882751464844e-01
5.787884443998336792e-02
1.555805921554565430e+00
9.816804528236389160e-01
-3.524881362915039062e+00
-2.709599494934082031e+00
-6.548959016799926758e-01
-2.818700551986694336e+00
2.375455498695373535e-01
-3.487962782382965088e-01
-4.755733907222747803e-01
-1.652776598930358887e-01
4.231035113334655762e-01
1.460160136222839355e+00
-1.149234414100646973e+00
-2.919200181961059570e+00
-1.529956102371215820e+00
-1.030650019645690918e+00
-1.072021603584289551e+00
-1.770381569862365723e+00
-1.599676489830017090e+00
-1.761356353759765625e+00
-2.292566061019897461e+00
-1.735967755317687988e+00
-2.084726572036743164e+00
-3.503795146942138672e+00
-3.557691097259521484e+00
6.192858815193176270e-01
-2.831271409988403320e+00
-3.716068506240844727e+00
-5.458002567291259766e+00
-7.515819549560546875e+00
-6.843436717987060547e+00
-3.413312911987304688e+00
-3.032093048095703125e+00
-5.507278919219970703e+00
-7.170632839202880859e+00
-1.087931275367736816e+00
4.549309253692626953e+00
3.559039354324340820e+00
1.930856347084045410e+00
2.942185640335083008e+00
3.072155475616455078e+00
-1.001523613929748535e+00
-3.846691131591796875e+00
-2.575909614562988281e+00
-4.280570983886718750e+00
-1.628400087356567383e+00
