-4.033656250000000000e+06
-4.069433750000000000e+06
-4.105446750000000000e+06
-4.141697500000000000e+06
-4.178184000000000000e+06
-4.214910000000000000e+06
-4.251876000000000000e+06
-4.289079500000000000e+06
-4.326526500000000000e+06
-4.364217000000000000e+06
-5.300371500000000000e+06
-5.344191000000000000e+06
-5.388281000000000000e+06
-5.432642000000000000e+06
-5.477269500000000000e+06
-5.522172500000000000e+06
-5.567349500000000000e+06
-5.612799000000000000e+06
-5.658524500000000000e+06
-5.704525000000000000e+06
-6.841363000000000000e+06
-6.894327500000000000e+06
-6.947597500000000000e+06
-7.001174500000000000e+06
-7.055056500000000000e+06
-7.109245000000000000e+06
-7.163746000000000000e+06
-7.218555000000000000e+06
-7.273673000000000000e+06
-7.329107500000000000e+06
-8.692973000000000000e+06
-8.756255000000000000e+06
-8.819878000000000000e+06
-8.883845000000000000e+06
-8.948158000000000000e+06
-9.012812000000000000e+06
-9.077818000000000000e+06
-9.143175000000000000e+06
-9.208875000000000000e+06
-9.274928000000000000e+06
-1.089374000000000000e+07
-1.096858000000000000e+07
-1.104380000000000000e+07
-1.111940200000000000e+07
-1.119538900000000000e+07
-1.127176500000000000e+07
-1.134852500000000000e+07
-1.142567100000000000e+07
-1.150321400000000000e+07
-1.158114500000000000e+07
-1.348439700000000000e+07
-1.357210400000000000e+07
-1.366022600000000000e+07
-1.374877800000000000e+07
-1.383775800000000000e+07
-1.392716300000000000e+07
-1.401699900000000000e+07
-1.410727100000000000e+07
-1.419796800000000000e+07
-1.428910000000000000e+07
-1.650788000000000000e+07
-1.660982600000000000e+07
-1.671223900000000000e+07
-1.681511400000000000e+07
-1.691846800000000000e+07
-1.702228800000000000e+07
-1.712659000000000000e+07
-1.723136400000000000e+07
-1.733662000000000000e+07
-1.744234200000000000e+07
-2.000929800000000000e+07
-2.012692800000000000e+07
-2.024507400000000000e+07
-2.036373000000000000e+07
-2.048291200000000000e+07
-2.060260400000000000e+07
-2.072282200000000000e+07
-2.084356200000000000e+07
-2.096483200000000000e+07
-2.108660800000000000e+07
-2.403597600000000000e+07
-2.417080400000000000e+07
-2.430619000000000000e+07
-2.444215600000000000e+07
-2.457867400000000000e+07
-2.471576600000000000e+07
-2.485342600000000000e+07
-2.499165400000000000e+07
-2.513046400000000000e+07
-2.526983000000000000e+07
-2.863741000000000000e+07
-2.879101600000000000e+07
-2.894524600000000000e+07
-2.910008600000000000e+07
-2.925553800000000000e+07
-2.941162400000000000e+07
-2.956833200000000000e+07
-2.972562600000000000e+07
-2.988357400000000000e+07
-3.004215600000000000e+07
