-5.209127068519592285e-01
-5.207944512367248535e-01
-5.206763148307800293e-01
-5.205581188201904297e-01
-5.204398632049560547e-01
-5.203217267990112305e-01
-5.202035307884216309e-01
-5.200855135917663574e-01
-5.199673771858215332e-01
-5.198492407798767090e-01
-5.171371698379516602e-01
-5.170193910598754883e-01
-5.169017910957336426e-01
-5.167840719223022461e-01
-5.166662931442260742e-01
-5.165486335754394531e-01
-5.164308547973632812e-01
-5.163131952285766602e-01
-5.161957144737243652e-01
-5.160781741142272949e-01
-5.133770108222961426e-01
-5.132597088813781738e-01
-5.131422877311706543e-01
-5.130252242088317871e-01
-5.129078626632690430e-01
-5.127906799316406250e-01
-5.126734375953674316e-01
-5.125562548637390137e-01
-5.124391317367553711e-01
-5.123219490051269531e-01
-5.096312761306762695e-01
-5.095146298408508301e-01
-5.093975067138671875e-01
-5.092808008193969727e-01
-5.091639757156372070e-01
-5.090473294258117676e-01
-5.089304447174072266e-01
-5.088138580322265625e-01
-5.086971521377563477e-01
-5.085803270339965820e-01
-5.058995485305786133e-01
-5.057832598686218262e-01
-5.056668519973754883e-01
-5.055505037307739258e-01
-5.054339766502380371e-01
-5.053179264068603516e-01
-5.052015185356140137e-01
-5.050850510597229004e-01
-5.049688220024108887e-01
-5.048525333404541016e-01
-5.021814107894897461e-01
-5.020653009414672852e-01
-5.019494891166687012e-01
-5.018333792686462402e-01
-5.017173886299133301e-01
-5.016015768051147461e-01
-5.014855265617370605e-01
-5.013696551322937012e-01
-5.012537240982055664e-01
-5.011377930641174316e-01
-4.984757304191589355e-01
-4.983602464199066162e-01
-4.982445240020751953e-01
-4.981290996074676514e-01
-4.980133175849914551e-01
-4.978980123996734619e-01
-4.977824091911315918e-01
-4.976668059825897217e-01
-4.975512921810150146e-01
-4.974359273910522461e-01
-4.947823584079742432e-01
-4.946670532226562500e-01
-4.945519268512725830e-01
-4.944368302822113037e-01
-4.943216741085052490e-01
-4.942062497138977051e-01
-4.940912425518035889e-01
-4.939760267734527588e-01
-4.938609004020690918e-01
-4.937458038330078125e-01
-4.911005795001983643e-01
-4.909859001636505127e-01
-4.908706545829772949e-01
-4.907558858394622803e-01
-4.906409680843353271e-01
-4.905261099338531494e-01
-4.904113709926605225e-01
-4.902966022491455078e-01
-4.901817739009857178e-01
-4.900668263435363770e-01
-4.874297976493835449e-01
-4.873150587081909180e-01
-4.872006773948669434e-01
-4.870861470699310303e-01
-4.869715869426727295e-01
-4.868569970130920410e-01
-4.867424666881561279e-01
-4.866281449794769287e-01
-4.865136742591857910e-01
-4.863991439342498779e-01
