-5.576680867423356086e+22
-5.310918949812595746e+22
-5.043579421252367522e+22
-4.775826462246346686e+22
-4.508720670506778991e+22
-1.186431100584250573e+21
-1.044569612278172746e+21
-1.076879491536091349e+21
-1.326875854963799491e+21
-1.851688200840631288e+21
-1.705254492122610674e+24
-1.990705030411527234e+24
-2.317282296382403088e+24
-2.690061018152953348e+24
-3.114552304630386819e+24
-8.894748825204862259e+25
-9.834074557845022651e+25
-1.086191699192287833e+26
-1.198575259281150377e+26
-1.321334006106830121e+26
-1.489942485815852356e+27
-1.610052778254637399e+27
-1.738960987024961181e+27
-1.877222728058323833e+27
-2.025472569350860963e+27
