-1.141514960408868675e+25
-1.186711097479563526e+25
-1.233580123653442912e+25
-1.282182452017348232e+25
-1.332580225040377794e+25
-1.384831204089912402e+25
-1.438999376309457737e+25
-1.495153225236387443e+25
-1.553356392137755821e+25
-1.613683009866309089e+25
-3.785033920926649138e+25
-3.924056424132355646e+25
-4.067854328210143714e+25
-4.216589964507861986e+25
-4.370419208012933307e+25
-4.529503467736002638e+25
-4.694006458530724149e+25
-4.864104807971603610e+25
-5.039966842598313620e+25
-5.221794554258461300e+25
-1.155709453272427069e+26
-1.195289064058139389e+26
-1.236137903069843294e+26
-1.278294431768932469e+26
-1.321796465980758019e+26
-1.366685234178324685e+26
-1.413000212393950205e+26
-1.460786502916894798e+26
-1.510083028377153993e+26
-1.560939133815124961e+26
-3.283742543918947651e+26
-3.389071607905421819e+26
-3.497563181695892754e+26
-3.609306178596795734e+26
-3.724389880849447513e+26
-3.842915007676490547e+26
-3.964967151970426847e+26
-4.090648877628306238e+26
-4.220057952393719381e+26
-4.353310959689212121e+26
-8.757415398120264966e+26
-9.021535141897875378e+26
-9.293122865546286365e+26
-9.572361560766709125e+26
-9.859458568962532154e+26
-1.015462123153714395e+27
-1.045804951119630352e+27
-1.076996845821771012e+27
-1.109059426844190763e+27
-1.142017560397900965e+27
-2.207931085871353215e+27
-2.270764090387317510e+27
-2.335272944708890171e+27
-2.401498969542796306e+27
-2.469484223465523974e+27
-2.539271650497276770e+27
-2.610901981048969446e+27
-2.684430407778870539e+27
-2.759891167843980855e+27
-2.837341519937905189e+27
-5.294419791505025426e+27
-5.437035849583499070e+27
-5.583253892696781536e+27
-5.733153610779271249e+27
-5.886818235540228787e+27
-6.044352839633897999e+27
-6.205817042937125115e+27
-6.371325953132930082e+27
-6.540970475776108140e+27
-6.714842697013075249e+27
-1.213662589315271572e+28
-1.244695738716611518e+28
-1.276472424720679289e+28
-1.309006814426923494e+28
-1.342319568188706689e+28
-1.376425679519611984e+28
-1.411343329530598428e+28
-1.447090699332625068e+28
-1.483683726912571590e+28
-1.521146024102852342e+28
-2.671319465594155400e+28
-2.736324020822476783e+28
-2.802804787813343218e+28
-2.870802615036831527e+28
-2.940340169852059483e+28
-3.011454995072565901e+28
-3.084182508446972302e+28
-3.158553877594065627e+28
-3.234607117564032976e+28
-3.312375521040578581e+28
-5.666841668390167404e+28
-5.798365714014514754e+28
-5.932750097017536248e+28
-6.070050541323729748e+28
-6.210328909934020846e+28
-6.353641399009555691e+28
-6.500045149184777006e+28
-6.649625635293024731e+28
-6.802416386136327241e+28
-6.958504293257969337e+28
