-1.552490500000000000e+06
-1.566204625000000000e+06
-1.579996500000000000e+06
-1.593861500000000000e+06
-1.607806250000000000e+06
-1.621826375000000000e+06
-1.635921750000000000e+06
-1.650092750000000000e+06
-1.664342125000000000e+06
-1.678664125000000000e+06
-2.029631500000000000e+06
-2.045840500000000000e+06
-2.062130750000000000e+06
-2.078501375000000000e+06
-2.094950500000000000e+06
-2.111480750000000000e+06
-2.128095000000000000e+06
-2.144786500000000000e+06
-2.161563250000000000e+06
-2.178417500000000000e+06
-2.588873750000000000e+06
-2.607721000000000000e+06
-2.626655750000000000e+06
-2.645674500000000000e+06
-2.664779250000000000e+06
-2.683967250000000000e+06
-2.703241500000000000e+06
-2.722602500000000000e+06
-2.742048750000000000e+06
-2.761580500000000000e+06
-3.234707000000000000e+06
-3.256329250000000000e+06
-3.278041250000000000e+06
-3.299839750000000000e+06
-3.321730000000000000e+06
-3.343708750000000000e+06
-3.365779250000000000e+06
-3.387937500000000000e+06
-3.410180750000000000e+06
-3.432517250000000000e+06
-3.971186500000000000e+06
-3.995700000000000000e+06
-4.020307250000000000e+06
-4.045009250000000000e+06
-4.069798750000000000e+06
-4.094690000000000000e+06
-4.119663500000000000e+06
-4.144732500000000000e+06
-4.169899750000000000e+06
-4.195155500000000000e+06
-4.801931500000000000e+06
-4.829444000000000000e+06
-4.857051500000000000e+06
-4.884759500000000000e+06
-4.912561500000000000e+06
-4.940452500000000000e+06
-4.968448000000000000e+06
-4.996534000000000000e+06
-5.024720500000000000e+06
-5.052999000000000000e+06
-5.730107000000000000e+06
-5.760707000000000000e+06
-5.791408000000000000e+06
-5.822216000000000000e+06
-5.853121500000000000e+06
-5.884115000000000000e+06
-5.915222500000000000e+06
-5.946417000000000000e+06
-5.977708500000000000e+06
-6.009103500000000000e+06
-6.758464000000000000e+06
-6.792247000000000000e+06
-6.826129000000000000e+06
-6.860108500000000000e+06
-6.894179500000000000e+06
-6.928372000000000000e+06
-6.962650000000000000e+06
-6.997016500000000000e+06
-7.031492500000000000e+06
-7.066072000000000000e+06
-7.889324000000000000e+06
-7.926334500000000000e+06
-7.963458500000000000e+06
-8.000662000000000000e+06
-8.037991500000000000e+06
-8.075404000000000000e+06
-8.112928000000000000e+06
-8.150553500000000000e+06
-8.188281000000000000e+06
-8.226113000000000000e+06
-9.124525000000000000e+06
-9.164841000000000000e+06
-9.205246000000000000e+06
-9.245740000000000000e+06
-9.286343000000000000e+06
-9.327060000000000000e+06
-9.367876000000000000e+06
-9.408796000000000000e+06
-9.449811000000000000e+06
-9.490933000000000000e+06
