1.200870156288146973e+00
1.196793198585510254e+00
8.597358465194702148e-01
4.691843986511230469e-01
4.221270680427551270e-01
1.027836680412292480e+00
-1.967700123786926270e+00
-4.751616954803466797e+00
1.345552325248718262e+00
2.007630825042724609e+00
1.200870156288146973e+00
1.189058423042297363e+00
6.661327481269836426e-01
4.249431788921356201e-01
4.143820405006408691e-01
2.745404243469238281e-01
-3.611420869827270508e+00
-2.179217100143432617e+00
2.207690000534057617e+00
1.197579264640808105e+00
1.197299957275390625e+00
1.110428929328918457e+00
6.375150680541992188e-01
2.668940424919128418e-01
7.860386967658996582e-01
1.847637146711349487e-01
-3.775694370269775391e+00
-7.567878067493438721e-02
2.421888589859008789e+00
1.178848385810852051e+00
1.150676131248474121e+00
8.959535360336303711e-01
4.102809429168701172e-01
1.550259348005056381e-02
8.149543404579162598e-01
-2.192339181900024414e+00
-3.970564603805541992e+00
9.815819859504699707e-01
1.753557085990905762e+00
9.810110926628112793e-01
1.016324996948242188e+00
5.597999691963195801e-01
2.576936483383178711e-01
4.000997841358184814e-01
-2.045847922563552856e-01
-3.888148069381713867e+00
-1.916597366333007812e+00
2.033895969390869141e+00
1.115306258201599121e+00
8.504313230514526367e-01
8.032003045082092285e-01
4.277209043502807617e-01
2.313001155853271484e-01
1.096373438835144043e+00
-1.911815643310546875e+00
-3.488676548004150391e+00
1.228699803352355957e+00
2.306966066360473633e+00
9.533807635307312012e-01
9.870200753211975098e-01
6.036912798881530762e-01
1.917543262243270874e-01
6.148406267166137695e-01
3.613318502902984619e-02
-4.665035247802734375e+00
-2.550175189971923828e+00
1.765895724296569824e+00
1.339923858642578125e+00
1.016450643539428711e+00
1.104146122932434082e+00
4.373013377189636230e-01
1.391614675521850586e-01
6.473346054553985596e-02
-2.432461738586425781e+00
-5.988258838653564453e+00
-1.455553293228149414e+00
6.184511184692382812e-01
1.248347520828247070e+00
9.825024008750915527e-01
1.102930903434753418e+00
8.065055608749389648e-01
8.128038048744201660e-01
6.388581991195678711e-01
-1.997940063476562500e+00
-2.101243019104003906e+00
7.448118329048156738e-01
9.134666323661804199e-01
1.519752383232116699e+00
1.085136175155639648e+00
1.188471794128417969e+00
7.747410535812377930e-01
5.574572682380676270e-01
-1.017588973045349121e-01
-1.351716637611389160e+00
-8.251286149024963379e-01
-8.713012933731079102e-01
7.683672308921813965e-01
1.208818793296813965e+00
1.189301252365112305e+00
1.232435941696166992e+00
