-4.096864700317382812e+01
3.095783805847167969e+01
4.078878021240234375e+01
4.463470458984375000e+01
3.508994293212890625e+01
5.510467910766601562e+01
1.325217895507812500e+02
8.773237609863281250e+01
4.230293655395507812e+01
5.441138839721679688e+01
1.145693492889404297e+01
-2.134348297119140625e+01
-3.840535879135131836e-01
6.697922515869140625e+01
9.034421539306640625e+01
6.645285487174987793e-01
-8.283981323242187500e+01
-3.324003601074218750e+01
2.786846923828125000e+01
6.013368225097656250e+01
8.444976806640625000e+01
8.197170257568359375e+01
2.894993019104003906e+01
-1.187659301757812500e+02
-3.532343673706054688e+01
8.886437225341796875e+01
5.334296798706054688e+01
-3.264258193969726562e+01
4.284084320068359375e+01
5.428709411621093750e+01
-1.500905799865722656e+01
7.155655860900878906e+00
2.776107788085937500e+01
6.669609069824218750e+01
-2.807949638366699219e+01
2.626267814636230469e+01
8.211309051513671875e+01
-1.203894138336181641e+01
4.400325119495391846e-01
3.719244384765625000e+01
4.750232315063476562e+01
3.835217285156250000e+01
-1.807516098022460938e+01
1.633117294311523438e+01
4.733148956298828125e+01
4.911698150634765625e+01
-1.258569955825805664e+00
3.127930641174316406e+01
5.045464706420898438e+01
9.246618652343750000e+01
4.512939453125000000e+00
6.741217803955078125e+01
8.370359039306640625e+01
5.125025177001953125e+01
-2.631572723388671875e+01
5.070058059692382812e+01
9.790089416503906250e+01
1.696990585327148438e+01
-4.311301040649414062e+01
1.177718830108642578e+01
-8.209781646728515625e+00
-2.834643125534057617e+00
6.201479339599609375e+01
3.972253417968750000e+01
1.655460929870605469e+01
4.521466064453125000e+01
8.945606231689453125e+01
-2.128239822387695312e+01
-3.544656038284301758e+00
-4.186290359497070312e+01
-4.620165348052978516e+00
9.967089080810546875e+01
4.425864791870117188e+01
4.083861160278320312e+01
-4.984310913085937500e+01
2.779248237609863281e+01
-4.131338882446289062e+01
-4.416955947875976562e+01
2.419388389587402344e+01
7.576904296875000000e+01
4.901417541503906250e+01
4.287266540527343750e+01
3.951792144775390625e+01
5.776048660278320312e+01
-4.000736236572265625e+01
-3.018628501892089844e+01
-3.286702394485473633e+00
-1.993054389953613281e+01
1.701075935363769531e+01
-1.409309005737304688e+01
-5.584310913085937500e+01
-8.399981689453125000e+01
1.277644062042236328e+01
4.064780044555664062e+01
-3.104366493225097656e+01
4.061602783203125000e+01
-4.270172119140625000e+01
-2.881541013717651367e+00
4.633289337158203125e+01
3.280448913574218750e+01
3.948773574829101562e+01
-5.369641780853271484e+00
3.584560775756835938e+01
-3.628749608993530273e+00
-4.824990081787109375e+01
1.942277336120605469e+01
-3.168377876281738281e+01
-2.592512702941894531e+01
8.372529745101928711e-01
-6.915098190307617188e+00
-2.439114761352539062e+01
4.562138748168945312e+01
-3.463515758514404297e+00
4.738589763641357422e+00
7.357893371582031250e+01
2.137157440185546875e+00
1.862477684020996094e+01
2.818369674682617188e+01
6.551589202880859375e+01
2.661622238159179688e+01
-3.129997444152832031e+01
-3.310804367065429688e+01
7.645355224609375000e+01
1.372521114349365234e+01
2.450508880615234375e+01
3.400680780410766602e+00
-5.752380752563476562e+01
-1.286485958099365234e+01
-6.358118057250976562e+01
3.046719312667846680e+00
4.225303649902343750e+01
2.277089118957519531e+01
1.290811538696289062e+01
-1.866759300231933594e+01
-3.903457403182983398e+00
-3.071019744873046875e+01
-7.493069458007812500e+01
-5.135795593261718750e+01
8.092931747436523438e+00
-2.611608123779296875e+01
-5.747039031982421875e+01
8.802607727050781250e+01
2.883487701416015625e+01
-5.103359222412109375e+01
-3.207436752319335938e+01
-3.984462738037109375e+01
1.141308903694152832e+00
3.559649276733398438e+01
5.106392288208007812e+01
6.489797115325927734e+00
4.922389507293701172e+00
4.946844863891601562e+01
2.286886930465698242e+00
-5.101572036743164062e+01
-6.386822128295898438e+01
-7.019379425048828125e+01
-1.354342842102050781e+01
-3.644204330444335938e+01
-2.962992858886718750e+01
-5.635938262939453125e+01
-3.360039901733398438e+01
4.865532302856445312e+01
-2.720973396301269531e+01
-2.288628005981445312e+01
-3.498207473754882812e+01
1.564723968505859375e+01
-7.632862854003906250e+01
1.310564517974853516e+01
5.156039047241210938e+01
-5.452040100097656250e+01
-6.318562698364257812e+01
2.595080375671386719e+01
5.249711513519287109e+00
-3.509133529663085938e+01
6.650043487548828125e+01
-1.104956912994384766e+01
1.815003585815429688e+01
6.136802291870117188e+01
5.028440475463867188e+01
1.078783321380615234e+01
-5.237524032592773438e+00
9.874189758300781250e+01
4.092047500610351562e+01
4.521082687377929688e+01
-7.383188724517822266e+00
-1.364698791503906250e+01
3.026606559753417969e+00
6.095330429077148438e+01
7.337600708007812500e+01
4.491058731079101562e+01
1.224707221984863281e+01
8.804579162597656250e+01
4.120175170898437500e+01
-5.122478103637695312e+01
-1.047964286804199219e+01
2.159688186645507812e+01
-6.118037414550781250e+01
-5.821610260009765625e+01
6.748851776123046875e+01
2.373085212707519531e+01
5.978909301757812500e+01
2.573337936401367188e+01
-4.501963806152343750e+01
3.272051620483398438e+01
8.986429595947265625e+01
3.707382583618164062e+01
-3.912455368041992188e+01
-1.625765228271484375e+01
2.417416191101074219e+01
-1.548386955261230469e+01
3.688814544677734375e+01
2.586630630493164062e+01
3.569198608398437500e+01
6.331759262084960938e+01
4.051955032348632812e+01
7.031576538085937500e+01
2.099405670166015625e+01
4.239381790161132812e+01
1.760112190246582031e+01
3.035987091064453125e+01
-3.397978591918945312e+01
4.789797973632812500e+01
8.110140991210937500e+01
-2.953924942016601562e+01
3.567165374755859375e+01
3.342705154418945312e+01
-8.053912162780761719e+00
5.157816696166992188e+01
9.997914123535156250e+01
1.038870086669921875e+02
4.316796875000000000e+01
-4.793545913696289062e+01
-9.480490875244140625e+01
-2.622935676574707031e+01
1.311032581329345703e+01
1.573514366149902344e+01
3.160407257080078125e+01
2.649038314819335938e+01
2.088179588317871094e+01
1.047906780242919922e+01
1.887993049621582031e+01
-1.958060622215270996e+00
-3.653089761734008789e+00
-6.587166595458984375e+01
-9.324349403381347656e+00
3.656430435180664062e+01
-1.472799301147460938e+01
1.896013832092285156e+01
1.380269622802734375e+01
4.289798355102539062e+01
-4.803678131103515625e+01
-2.632022666931152344e+01
7.089921569824218750e+01
1.098728656768798828e+01
-8.214993476867675781e+00
-3.325962448120117188e+01
-3.670935058593750000e+01
-2.070898818969726562e+01
2.870509326457977295e-01
-1.153392314910888672e+00
3.340237045288085938e+01
-5.358647537231445312e+01
-9.964984893798828125e+01
-9.450958251953125000e+00
-3.823329687118530273e+00
2.902126312255859375e+01
9.820478439331054688e+00
3.528326034545898438e+01
3.566463851928710938e+01
4.646054458618164062e+01
3.408049774169921875e+01
-4.120148468017578125e+01
-6.094932556152343750e+01
-7.221902465820312500e+01
8.744175910949707031e+00
5.915435028076171875e+01
1.445239734649658203e+01
3.361369705200195312e+01
-3.379122543334960938e+01
7.456015110015869141e+00
2.147931289672851562e+01
8.667578887939453125e+01
3.032538986206054688e+01
2.672663927078247070e+00
-5.941483688354492188e+01
-4.015462875366210938e+01
1.096892242431640625e+02
3.944649887084960938e+01
2.543000602722167969e+01
-2.672027778625488281e+01
4.066272735595703125e+00
-5.854225158691406250e+01
-3.998226928710937500e+01
1.490625667572021484e+01
-1.423819732666015625e+01
-5.299220657348632812e+01
2.637272834777832031e+01
5.354771041870117188e+01
1.572937965393066406e+01
3.153557014465332031e+01
2.656754302978515625e+01
1.075612258911132812e+02
7.790420532226562500e+00
1.662110900878906250e+01
-3.782020568847656250e+01
-4.106912136077880859e+00
6.616479492187500000e+01
1.693015098571777344e+01
4.501622390747070312e+01
3.938323974609375000e+01
-3.032219505310058594e+01
-1.631864356994628906e+01
-8.956892967224121094e+00
9.577480316162109375e+01
-1.275261020660400391e+01
3.389921188354492188e+00
2.901967430114746094e+01
5.071034622192382812e+01
4.248060989379882812e+01
3.060298919677734375e+01
1.979255557060241699e+00
-5.502931594848632812e+01
4.434663772583007812e+01
4.363351058959960938e+01
-2.274216842651367188e+01
8.315832138061523438e+00
4.968912124633789062e+01
1.350505371093750000e+02
1.096668090820312500e+02
2.441197395324707031e+01
-3.505292129516601562e+01
-6.110537338256835938e+01
3.728478908538818359e+00
6.082850265502929688e+01
4.042742919921875000e+01
1.191604042053222656e+01
1.479302692413330078e+01
-7.468276214599609375e+01
-3.888465499877929688e+01
9.866661071777343750e+01
8.780866241455078125e+01
1.965559768676757812e+01
-3.106863594055175781e+01
7.355481719970703125e+01
3.788339996337890625e+01
1.391867637634277344e+01
5.490554046630859375e+01
7.043728637695312500e+01
1.158730602264404297e+01
9.520711517333984375e+01
3.569713973999023438e+01
-4.151931381225585938e+01
-2.437126731872558594e+01
-4.114709472656250000e+01
-4.039942932128906250e+01
3.207489776611328125e+01
-1.004100513458251953e+01
6.256136417388916016e+00
7.965336322784423828e+00
8.787782287597656250e+01
3.076171684265136719e+01
-6.645882415771484375e+01
-2.087476348876953125e+01
1.105131301879882812e+02
-8.751206207275390625e+01
-1.422669887542724609e+00
5.998543548583984375e+01
5.251769638061523438e+01
-1.581996822357177734e+01
3.354333877563476562e+01
8.171830749511718750e+01
-7.551612091064453125e+01
-1.972149658203125000e+01
9.035239815711975098e-01
2.379151105880737305e+00
7.777954101562500000e+01
1.439971313476562500e+02
9.959587860107421875e+01
-4.455721855163574219e+00
5.685235595703125000e+01
-1.465155029296875000e+01
-3.854097747802734375e+01
-3.945094299316406250e+01
-1.020849761962890625e+02
-1.062042160034179688e+02
-1.826260566711425781e+01
9.340563201904296875e+01
3.764472961425781250e+01
9.377890586853027344e+00
1.076981887817382812e+02
6.450784301757812500e+01
5.540872573852539062e+00
3.742793560028076172e+00
2.528775787353515625e+01
2.123092079162597656e+01
2.002255821228027344e+01
9.200943756103515625e+01
1.244900894165039062e+02
1.333738899230957031e+01
-1.587119483947753906e+01
5.913645935058593750e+01
-4.504114151000976562e+01
3.699055862426757812e+01
3.264656066894531250e+01
-4.260953521728515625e+01
-3.004141426086425781e+01
4.958679199218750000e+01
4.665081405639648438e+01
5.844885635375976562e+01
5.879158401489257812e+01
-1.735985517501831055e+00
-2.954442405700683594e+01
-1.445992851257324219e+01
6.150839996337890625e+01
-2.314849662780761719e+01
2.786943244934082031e+01
1.239811553955078125e+02
2.847121620178222656e+01
-6.530765056610107422e+00
4.812819957733154297e+00
8.651188659667968750e+01
8.408442687988281250e+01
3.573647308349609375e+01
4.642133331298828125e+01
-2.225898742675781250e+01
-9.272019958496093750e+01
-5.072766113281250000e+01
1.662979507446289062e+01
-5.155289173126220703e-01
8.330129241943359375e+01
6.405095672607421875e+01
-8.186433410644531250e+01
1.166728615760803223e+00
2.723715591430664062e+01
-4.539766693115234375e+01
-2.585172462463378906e+01
8.824354171752929688e+00
4.109501266479492188e+01
6.329001617431640625e+01
5.741240310668945312e+01
6.800174713134765625e+01
-7.948604583740234375e+01
-1.961471939086914062e+01
6.380287170410156250e+00
-5.242843627929687500e+01
-3.710813903808593750e+01
-2.965118026733398438e+01
-4.127143859863281250e+01
-1.614885330200195312e+01
3.371354675292968750e+01
4.937368774414062500e+01
1.797068214416503906e+01
-1.470547485351562500e+02
1.164989590644836426e+00
5.659881591796875000e+01
4.369442367553710938e+01
4.359864044189453125e+01
-6.835408782958984375e+01
-4.355610656738281250e+01
1.283174800872802734e+01
1.050025463104248047e+00
-6.415785980224609375e+01
-1.669424819946289062e+01
5.828678131103515625e+01
-7.604940891265869141e+00
-1.503563308715820312e+01
-7.931003570556640625e+01
6.512485504150390625e+01
-8.808925151824951172e-01
6.054310989379882812e+01
6.635403442382812500e+01
-5.469706726074218750e+01
7.240724563598632812e+00
3.804521560668945312e+01
3.710165023803710938e+00
8.033980560302734375e+01
-2.426270866394042969e+01
-9.614381790161132812e+00
-6.666777038574218750e+01
-1.086783504486083984e+01
-6.537624359130859375e+00
-4.963159561157226562e+00
-2.158241462707519531e+01
-9.124370574951171875e+00
-7.738716125488281250e+01
-4.241267395019531250e+01
1.366191577911376953e+01
-3.420541381835937500e+01
-4.988259506225585938e+01
3.852611923217773438e+01
5.178998947143554688e+01
-1.055652904510498047e+01
2.786849021911621094e+00
-4.169355773925781250e+01
-1.408528423309326172e+01
-5.819283294677734375e+01
-1.432773017883300781e+01
4.590980148315429688e+01
-6.098480606079101562e+01
4.712130355834960938e+01
7.155496978759765625e+01
1.217560195922851562e+01
5.781460571289062500e+01
-3.380936050415039062e+01
-5.916273498535156250e+01
-4.599205780029296875e+01
1.584187793731689453e+01
6.978454589843750000e+01
5.078657531738281250e+01
9.393824577331542969e+00
-4.034983444213867188e+01
-9.849755096435546875e+01
4.037356948852539062e+01
2.813147926330566406e+01
-4.706979751586914062e+01
-3.301601409912109375e+01
1.440785694122314453e+01
1.418869590759277344e+01
-2.491881370544433594e+01
2.276792144775390625e+01
-2.683815956115722656e+01
5.138539505004882812e+01
1.273983478546142578e+00
5.516458129882812500e+01
9.030709838867187500e+01
-4.702378463745117188e+01
8.099649810791015625e+01
3.474335479736328125e+01
4.096139907836914062e+01
1.229293060302734375e+02
9.072454071044921875e+01
6.226188278198242188e+01
5.112637329101562500e+01
5.757086944580078125e+01
-4.760079193115234375e+01
-3.322860717773437500e+01
1.937813186645507812e+01
-4.549805450439453125e+01
-8.877046966552734375e+01
9.680356597900390625e+01
6.279914093017578125e+01
1.437002944946289062e+01
6.808887481689453125e+01
4.988511657714843750e+01
5.678503799438476562e+01
1.486249732971191406e+01
4.084855651855468750e+01
-3.630506134033203125e+01
4.907430267333984375e+01
1.145414886474609375e+02
1.218358993530273438e+02
2.219820022583007812e+01
-5.979577636718750000e+01
1.356877803802490234e+01
-2.063789749145507812e+01
-1.713237380981445312e+01
1.859791183471679688e+01
-7.691044330596923828e+00
5.341915607452392578e+00
1.283097505569458008e+00
-2.301993179321289062e+01
1.836942863464355469e+01
1.222487640380859375e+01
-9.693030118942260742e-01
-2.234428024291992188e+01
6.550364685058593750e+01
1.331348724365234375e+02
-1.680829811096191406e+01
-4.536044311523437500e+01
6.454773712158203125e+01
9.014570617675781250e+01
1.226128540039062500e+02
1.619848251342773438e+01
-1.680828285217285156e+01
-4.568293380737304688e+01
6.715037536621093750e+01
4.582618331909179688e+01
3.936273336410522461e+00
-4.880484008789062500e+01
-2.343851852416992188e+01
5.588881301879882812e+01
-1.675160789489746094e+01
-5.738859176635742188e+01
-5.781647872924804688e+01
-4.552842712402343750e+01
-2.722756385803222656e+01
-3.483850479125976562e+01
2.151049423217773438e+01
-4.158308792114257812e+01
2.708239936828613281e+01
5.870645523071289062e+01
7.758976745605468750e+01
5.591272354125976562e+01
1.074582824707031250e+02
7.137046813964843750e+01
4.991558837890625000e+01
1.029473342895507812e+02
3.396929550170898438e+01
1.509039688110351562e+01
8.414182662963867188e+00
-9.218775749206542969e+00
-2.913798522949218750e+01
1.531458282470703125e+01
6.436168670654296875e+01
-3.301787185668945312e+01
-3.448106765747070312e+01
4.641278088092803955e-01
4.108733749389648438e+01
8.098730087280273438e+00
1.205387973785400391e+01
5.021212768554687500e+01
3.601447677612304688e+01
5.517072296142578125e+01
-5.608436965942382812e+01
4.107809066772460938e+01
6.679559230804443359e+00
2.101545524597167969e+01
4.334435272216796875e+01
3.590960693359375000e+01
2.913763427734375000e+01
-6.436326503753662109e+00
-2.252883148193359375e+01
-3.351411437988281250e+01
6.809472656250000000e+01
3.577128601074218750e+01
1.357740783691406250e+01
-5.763999176025390625e+01
7.699783325195312500e+01
7.422755432128906250e+01
3.705316543579101562e+01
4.039263153076171875e+01
-1.058663711547851562e+02
-4.036622238159179688e+01
2.511584520339965820e+00
2.178485488891601562e+01
-4.220366954803466797e+00
9.561649322509765625e+00
3.210723876953125000e+01
4.522444534301757812e+01
4.027670288085937500e+01
6.460239410400390625e+01
7.567060852050781250e+01
4.184433364868164062e+01
-2.414334678649902344e+01
5.530197525024414062e+01
4.999385833740234375e+01
-8.234999656677246094e+00
3.105081319808959961e+00
-3.817146682739257812e+01
-3.853587341308593750e+01
-9.327808380126953125e+00
4.003599929809570312e+01
-4.387113952636718750e+01
-3.497172927856445312e+01
1.583554172515869141e+01
-4.822682380676269531e+00
-3.923041915893554688e+01
-1.895665359497070312e+01
-3.702835083007812500e+01
8.426186561584472656e+00
5.466756820678710938e+01
2.842526245117187500e+01
5.468355560302734375e+01
-1.484148216247558594e+01
7.730423927307128906e+00
4.422226715087890625e+01
3.143855285644531250e+01
3.334531784057617188e+01
2.649462699890136719e+01
-3.136725234985351562e+01
-6.764285278320312500e+01
2.689369392395019531e+01
1.765218162536621094e+01
-1.963752174377441406e+01
-1.215909576416015625e+02
-7.348519897460937500e+01
3.758617401123046875e+01
5.943711853027343750e+01
6.802143859863281250e+01
-1.007972621917724609e+01
3.630446434020996094e+00
1.000670852661132812e+02
-2.072478103637695312e+01
-3.046550941467285156e+01
2.381108665466308594e+01
-3.963274765014648438e+01
6.811268615722656250e+01
6.857713317871093750e+01
2.206509590148925781e+01
-3.505575561523437500e+01
-4.488623809814453125e+01
6.402830600738525391e+00
5.232186126708984375e+01
5.299536514282226562e+01
3.273445129394531250e+01
-2.107943153381347656e+01
-5.529465866088867188e+01
1.272451758384704590e+00
1.272669067382812500e+02
4.934235763549804688e+01
6.903013229370117188e+00
-5.261729049682617188e+01
9.582651519775390625e+01
1.041088867187500000e+02
5.799871444702148438e+01
5.238173294067382812e+01
-3.686777114868164062e+00
3.154038047790527344e+01
5.677082824707031250e+01
-7.898533821105957031e+00
2.154665756225585938e+01
-6.915679454803466797e+00
-4.757091140747070312e+01
-2.114662408828735352e+00
2.241502761840820312e+01
6.730267333984375000e+01
5.998495864868164062e+01
4.054657745361328125e+01
9.104550933837890625e+01
9.098558807373046875e+01
-1.905771827697753906e+01
-5.355108642578125000e+01
-4.905379104614257812e+01
-5.320722961425781250e+01
3.197546005249023438e+01
2.261872100830078125e+01
-4.400050735473632812e+01
-1.715890884399414062e+01
-5.833824157714843750e+01
1.147612228393554688e+02
-3.637709045410156250e+01
-5.140195465087890625e+01
5.963906764984130859e+00
-4.898163986206054688e+01
-7.758908748626708984e+00
4.604743957519531250e+00
-6.398243713378906250e+01
1.937170600891113281e+01
6.114381790161132812e+00
-3.921973037719726562e+01
7.953072357177734375e+01
-2.180965614318847656e+01
4.024874877929687500e+01
-1.371076202392578125e+01
4.746688842773437500e+01
1.251268234252929688e+02
2.050989341735839844e+01
-4.040225219726562500e+01
-4.953684234619140625e+01
-3.091634559631347656e+01
2.588654518127441406e+01
5.869612121582031250e+01
7.354397583007812500e+01
-1.782069969177246094e+01
1.420501828193664551e+00
1.574364376068115234e+01
9.648101806640625000e+01
3.997904968261718750e+01
9.235301971435546875e+00
5.405072402954101562e+01
-5.246666336059570312e+01
-2.188414001464843750e+01
2.549442863464355469e+01
-7.491963958740234375e+01
-1.566295242309570312e+01
-1.493564224243164062e+01
-2.054977798461914062e+01
-3.052900123596191406e+01
-9.912717819213867188e+00
5.497267913818359375e+01
6.742314147949218750e+01
-2.066490173339843750e+01
9.924443960189819336e-01
-3.886141967773437500e+01
-4.974974632263183594e+00
8.527069091796875000e+01
3.569659423828125000e+01
3.032383918762207031e+01
5.197111892700195312e+01
6.656179046630859375e+01
3.715373992919921875e+01
-2.012948226928710938e+01
-2.361995887756347656e+01
-3.349096679687500000e+01
