3.253894567489624023e+00
3.245190620422363281e+00
3.236459732055664062e+00
3.227700233459472656e+00
3.218909263610839844e+00
3.210093975067138672e+00
3.201248168945312500e+00
3.192376136779785156e+00
3.183475494384765625e+00
3.174548625946044922e+00
3.165596961975097656e+00
3.156619071960449219e+00
3.147611856460571289e+00
3.138582706451416016e+00
2.962619304656982422e+00
2.953149318695068359e+00
2.943658351898193359e+00
2.934153318405151367e+00
2.924629449844360352e+00
2.915089130401611328e+00
2.905528068542480469e+00
2.895950078964233398e+00
2.886357545852661133e+00
2.876746177673339844e+00
2.867119073867797852e+00
2.857480049133300781e+00
2.847821235656738281e+00
2.838149547576904297e+00
2.651873588562011719e+00
2.641956806182861328e+00
2.632032632827758789e+00
2.622098445892333984e+00
2.612158298492431641e+00
2.602208852767944336e+00
2.592252016067504883e+00
2.582289934158325195e+00
2.572315692901611328e+00
2.562336683273315430e+00
2.552348136901855469e+00
2.542355537414550781e+00
2.532358169555664062e+00
2.522354364395141602e+00
2.331470489501953125e+00
2.321400880813598633e+00
2.311333656311035156e+00
2.301259994506835938e+00
2.291188001632690430e+00
2.281121253967285156e+00
2.271048545837402344e+00
2.260982275009155273e+00
2.250915527343750000e+00
2.240851402282714844e+00
2.230784893035888672e+00
2.220723628997802734e+00
2.210663557052612305e+00
2.200598716735839844e+00
2.010218858718872070e+00
2.000254392623901367e+00
1.990299463272094727e+00
1.980347633361816406e+00
1.970403552055358887e+00
1.960468769073486328e+00
1.950537681579589844e+00
1.940618634223937988e+00
1.930709362030029297e+00
1.920808553695678711e+00
1.910913109779357910e+00
1.901028513908386230e+00
1.891154885292053223e+00
1.881289720535278320e+00
1.695914387702941895e+00
1.686277389526367188e+00
1.676658868789672852e+00
1.667053699493408203e+00
1.657460689544677734e+00
1.647884368896484375e+00
1.638317227363586426e+00
1.628766775131225586e+00
1.619237661361694336e+00
1.609720110893249512e+00
1.600218057632446289e+00
1.590724229812622070e+00
1.581252694129943848e+00
1.571797490119934082e+00
1.395327091217041016e+00
1.386217474937438965e+00
1.377130985260009766e+00
1.368067979812622070e+00
1.359018445014953613e+00
1.349989295005798340e+00
1.340978860855102539e+00
1.331986904144287109e+00
1.323023080825805664e+00
1.314074158668518066e+00
1.305150628089904785e+00
1.296241998672485352e+00
1.287353873252868652e+00
1.278489589691162109e+00
1.114235877990722656e+00
1.105822324752807617e+00
1.097430944442749023e+00
1.089062929153442383e+00
1.080720186233520508e+00
1.072395563125610352e+00
1.064101934432983398e+00
1.055834650993347168e+00
1.047589182853698730e+00
1.039368033409118652e+00
1.031165242195129395e+00
1.022997736930847168e+00
1.014853477478027344e+00
1.006732821464538574e+00
8.573911786079406738e-01
8.497966527938842773e-01
8.422350883483886719e-01
8.346986174583435059e-01
8.271844983100891113e-01
8.197014331817626953e-01
8.122531175613403320e-01
8.048256039619445801e-01
7.974308133125305176e-01
7.900609970092773438e-01
7.827178239822387695e-01
7.754065394401550293e-01
7.681233882904052734e-01
7.608660459518432617e-01
6.285363435745239258e-01
6.218690872192382812e-01
6.152334809303283691e-01
6.086266040802001953e-01
6.020452380180358887e-01
5.954988598823547363e-01
5.889810919761657715e-01
5.824930667877197266e-01
5.760438442230224609e-01
5.696137547492980957e-01
5.632189512252807617e-01
5.568554401397705078e-01
5.505226850509643555e-01
5.442220568656921387e-01
4.304064214229583740e-01
4.247365593910217285e-01
4.190886914730072021e-01
4.134782850742340088e-01
4.079000353813171387e-01
4.023508131504058838e-01
3.968358635902404785e-01
3.913528919219970703e-01
3.859000802040100098e-01
3.804814219474792480e-01
3.750932216644287109e-01
3.697367608547210693e-01
3.644155561923980713e-01
3.591204285621643066e-01
2.647243738174438477e-01
2.600783109664916992e-01
2.554650008678436279e-01
2.508862316608428955e-01
2.463423758745193481e-01
2.418269217014312744e-01
2.373430430889129639e-01
2.328968793153762817e-01
2.284774482250213623e-01
2.240938991308212280e-01
2.197422683238983154e-01
2.154215127229690552e-01
2.111314088106155396e-01
2.068767845630645752e-01
1.321914345026016235e-01
1.285808980464935303e-01
1.250074356794357300e-01
1.214623376727104187e-01
1.179521083831787109e-01
1.144710183143615723e-01
1.110237091779708862e-01
1.076083034276962280e-01
1.042228564620018005e-01
1.008714139461517334e-01
9.755361825227737427e-02
9.426490962505340576e-02
9.100756794214248657e-02
8.778340369462966919e-02
3.250509873032569885e-02
2.990660630166530609e-02
2.733878232538700104e-02
2.480540052056312561e-02
2.229786291718482971e-02
1.982626877725124359e-02
1.738044247031211853e-02
1.496769767254590988e-02
1.258489023894071579e-02
1.023203879594802856e-02
7.908874191343784332e-03
5.616354290395975113e-03
3.356138942763209343e-03
1.123933121562004089e-03
