-2.041304939397351992e+25
-2.199579387055585473e+25
-2.369304189928972316e+25
-2.551250883088395422e+25
-2.746228817430088797e+25
-1.901996557775363171e+26
-2.029654852060740540e+26
-2.165308518629985841e+26
-2.309435697089489624e+26
-2.462512682371235071e+26
-1.347534064288672387e+27
-1.427259711583624352e+27
-1.511390736511283336e+27
-1.600155140828400392e+27
-1.693787714693545693e+27
-7.707400900003014095e+27
-8.115080437285909132e+27
-8.542919166788364325e+27
-8.991810796367262755e+27
-9.462746432688196689e+27
-3.712315099658050269e+28
-3.889857189948017450e+28
-4.075335217112447070e+28
-4.269079274568491718e+28
-4.471429844939566293e+28
