-1.322364993393421173e-02
-1.319071743637323380e-02
-1.315867062658071518e-02
-1.312761008739471436e-02
-1.309743896126747131e-02
-1.306822150945663452e-02
-1.303995307534933090e-02
-1.301260665059089661e-02
-1.298616733402013779e-02
-1.296068076044321060e-02
-1.263201329857110977e-02
-1.262896042317152023e-02
-1.262677740305662155e-02
-1.262550987303256989e-02
-1.262522861361503601e-02
-1.262587402015924454e-02
-1.262743584811687469e-02
-1.262998022139072418e-02
-1.263340003788471222e-02
-1.263776980340480804e-02
-1.299600023776292801e-02
-1.302282791584730148e-02
-1.305051427334547043e-02
-1.307911425828933716e-02
-1.310876011848449707e-02
-1.313925161957740784e-02
-1.317068375647068024e-02
-1.320305746048688889e-02
-1.323631498962640762e-02
-1.327059417963027954e-02
-1.431570202112197876e-02
-1.437237299978733063e-02
-1.442993618547916412e-02
-1.448844559490680695e-02
-1.454784814268350601e-02
-1.460824068635702133e-02
-1.466954499483108521e-02
-1.473178993910551071e-02
-1.479492615908384323e-02
-1.485907286405563354e-02
-1.659102365374565125e-02
-1.667757146060466766e-02
-1.676497794687747955e-02
-1.685341261327266693e-02
-1.694272831082344055e-02
-1.703293621540069580e-02
-1.712409220635890961e-02
-1.721621491014957428e-02
-1.730920560657978058e-02
-1.740318350493907928e-02
-1.982213743031024933e-02
-1.993851922452449799e-02
-2.005580998957157135e-02
-2.017400972545146942e-02
-2.029320225119590759e-02
-2.041328325867652893e-02
-2.053432539105415344e-02
-2.065630257129669189e-02
-2.077919989824295044e-02
-2.090303599834442139e-02
-2.400884218513965607e-02
-2.415506727993488312e-02
-2.430224418640136719e-02
-2.445032633841037750e-02
-2.459935657680034637e-02
-2.474934235215187073e-02
-2.490023709833621979e-02
-2.505208179354667664e-02
-2.520482242107391357e-02
-2.535852417349815369e-02
-2.915126271545886993e-02
-2.932737208902835846e-02
-2.950436994433403015e-02
-2.968233264982700348e-02
-2.986123599112033844e-02
-3.004106506705284119e-02
-3.022182360291481018e-02
-3.040350973606109619e-02
-3.058613836765289307e-02
-3.076972812414169312e-02
-3.524930030107498169e-02
-3.545526787638664246e-02
-3.566217795014381409e-02
-3.586996719241142273e-02
-3.607874363660812378e-02
-3.628844395279884338e-02
-3.649903088808059692e-02
-3.671064972877502441e-02
-3.692311793565750122e-02
-3.713656961917877197e-02
-4.230305179953575134e-02
-4.253884032368659973e-02
-4.277561232447624207e-02
-4.301333054900169373e-02
-4.325190559029579163e-02
-4.349151998758316040e-02
-4.373199492692947388e-02
-4.397342354059219360e-02
-4.421579837799072266e-02
-4.445907846093177795e-02
