-1.268008651733398438e+02
-1.276728134155273438e+02
-1.285499572753906250e+02
-1.294302978515625000e+02
-1.303154449462890625e+02
-1.312048492431640625e+02
-1.320990753173828125e+02
-1.329973907470703125e+02
-1.339007568359375000e+02
-1.348084106445312500e+02
-1.357195587158203125e+02
-1.366366271972656250e+02
-1.375576629638671875e+02
-1.384832153320312500e+02
-1.394126739501953125e+02
-1.403480224609375000e+02
-1.412872924804687500e+02
-1.422307281494140625e+02
-1.431794433593750000e+02
-1.441323547363281250e+02
-1.450901184082031250e+02
-1.460530242919921875e+02
-1.470203704833984375e+02
-1.479914855957031250e+02
-1.489679870605468750e+02
-1.499501190185546875e+02
-1.509352111816406250e+02
-1.519261474609375000e+02
-1.569517669677734375e+02
-1.579713439941406250e+02
-1.589961853027343750e+02
-1.600254669189453125e+02
-1.610588989257812500e+02
-1.620979919433593750e+02
-1.631421508789062500e+02
-1.641908264160156250e+02
-1.652444458007812500e+02
-1.663032226562500000e+02
-1.673675079345703125e+02
-1.684365234375000000e+02
-1.695100860595703125e+02
-1.705888519287109375e+02
-1.716722106933593750e+02
-1.727613372802734375e+02
-1.738563079833984375e+02
-1.749545745849609375e+02
-1.760589599609375000e+02
-1.771679687500000000e+02
-1.782818603515625000e+02
-1.794016265869140625e+02
-1.805265655517578125e+02
-1.816566619873046875e+02
-1.827914886474609375e+02
-1.839319915771484375e+02
-1.850777587890625000e+02
-1.862286682128906250e+02
-1.920603485107421875e+02
-1.932433166503906250e+02
-1.944306335449218750e+02
-1.956246032714843750e+02
-1.968231353759765625e+02
-1.980265197753906250e+02
-1.992358703613281250e+02
-2.004515380859375000e+02
-2.016714324951171875e+02
-2.028966217041015625e+02
-2.041282806396484375e+02
-2.053655242919921875e+02
-2.066065673828125000e+02
-2.078544464111328125e+02
-2.091073913574218750e+02
-2.103667297363281250e+02
-2.116307830810546875e+02
-2.129006805419921875e+02
-2.141764831542968750e+02
-2.154567108154296875e+02
-2.167449493408203125e+02
-2.180364837646484375e+02
-2.193342590332031250e+02
-2.206388854980468750e+02
-2.219480743408203125e+02
-2.232638092041015625e+02
-2.245832824707031250e+02
-2.259104919433593750e+02
-2.326316680908203125e+02
-2.339931945800781250e+02
-2.353602294921875000e+02
-2.367330932617187500e+02
-2.381118774414062500e+02
-2.394975433349609375e+02
-2.408881378173828125e+02
-2.422853546142578125e+02
-2.436878967285156250e+02
-2.450973358154296875e+02
-2.465118103027343750e+02
-2.479329528808593750e+02
-2.493604583740234375e+02
-2.507926940917968750e+02
-2.522319946289062500e+02
-2.536759948730468750e+02
-2.551274414062500000e+02
-2.565843811035156250e+02
-2.580474243164062500e+02
-2.595169067382812500e+02
-2.609932556152343750e+02
-2.624754028320312500e+02
-2.639638061523437500e+02
-2.654573364257812500e+02
-2.669581604003906250e+02
-2.684648437500000000e+02
-2.699777832031250000e+02
-2.714974060058593750e+02
-2.791880798339843750e+02
-2.807447204589843750e+02
-2.823090820312500000e+02
-2.838799133300781250e+02
-2.854550170898437500e+02
-2.870386962890625000e+02
-2.886281127929687500e+02
-2.902236938476562500e+02
-2.918268737792968750e+02
-2.934350891113281250e+02
-2.950505371093750000e+02
-2.966733398437500000e+02
-2.983016357421875000e+02
-2.999367675781250000e+02
-3.015785827636718750e+02
-3.032273559570312500e+02
-3.048816528320312500e+02
-3.065437927246093750e+02
-3.082129516601562500e+02
-3.098876953125000000e+02
-3.115698852539062500e+02
-3.132579650878906250e+02
-3.149524841308593750e+02
-3.166553344726562500e+02
-3.183645324707031250e+02
-3.200801086425781250e+02
-3.218026123046875000e+02
-3.235310974121093750e+02
-3.322804870605468750e+02
-3.340519409179687500e+02
-3.358291931152343750e+02
-3.376129455566406250e+02
-3.394052734375000000e+02
-3.412039184570312500e+02
-3.430099487304687500e+02
-3.448233642578125000e+02
-3.466419372558593750e+02
-3.484691467285156250e+02
-3.503038330078125000e+02
-3.521440429687500000e+02
-3.539914550781250000e+02
-3.558467407226562500e+02
-3.577096557617187500e+02
-3.595793151855468750e+02
-3.614562988281250000e+02
-3.633407592773437500e+02
-3.652322082519531250e+02
-3.671304626464843750e+02
-3.690371704101562500e+02
-3.709503784179687500e+02
-3.728718261718750000e+02
-3.748000488281250000e+02
-3.767332763671875000e+02
-3.786757812500000000e+02
-3.806262512207031250e+02
-3.825841064453125000e+02
-3.924832153320312500e+02
-3.944853515625000000e+02
-3.964948425292968750e+02
-3.985131225585937500e+02
-4.005375366210937500e+02
-4.025701599121093750e+02
-4.046104125976562500e+02
-4.066580810546875000e+02
-4.087145996093750000e+02
-4.107772521972656250e+02
-4.128481445312500000e+02
-4.149265136718750000e+02
-4.170128784179687500e+02
-4.191059570312500000e+02
-4.212081909179687500e+02
-4.233186645507812500e+02
-4.254360961914062500e+02
-4.275617675781250000e+02
-4.296938171386718750e+02
-4.318347778320312500e+02
-4.339840393066406250e+02
-4.361401672363281250e+02
-4.383056640625000000e+02
-4.404772338867187500e+02
-4.426581420898437500e+02
-4.448477783203125000e+02
-4.470432128906250000e+02
-4.492482299804687500e+02
-4.603902282714843750e+02
-4.626443786621093750e+02
-4.649043579101562500e+02
-4.671741638183593750e+02
-4.694510192871093750e+02
-4.717383422851562500e+02
-4.740311279296875000e+02
-4.763337707519531250e+02
-4.786440429687500000e+02
-4.809623413085937500e+02
-4.832891235351562500e+02
-4.856240234375000000e+02
-4.879681396484375000e+02
-4.903207397460937500e+02
-4.926809692382812500e+02
-4.950502319335937500e+02
-4.974291992187500000e+02
-4.998125610351562500e+02
-5.022079162597656250e+02
-5.046103210449218750e+02
-5.070210266113281250e+02
-5.094404296875000000e+02
-5.118686218261718750e+02
-5.143054199218750000e+02
-5.167500610351562500e+02
-5.192034912109375000e+02
-5.216665039062500000e+02
-5.241369628906250000e+02
-5.366244506835937500e+02
-5.391478271484375000e+02
-5.416793212890625000e+02
-5.442203369140625000e+02
-5.467711791992187500e+02
-5.493281250000000000e+02
-5.518956909179687500e+02
-5.544735107421875000e+02
-5.570582885742187500e+02
-5.596517944335937500e+02
-5.622559204101562500e+02
-5.648675537109375000e+02
-5.674883422851562500e+02
-5.701184692382812500e+02
-5.727562866210937500e+02
-5.754054565429687500e+02
-5.780636596679687500e+02
-5.807282104492187500e+02
-5.834035034179687500e+02
-5.860872802734375000e+02
-5.887814331054687500e+02
-5.914855957031250000e+02
-5.941948852539062500e+02
-5.969179687500000000e+02
-5.996475219726562500e+02
-6.023872070312500000e+02
-6.051358642578125000e+02
-6.078934936523437500e+02
-6.218239135742187500e+02
-6.246401977539062500e+02
-6.274637451171875000e+02
-6.302963867187500000e+02
-6.331396484375000000e+02
-6.359915161132812500e+02
-6.388537597656250000e+02
-6.417216186523437500e+02
-6.446063842773437500e+02
-6.474938964843750000e+02
-6.503952636718750000e+02
-6.533045654296875000e+02
-6.562243041992187500e+02
-6.591517333984375000e+02
-6.620902099609375000e+02
-6.650396118164062500e+02
-6.679950561523437500e+02
-6.709638671875000000e+02
-6.739414062500000000e+02
-6.769283447265625000e+02
-6.799253540039062500e+02
-6.829323120117187500e+02
-6.859495849609375000e+02
-6.889758911132812500e+02
-6.920124511718750000e+02
-6.950599975585937500e+02
-6.981168823242187500e+02
-7.011832275390625000e+02
-7.166636352539062500e+02
-7.197884521484375000e+02
-7.229241333007812500e+02
-7.260723876953125000e+02
-7.292298583984375000e+02
-7.323966064453125000e+02
-7.355744018554687500e+02
-7.387612304687500000e+02
-7.419584960937500000e+02
-7.451658325195312500e+02
-7.483852539062500000e+02
-7.516127319335937500e+02
-7.548508911132812500e+02
-7.581007080078125000e+02
-7.613599243164062500e+02
-7.646298217773437500e+02
-7.679100952148437500e+02
-7.712020263671875000e+02
-7.745015869140625000e+02
-7.778155517578125000e+02
-7.811351318359375000e+02
-7.844677734375000000e+02
-7.878109130859375000e+02
-7.911659545898437500e+02
-7.945264282226562500e+02
-7.979042968750000000e+02
-8.012898559570312500e+02
-8.046844482421875000e+02
-8.218262329101562500e+02
-8.252874755859375000e+02
-8.287572021484375000e+02
-8.322399902343750000e+02
-8.357337036132812500e+02
-8.392382812500000000e+02
-8.427526245117187500e+02
-8.462766723632812500e+02
-8.498157348632812500e+02
-8.533615722656250000e+02
-8.569201660156250000e+02
-8.604887084960937500e+02
-8.640693359375000000e+02
-8.676630249023437500e+02
-8.712614746093750000e+02
-8.748778076171875000e+02
-8.785041503906250000e+02
-8.821394653320312500e+02
-8.857855834960937500e+02
-8.894465332031250000e+02
-8.931125488281250000e+02
-8.967966918945312500e+02
-9.004861450195312500e+02
-9.041890869140625000e+02
-9.079056396484375000e+02
-9.116286621093750000e+02
-9.153666992187500000e+02
-9.191160888671875000e+02
-9.380292358398437500e+02
-9.418465576171875000e+02
-9.456780395507812500e+02
-9.495180664062500000e+02
-9.533700561523437500e+02
-9.572316284179687500e+02
-9.611069335937500000e+02
-9.649932861328125000e+02
-9.688925170898437500e+02
-9.728026733398437500e+02
-9.767227172851562500e+02
-9.806576538085937500e+02
-9.846022338867187500e+02
-9.885602416992187500e+02
-9.925287475585937500e+02
-9.965102539062500000e+02
-1.000502014160156250e+03
-1.004504577636718750e+03
-1.008522460937500000e+03
-1.012552246093750000e+03
-1.016589721679687500e+03
-1.020644653320312500e+03
-1.024706787109375000e+03
-1.028784545898437500e+03
-1.032871704101562500e+03
-1.036971923828125000e+03
-1.041082153320312500e+03
-1.045206542968750000e+03
-1.066013793945312500e+03
-1.070210571289062500e+03
-1.074420043945312500e+03
-1.078642944335937500e+03
-1.082877319335937500e+03
-1.087121948242187500e+03
-1.091382690429687500e+03
-1.095654296875000000e+03
-1.099935180664062500e+03
-1.104233154296875000e+03
-1.108541992187500000e+03
-1.112862915039062500e+03
-1.117196533203125000e+03
-1.121543701171875000e+03
-1.125899536132812500e+03
-1.130273681640625000e+03
-1.134658447265625000e+03
-1.139054199218750000e+03
-1.143459228515625000e+03
-1.147885986328125000e+03
-1.152320678710937500e+03
-1.156768066406250000e+03
-1.161226074218750000e+03
-1.165697509765625000e+03
-1.170184082031250000e+03
-1.174681762695312500e+03
-1.179195800781250000e+03
-1.183718994140625000e+03
-1.206533813476562500e+03
-1.211134887695312500e+03
-1.215747558593750000e+03
-1.220378173828125000e+03
-1.225021118164062500e+03
-1.229673461914062500e+03
-1.234341308593750000e+03
-1.239018554687500000e+03
-1.243713134765625000e+03
-1.248423095703125000e+03
-1.253138671875000000e+03
-1.257876098632812500e+03
-1.262618652343750000e+03
-1.267380249023437500e+03
-1.272154541015625000e+03
-1.276942016601562500e+03
-1.281738769531250000e+03
-1.286552978515625000e+03
-1.291380737304687500e+03
-1.296220581054687500e+03
-1.301074218750000000e+03
-1.305939086914062500e+03
-1.310817504882812500e+03
-1.315713623046875000e+03
-1.320623901367187500e+03
-1.325541381835937500e+03
-1.330479003906250000e+03
-1.335428710937500000e+03
-1.360380493164062500e+03
-1.365409179687500000e+03
-1.370454223632812500e+03
-1.375511474609375000e+03
-1.380582763671875000e+03
-1.385675292968750000e+03
-1.390767333984375000e+03
-1.395883789062500000e+03
-1.401011230468750000e+03
-1.406155761718750000e+03
-1.411313232421875000e+03
-1.416483642578125000e+03
-1.421665771484375000e+03
-1.426864013671875000e+03
-1.432077758789062500e+03
-1.437303710937500000e+03
-1.442546997070312500e+03
-1.447800781250000000e+03
-1.453066772460937500e+03
-1.458354125976562500e+03
-1.463653320312500000e+03
-1.468964111328125000e+03
-1.474290893554687500e+03
-1.479629272460937500e+03
-1.484987915039062500e+03
-1.490357910156250000e+03
-1.495743286132812500e+03
-1.501138305664062500e+03
-1.528351318359375000e+03
-1.533836914062500000e+03
-1.539337646484375000e+03
-1.544854125976562500e+03
-1.550387817382812500e+03
-1.555931030273437500e+03
-1.561488891601562500e+03
-1.567065795898437500e+03
-1.572647216796875000e+03
-1.578254394531250000e+03
-1.583875244140625000e+03
-1.589506225585937500e+03
-1.595154663085937500e+03
-1.600820190429687500e+03
-1.606497558593750000e+03
-1.612192871093750000e+03
-1.617899536132812500e+03
-1.623622924804687500e+03
-1.629361206054687500e+03
-1.635114379882812500e+03
-1.640886840820312500e+03
-1.646661254882812500e+03
-1.652466430664062500e+03
-1.658274902343750000e+03
-1.664109130859375000e+03
-1.669953735351562500e+03
-1.675809326171875000e+03
-1.681688964843750000e+03
-1.711292114257812500e+03
-1.717257080078125000e+03
-1.723238159179687500e+03
-1.729238769531250000e+03
-1.735251342773437500e+03
-1.741283081054687500e+03
-1.747325073242187500e+03
-1.753385742187500000e+03
-1.759461181640625000e+03
-1.765554199218750000e+03
-1.771660522460937500e+03
-1.777784912109375000e+03
-1.783925170898437500e+03
-1.790078002929687500e+03
-1.796248535156250000e+03
-1.802431762695312500e+03
-1.808633544921875000e+03
-1.814851440429687500e+03
-1.821089599609375000e+03
-1.827334716796875000e+03
-1.833604614257812500e+03
-1.839887939453125000e+03
-1.846179443359375000e+03
-1.852496459960937500e+03
-1.858828857421875000e+03
-1.865171630859375000e+03
-1.871533691406250000e+03
-1.877911376953125000e+03
-1.910046142578125000e+03
-1.916521972656250000e+03
-1.923015258789062500e+03
-1.929524902343750000e+03
-1.936047729492187500e+03
-1.942590209960937500e+03
-1.949144531250000000e+03
-1.955719848632812500e+03
-1.962312866210937500e+03
-1.968918701171875000e+03
-1.975541748046875000e+03
-1.982178710937500000e+03
-1.988839965820312500e+03
-1.995511596679687500e+03
-2.002202880859375000e+03
-2.008908203125000000e+03
-2.015631225585937500e+03
-2.022366699218750000e+03
-2.029126464843750000e+03
-2.035900268554687500e+03
-2.042693603515625000e+03
-2.049497802734375000e+03
-2.056320800781250000e+03
-2.063166015625000000e+03
-2.070022705078125000e+03
-2.076897460937500000e+03
-2.083792968750000000e+03
-2.090700195312500000e+03
-2.125496093750000000e+03
-2.132507812500000000e+03
-2.139538330078125000e+03
-2.146583251953125000e+03
-2.153647705078125000e+03
-2.160727050781250000e+03
-2.167826416015625000e+03
-2.174943603515625000e+03
-2.182074462890625000e+03
-2.189225830078125000e+03
-2.196392333984375000e+03
-2.203577148437500000e+03
-2.210778320312500000e+03
-2.218001464843750000e+03
-2.225238525390625000e+03
-2.232490966796875000e+03
-2.239768066406250000e+03
-2.247057617187500000e+03
-2.254365234375000000e+03
-2.261692382812500000e+03
-2.269036132812500000e+03
-2.276396972656250000e+03
-2.283774658203125000e+03
-2.291169189453125000e+03
-2.298580810546875000e+03
-2.306017089843750000e+03
-2.313470703125000000e+03
-2.320935302734375000e+03
-2.358549804687500000e+03
-2.366126464843750000e+03
-2.373725830078125000e+03
-2.381334716796875000e+03
-2.388968994140625000e+03
-2.396615234375000000e+03
-2.404280517578125000e+03
-2.411967773437500000e+03
-2.419678710937500000e+03
-2.427393310546875000e+03
-2.435132568359375000e+03
-2.442896240234375000e+03
-2.450673583984375000e+03
-2.458465820312500000e+03
-2.466283447265625000e+03
-2.474117675781250000e+03
-2.481967529296875000e+03
-2.489834960937500000e+03
-2.497725341796875000e+03
-2.505628662109375000e+03
-2.513561279296875000e+03
-2.521503417968750000e+03
-2.529465087890625000e+03
-2.537448486328125000e+03
-2.545446777343750000e+03
-2.553466064453125000e+03
-2.561505859375000000e+03
-2.569559082031250000e+03
-2.610122314453125000e+03
-2.618302490234375000e+03
-2.626484130859375000e+03
-2.634690673828125000e+03
-2.642924316406250000e+03
-2.651168945312500000e+03
-2.659435058593750000e+03
-2.667716308593750000e+03
-2.676020996093750000e+03
-2.684352294921875000e+03
-2.692688964843750000e+03
-2.701057128906250000e+03
-2.709436279296875000e+03
-2.717831787109375000e+03
-2.726255371093750000e+03
-2.734697265625000000e+03
-2.743156738281250000e+03
-2.751635742187500000e+03
-2.760133300781250000e+03
-2.768652832031250000e+03
-2.777184814453125000e+03
-2.785745117187500000e+03
-2.794323730468750000e+03
-2.802920410156250000e+03
-2.811532226562500000e+03
-2.820169921875000000e+03
-2.828825439453125000e+03
-2.837500000000000000e+03
-2.881176269531250000e+03
-2.889972656250000000e+03
-2.898783203125000000e+03
-2.907621582031250000e+03
-2.916478027343750000e+03
-2.925348876953125000e+03
-2.934243652343750000e+03
-2.943158935546875000e+03
-2.952093505859375000e+03
-2.961053466796875000e+03
-2.970025146484375000e+03
-2.979016845703125000e+03
-2.988036376953125000e+03
-2.997075195312500000e+03
-3.006140136718750000e+03
-3.015203613281250000e+03
-3.024306640625000000e+03
-3.033427001953125000e+03
-3.042559570312500000e+03
-3.051724121093750000e+03
-3.060897705078125000e+03
-3.070103027343750000e+03
-3.079322998046875000e+03
-3.088564697265625000e+03
-3.097832275390625000e+03
-3.107110839843750000e+03
-3.116413085937500000e+03
-3.125742675781250000e+03
-3.172668945312500000e+03
-3.182117431640625000e+03
-3.191588134765625000e+03
-3.201074951171875000e+03
-3.210589843750000000e+03
-3.220131835937500000e+03
-3.229684082031250000e+03
-3.239258056640625000e+03
-3.248850097656250000e+03
-3.258470458984375000e+03
-3.268111816406250000e+03
-3.277776367187500000e+03
-3.287453857421875000e+03
-3.297159179687500000e+03
-3.306887695312500000e+03
-3.316631591796875000e+03
-3.326394287109375000e+03
-3.336185302734375000e+03
-3.345992919921875000e+03
-3.355828613281250000e+03
-3.365683593750000000e+03
-3.375550048828125000e+03
-3.385452392578125000e+03
-3.395365966796875000e+03
-3.405310302734375000e+03
-3.415268798828125000e+03
-3.425251953125000000e+03
-3.435256103515625000e+03
-3.485613769531250000e+03
-3.495745361328125000e+03
-3.505907226562500000e+03
-3.516082275390625000e+03
-3.526291503906250000e+03
-3.536505615234375000e+03
-3.546762695312500000e+03
-3.557029296875000000e+03
-3.567314697265625000e+03
-3.577633789062500000e+03
-3.587968505859375000e+03
-3.598311279296875000e+03
-3.608703857421875000e+03
-3.619096679687500000e+03
-3.629530029296875000e+03
-3.639966064453125000e+03
-3.650439208984375000e+03
-3.660925537109375000e+03
-3.671444335937500000e+03
-3.681984863281250000e+03
-3.692532958984375000e+03
-3.703124023437500000e+03
-3.713729980468750000e+03
-3.724351562500000000e+03
-3.734993896484375000e+03
-3.745673095703125000e+03
-3.756359375000000000e+03
-3.767084472656250000e+03
-3.821009765625000000e+03
-3.831864501953125000e+03
-3.842741455078125000e+03
-3.853647216796875000e+03
-3.864560546875000000e+03
-3.875507324218750000e+03
-3.886483398437500000e+03
-3.897476806640625000e+03
-3.908489746093750000e+03
-3.919527343750000000e+03
-3.930602294921875000e+03
-3.941672851562500000e+03
-3.952782226562500000e+03
-3.963919433593750000e+03
-3.975077636718750000e+03
-3.986253417968750000e+03
-3.997458984375000000e+03
-4.008684570312500000e+03
-4.019929687500000000e+03
-4.031202880859375000e+03
-4.042502197265625000e+03
-4.053827148437500000e+03
-4.065165771484375000e+03
-4.076535644531250000e+03
-4.087924072265625000e+03
-4.099337402343750000e+03
-4.110770507812500000e+03
-4.122250488281250000e+03
-4.179916015625000000e+03
-4.191514648437500000e+03
-4.203167968750000000e+03
-4.214803710937500000e+03
-4.226493164062500000e+03
-4.238189453125000000e+03
-4.249916503906250000e+03
-4.261664550781250000e+03
-4.273441406250000000e+03
-4.285241210937500000e+03
-4.297055664062500000e+03
-4.308911621093750000e+03
-4.320781250000000000e+03
-4.332686035156250000e+03
-4.344603515625000000e+03
-4.356554199218750000e+03
-4.368513671875000000e+03
-4.380517089843750000e+03
-4.392532714843750000e+03
-4.404572753906250000e+03
-4.416641601562500000e+03
-4.428737304687500000e+03
-4.440859863281250000e+03
-4.453004394531250000e+03
-4.465161621093750000e+03
-4.477352539062500000e+03
-4.489569335937500000e+03
-4.501805175781250000e+03
-4.563398437500000000e+03
-4.575780273437500000e+03
-4.588203125000000000e+03
-4.600639160156250000e+03
-4.613108398437500000e+03
-4.625603027343750000e+03
-4.638116699218750000e+03
-4.650660156250000000e+03
-4.663223632812500000e+03
-4.675826171875000000e+03
-4.688441406250000000e+03
-4.701090332031250000e+03
-4.713750976562500000e+03
-4.726448242187500000e+03
-4.739163085937500000e+03
-4.751922363281250000e+03
-4.764685058593750000e+03
-4.777474121093750000e+03
-4.790304199218750000e+03
-4.803155273437500000e+03
-4.816015625000000000e+03
-4.828923339843750000e+03
-4.841849121093750000e+03
-4.854803222656250000e+03
-4.867783203125000000e+03
-4.880782226562500000e+03
-4.893823242187500000e+03
-4.906862792968750000e+03
