-2.012365687294516447e+24
-2.231900964976486125e+24
-2.473591935212485580e+24
-2.739495409966733429e+24
-3.031875727074277519e+24
-4.047917548383880273e+25
-4.406209119696142737e+25
-4.793972131677767266e+25
-5.213452475419727998e+25
-5.667026091558718723e+25
-4.957226001197537535e+26
-5.327781982540926162e+26
-5.724142376299264133e+26
-6.147947835890467175e+26
-6.600976258508359415e+26
-4.279988767558055100e+27
-4.557350469675489766e+27
-4.851476572807111673e+27
-5.163298563741666857e+27
-5.493814632694471891e+27
-2.845163470691387362e+28
-3.008042613052044295e+28
-3.179620826710795402e+28
-3.360333749975685406e+28
-3.550622215757890191e+28
