-3.289307575589273600e+16
-4.184880412255846400e+16
-5.906388774341836800e+16
-8.653434824477900800e+16
-1.267366079349391360e+17
-5.736878719391026381e+19
-6.620161270057900442e+19
-7.619626135799306650e+19
-8.748487687162508083e+19
-1.002059625222027346e+20
-2.259337150611605946e+21
-2.480530883359954436e+21
-2.720846337176164631e+21
-2.981809106434008285e+21
-3.264896090336286212e+21
-3.101336779754244250e+22
-3.332685791892341155e+22
-3.579576275984530905e+22
-3.842956239752374990e+22
-4.123736761400490459e+22
-2.521781604146854494e+23
-2.676645263237377887e+23
-2.840157274764333390e+23
-3.012695580808449937e+23
-3.194795209005459141e+23
