-9.104765813529098729e+24
-9.473715106522097347e+24
-9.856600338202031227e+24
-1.025395588768628564e+25
-1.066629134627989682e+25
-1.109410247022984571e+25
-1.153794496770135281e+25
-1.199836647640910636e+25
-1.247592731620434530e+25
-1.297124891177805272e+25
-3.095742505574876571e+25
-3.211628641194734716e+25
-3.331568909993392378e+25
-3.455693361516569209e+25
-3.584136887580304210e+25
-3.717040836361062181e+25
-3.854555087654442011e+25
-3.996817300288093759e+25
-4.143990036194166989e+25
-4.296207495435797939e+25
-9.635539630077316231e+25
-9.970734494303488808e+25
-1.031682769492840899e+26
-1.067413743828734826e+26
-1.104302620290135502e+26
-1.142380112705925653e+26
-1.181687172847948914e+26
-1.222258572828784227e+26
-1.264130560500536433e+26
-1.307342058493201058e+26
-2.778541748439704898e+26
-2.868817162457387650e+26
-2.961844461755986393e+26
-3.057678433165400044e+26
-3.156416844429219264e+26
-3.258134404860942577e+26
-3.362929989008805065e+26
-3.470867053672420291e+26
-3.582035987897749429e+26
-3.696542307060894100e+26
-7.495511267395704908e+26
-7.723991163753145517e+26
-7.958989401596472134e+26
-8.200679380319977628e+26
-8.449224907011036539e+26
-8.704809711240623015e+26
-8.967628590626155430e+26
-9.237866750478133825e+26
-9.515713085455872988e+26
-9.801384529269679743e+26
-1.906720547571711302e+27
-1.961465614042045792e+27
-2.017676532583453538e+27
-2.075395214198470007e+27
-2.134657962079432261e+27
-2.195501079418677360e+27
-2.257970314141508103e+27
-2.322100788848640833e+27
-2.387931315489606636e+27
-2.455510003172949745e+27
-4.604110161997244276e+27
-4.729037415822508946e+27
-4.857131016374537714e+27
-4.988475375954211874e+27
-5.123144281537826264e+27
-5.261205617143572135e+27
-5.402747927143003294e+27
-5.547858575316052828e+27
-5.696607806864153424e+27
-5.849080624383996735e+27
-1.061174542163521007e+28
-1.088471001026128273e+28
-1.116423278534044062e+28
-1.145048257147444632e+28
-1.174359631729130304e+28
-1.204372986088494550e+28
-1.235100598378392829e+28
-1.266563247011349768e+28
-1.298775453264300192e+28
-1.331754335715744503e+28
-2.345597779213083773e+28
-2.402953517449101193e+28
-2.461617115082549360e+28
-2.521619739732215216e+28
-2.582992086780237412e+28
-2.645761545952216593e+28
-2.709966840653312289e+28
-2.775611984895034940e+28
-2.842753410956854839e+28
-2.911420397510965776e+28
-4.992194003441147576e+28
-5.108514862410544390e+28
-5.227370687707945629e+28
-5.348821925624332026e+28
-5.472900216015138806e+28
-5.599687728057167901e+28
-5.729206656872888800e+28
-5.861532088089379128e+28
-5.996722106814378184e+28
-6.134822992239418088e+28
