-1.915103554725646973e+00
-2.539081335067749023e+00
-1.751717567443847656e+00
-4.510613918304443359e+00
-5.135625600814819336e-01
3.169775009155273438e+00
1.907380223274230957e+00
-2.558650016784667969e+00
-3.015226840972900391e+00
1.307372301816940308e-01
1.171413779258728027e+00
1.538493990898132324e+00
6.430124282836914062e+00
7.503607749938964844e+00
4.553684711456298828e+00
3.150181770324707031e+00
3.264052629470825195e+00
2.545281887054443359e+00
-3.192434072494506836e+00
-1.000742316246032715e+00
-2.825826406478881836e-01
-2.922785758972167969e+00
-1.939063906669616699e+00
2.018789768218994141e+00
2.419727087020874023e+00
5.004884243011474609e+00
4.981934547424316406e+00
5.899212837219238281e+00
1.347837090492248535e+00
-1.934668123722076416e-01
-3.315848112106323242e+00
-2.304277181625366211e+00
-1.234673857688903809e+00
5.416578650474548340e-01
-2.098547935485839844e+00
-4.992553591728210449e-01
7.931495308876037598e-01
1.210483193397521973e+00
8.230296373367309570e-01
7.169415950775146484e-01
7.915474176406860352e-01
7.537330985069274902e-01
-5.880675315856933594e-01
-5.085668563842773438e-01
-2.692238330841064453e+00
-2.882206201553344727e+00
3.951672554016113281e+00
4.183856487274169922e+00
7.726536393165588379e-01
-2.080907344818115234e+00
2.939986437559127808e-02
9.888010025024414062e-01
1.337300062179565430e+00
1.171650648117065430e+00
9.340644478797912598e-01
-1.965473771095275879e+00
3.665966272354125977e+00
4.883019447326660156e+00
4.789762973785400391e+00
-1.108815550804138184e+00
2.607237547636032104e-02
-2.207530103623867035e-02
-5.724681019783020020e-01
-3.051104307174682617e+00
-1.269081830978393555e+00
-5.210068821907043457e-01
3.617849588394165039e+00
4.497621059417724609e+00
5.428089141845703125e+00
1.572746038436889648e+00
1.190033555030822754e+00
1.812673568725585938e+00
2.883885860443115234e+00
3.001396894454956055e+00
3.351764202117919922e+00
1.142449021339416504e+00
-3.742641210556030273e+00
-9.652526974678039551e-01
3.302339792251586914e+00
4.501392364501953125e+00
-1.236881390213966370e-01
6.267824769020080566e-01
1.003359436988830566e+00
2.307622283697128296e-01
7.470455765724182129e-01
3.056111812591552734e+00
-2.036396980285644531e+00
-1.707104086875915527e+00
1.134521484375000000e+00
2.413453102111816406e+00
-1.595811128616333008e+00
-1.665709972381591797e+00
-2.109339535236358643e-01
3.455946147441864014e-01
-2.392539978027343750e+00
-3.084151744842529297e+00
-5.783018112182617188e+00
-5.711220264434814453e+00
-1.029264807701110840e+00
4.690092802047729492e-01
