-2.146673400000000000e+07
-2.169950400000000000e+07
-2.193417600000000000e+07
-2.217079200000000000e+07
-2.240934400000000000e+07
-2.264984400000000000e+07
-2.289231000000000000e+07
-2.313674400000000000e+07
-2.338314600000000000e+07
-2.363156200000000000e+07
-2.992025600000000000e+07
-3.021981800000000000e+07
-3.052164600000000000e+07
-3.082576000000000000e+07
-3.113219000000000000e+07
-3.144090600000000000e+07
-3.175196400000000000e+07
-3.206532400000000000e+07
-3.238103800000000000e+07
-3.269913200000000000e+07
-4.069254800000000000e+07
-4.107077200000000000e+07
-4.145167200000000000e+07
-4.183520000000000000e+07
-4.222144800000000000e+07
-4.261039200000000000e+07
-4.300204800000000000e+07
-4.339643600000000000e+07
-4.379354800000000000e+07
-4.419338800000000000e+07
-5.417868000000000000e+07
-5.464839200000000000e+07
-5.512124400000000000e+07
-5.559714400000000000e+07
-5.607614400000000000e+07
-5.655828800000000000e+07
-5.704355200000000000e+07
-5.753196000000000000e+07
-5.802351200000000000e+07
-5.851828400000000000e+07
-7.080514400000000000e+07
-7.138024000000000000e+07
-7.195887200000000000e+07
-7.254100800000000000e+07
-7.312669600000000000e+07
-7.371599200000000000e+07
-7.430891200000000000e+07
-7.490536000000000000e+07
-7.550542400000000000e+07
-7.610914400000000000e+07
-9.102996800000000000e+07
-9.172520800000000000e+07
-9.242447200000000000e+07
-9.312777600000000000e+07
-9.383508000000000000e+07
-9.454646400000000000e+07
-9.526188800000000000e+07
-9.598143200000000000e+07
-9.670509600000000000e+07
-9.743278400000000000e+07
-1.153425120000000000e+08
-1.161737440000000000e+08
-1.170094240000000000e+08
-1.178497440000000000e+08
-1.186946160000000000e+08
-1.195439520000000000e+08
-1.203979440000000000e+08
-1.212565120000000000e+08
-1.221197040000000000e+08
-1.229875120000000000e+08
-1.442636800000000000e+08
-1.452476640000000000e+08
-1.462367200000000000e+08
-1.472308320000000000e+08
-1.482300480000000000e+08
-1.492343520000000000e+08
-1.502437600000000000e+08
-1.512583840000000000e+08
-1.522780480000000000e+08
-1.533029600000000000e+08
-1.783457920000000000e+08
-1.795003040000000000e+08
-1.806603840000000000e+08
-1.818262240000000000e+08
-1.829976640000000000e+08
-1.841747360000000000e+08
-1.853575840000000000e+08
-1.865461440000000000e+08
-1.877404000000000000e+08
-1.889403840000000000e+08
-2.181725600000000000e+08
-2.195163520000000000e+08
-2.208663840000000000e+08
-2.222226400000000000e+08
-2.235851840000000000e+08
-2.249538880000000000e+08
-2.263290240000000000e+08
-2.277104160000000000e+08
-2.290982240000000000e+08
-2.304924640000000000e+08
