8.090096000000000000e+06
8.179398000000000000e+06
8.269443000000000000e+06
8.360242500000000000e+06
8.451793000000000000e+06
8.544103000000000000e+06
8.637172000000000000e+06
8.731006000000000000e+06
8.825611000000000000e+06
8.920990000000000000e+06
1.133832100000000000e+07
1.145357900000000000e+07
1.156972900000000000e+07
1.168676900000000000e+07
1.180469900000000000e+07
1.192352800000000000e+07
1.204326100000000000e+07
1.216389500000000000e+07
1.228544300000000000e+07
1.240790800000000000e+07
1.548834800000000000e+07
1.563422000000000000e+07
1.578113000000000000e+07
1.592908400000000000e+07
1.607808300000000000e+07
1.622813800000000000e+07
1.637924300000000000e+07
1.653140400000000000e+07
1.668463900000000000e+07
1.683893200000000000e+07
2.069503400000000000e+07
2.087656200000000000e+07
2.105928600000000000e+07
2.124322000000000000e+07
2.142836600000000000e+07
2.161472400000000000e+07
2.180229400000000000e+07
2.199110400000000000e+07
2.218113600000000000e+07
2.237241000000000000e+07
2.712563800000000000e+07
2.734824200000000000e+07
2.757221600000000000e+07
2.779758400000000000e+07
2.802433000000000000e+07
2.825248200000000000e+07
2.848201000000000000e+07
2.871295600000000000e+07
2.894530800000000000e+07
2.917908000000000000e+07
3.495982000000000000e+07
3.522932000000000000e+07
3.550037600000000000e+07
3.577300800000000000e+07
3.604720800000000000e+07
3.632300000000000000e+07
3.660037200000000000e+07
3.687933600000000000e+07
3.715990800000000000e+07
3.744208400000000000e+07
4.438963200000000000e+07
4.471222400000000000e+07
4.503657200000000000e+07
4.536268800000000000e+07
4.569059600000000000e+07
4.602027200000000000e+07
4.635174800000000000e+07
4.668500400000000000e+07
4.702008400000000000e+07
4.735695600000000000e+07
5.561951600000000000e+07
5.600178800000000000e+07
5.638604000000000000e+07
5.677228400000000000e+07
5.716048000000000000e+07
5.755069200000000000e+07
5.794291200000000000e+07
5.833714800000000000e+07
5.873339600000000000e+07
5.913168400000000000e+07
6.886634400000000000e+07
6.931528000000000000e+07
6.976638400000000000e+07
7.021975200000000000e+07
7.067528800000000000e+07
7.113306400000000000e+07
7.159307200000000000e+07
7.205528800000000000e+07
7.251980800000000000e+07
7.298652000000000000e+07
8.435936800000000000e+07
8.488231200000000000e+07
8.540772000000000000e+07
8.593552800000000000e+07
8.646580000000000000e+07
8.699856000000000000e+07
8.753374400000000000e+07
8.807144800000000000e+07
8.861160800000000000e+07
8.915428000000000000e+07
