-1.242873287200927734e+01
-1.244828796386718750e+01
-1.246786117553710938e+01
-1.248740768432617188e+01
-1.250696277618408203e+01
-1.252651405334472656e+01
-1.254607391357421875e+01
-1.256562519073486328e+01
-1.258518886566162109e+01
-1.260474872589111328e+01
-1.262428665161132812e+01
-1.264385509490966797e+01
-1.266341114044189453e+01
-1.268296623229980469e+01
-1.270250797271728516e+01
-1.272207736968994141e+01
-1.274163246154785156e+01
-1.276117897033691406e+01
-1.278073883056640625e+01
-1.280029010772705078e+01
-1.281984519958496094e+01
-1.283940982818603516e+01
-1.285896968841552734e+01
-1.287851142883300781e+01
-1.289806652069091797e+01
-1.291763973236083984e+01
-1.293717765808105469e+01
-1.295673751831054688e+01
-1.305451869964599609e+01
-1.307407474517822266e+01
-1.309363842010498047e+01
-1.311319446563720703e+01
-1.313273620605468750e+01
-1.315229225158691406e+01
-1.317185115814208984e+01
-1.319140243530273438e+01
-1.321095371246337891e+01
-1.323050880432128906e+01
-1.325007343292236328e+01
-1.326963329315185547e+01
-1.328918457031250000e+01
-1.330873966217041016e+01
-1.332828617095947266e+01
-1.334784603118896484e+01
-1.336741924285888672e+01
-1.338696098327636719e+01
-1.340652084350585938e+01
-1.342607212066650391e+01
-1.344561862945556641e+01
-1.346517848968505859e+01
-1.348473834991455078e+01
-1.350429821014404297e+01
-1.352384948730468750e+01
-1.354340934753417969e+01
-1.356296920776367188e+01
-1.358252811431884766e+01
-1.368028831481933594e+01
-1.369985198974609375e+01
-1.371939945220947266e+01
-1.373896789550781250e+01
-1.375852298736572266e+01
-1.377806949615478516e+01
-1.379762458801269531e+01
-1.381719398498535156e+01
-1.383674430847167969e+01
-1.385629177093505859e+01
-1.387585544586181641e+01
-1.389542007446289062e+01
-1.391495800018310547e+01
-1.393451690673828125e+01
-1.395406818389892578e+01
-1.397363281250000000e+01
-1.399318408966064453e+01
-1.401273918151855469e+01
-1.403229904174804688e+01
-1.405184078216552734e+01
-1.407141876220703125e+01
-1.409096050262451172e+01
-1.411051177978515625e+01
-1.413008022308349609e+01
-1.414963150024414062e+01
-1.416919517517089844e+01
-1.418872928619384766e+01
-1.420829296112060547e+01
-1.430608749389648438e+01
-1.432564353942871094e+01
-1.434519481658935547e+01
-1.436474514007568359e+01
-1.438429641723632812e+01
-1.440386104583740234e+01
-1.442341136932373047e+01
-1.444297122955322266e+01
-1.446252250671386719e+01
-1.448208713531494141e+01
-1.450163745880126953e+01
-1.452119731903076172e+01
-1.454076194763183594e+01
-1.456030845642089844e+01
-1.457986831665039062e+01
-1.459941005706787109e+01
-1.461896991729736328e+01
-1.463852119445800781e+01
-1.465807247161865234e+01
-1.467762756347656250e+01
-1.469719219207763672e+01
-1.471675205230712891e+01
-1.473631191253662109e+01
-1.475585842132568359e+01
-1.477541828155517578e+01
-1.479497337341308594e+01
-1.481452846527099609e+01
-1.483408832550048828e+01
-1.493186092376708984e+01
-1.495140838623046875e+01
-1.497097206115722656e+01
-1.499053668975830078e+01
-1.501007461547851562e+01
-1.502963829040527344e+01
-1.504919338226318359e+01
-1.506874465942382812e+01
-1.508830928802490234e+01
-1.510785579681396484e+01
-1.512741088867187500e+01
-1.514697551727294922e+01
-1.516652679443359375e+01
-1.518608188629150391e+01
-1.520563697814941406e+01
-1.522519683837890625e+01
-1.524474334716796875e+01
-1.526430320739746094e+01
-1.528386783599853516e+01
-1.530341911315917969e+01
-1.532297897338867188e+01
-1.534252929687500000e+01
-1.536207580566406250e+01
-1.538164043426513672e+01
-1.540120029449462891e+01
-1.542075538635253906e+01
-1.544031143188476562e+01
-1.545985794067382812e+01
-1.555763435363769531e+01
-1.557719898223876953e+01
-1.559675025939941406e+01
-1.561629676818847656e+01
-1.563586044311523438e+01
-1.565541648864746094e+01
-1.567497634887695312e+01
-1.569454002380371094e+01
-1.571408271789550781e+01
-1.573364257812500000e+01
-1.575320625305175781e+01
-1.577275276184082031e+01
-1.579230022430419922e+01
-1.581185531616210938e+01
-1.583141517639160156e+01
-1.585097026824951172e+01
-1.587052631378173828e+01
-1.589008522033691406e+01
-1.590964126586914062e+01
-1.592919254302978516e+01
-1.594875621795654297e+01
-1.596831130981445312e+01
-1.598787593841552734e+01
-1.600743484497070312e+01
-1.602696990966796875e+01
-1.604652404785156250e+01
-1.606608390808105469e+01
-1.608564376831054688e+01
-1.618342208862304688e+01
-1.620297622680664062e+01
-1.622252845764160156e+01
-1.624209213256835938e+01
-1.626164245605468750e+01
-1.628119850158691406e+01
-1.630075454711914062e+01
-1.632030868530273438e+01
-1.633987426757812500e+01
-1.635942459106445312e+01
-1.637898063659667969e+01
-1.639853477478027344e+01
-1.641809082031250000e+01
-1.643763732910156250e+01
-1.645719718933105469e+01
-1.647676086425781250e+01
-1.649631690979003906e+01
-1.651587677001953125e+01
-1.653542327880859375e+01
-1.655497932434082031e+01
-1.657453918457031250e+01
-1.659408950805664062e+01
-1.661365318298339844e+01
-1.663319969177246094e+01
-1.665275955200195312e+01
-1.667232513427734375e+01
-1.669187164306640625e+01
-1.671143150329589844e+01
-1.680919837951660156e+01
-1.682876396179199219e+01
-1.684831047058105469e+01
-1.686787033081054688e+01
-1.688742065429687500e+01
-1.690699005126953125e+01
-1.692653656005859375e+01
-1.694609642028808594e+01
-1.696565055847167969e+01
-1.698520278930664062e+01
-1.700475692749023438e+01
-1.702430915832519531e+01
-1.704386901855468750e+01
-1.706342887878417969e+01
-1.708298301696777344e+01
-1.710254287719726562e+01
-1.712211227416992188e+01
-1.714164924621582031e+01
-1.716121482849121094e+01
-1.718076896667480469e+01
-1.720032119750976562e+01
-1.721987533569335938e+01
-1.723943138122558594e+01
-1.725898742675781250e+01
-1.727853775024414062e+01
-1.729808998107910156e+01
-1.731764984130859375e+01
-1.733720016479492188e+01
-1.743498992919921875e+01
-1.745454597473144531e+01
-1.747409629821777344e+01
-1.749365234375000000e+01
-1.751321601867675781e+01
-1.753275871276855469e+01
-1.755231475830078125e+01
-1.757188224792480469e+01
-1.759143447875976562e+01
-1.761098480224609375e+01
-1.763054847717285156e+01
-1.765010070800781250e+01
-1.766965484619140625e+01
-1.768921089172363281e+01
-1.770875740051269531e+01
-1.772832107543945312e+01
-1.774788475036621094e+01
-1.776742744445800781e+01
-1.778698348999023438e+01
-1.780653381347656250e+01
-1.782609367370605469e+01
-1.784565925598144531e+01
-1.786519622802734375e+01
-1.788476562500000000e+01
-1.790431594848632812e+01
-1.792387199401855469e+01
-1.794342613220214844e+01
-1.796297836303710938e+01
-1.806075477600097656e+01
-1.808032417297363281e+01
-1.809987831115722656e+01
-1.811943054199218750e+01
-1.813899040222167969e+01
-1.815854454040527344e+01
-1.817810440063476562e+01
-1.819763755798339844e+01
-1.821722030639648438e+01
-1.823675727844238281e+01
-1.825632286071777344e+01
-1.827587699890136719e+01
-1.829543685913085938e+01
-1.831498336791992188e+01
-1.833453941345214844e+01
-1.835410308837890625e+01
-1.837364196777343750e+01
-1.839320564270019531e+01
-1.841276168823242188e+01
-1.843231582641601562e+01
-1.845187187194824219e+01
-1.847142791748046875e+01
-1.849098777770996094e+01
-1.851054191589355469e+01
-1.853009796142578125e+01
-1.854966163635253906e+01
-1.856922149658203125e+01
-1.858877754211425781e+01
-1.868655014038085938e+01
-1.870609664916992188e+01
-1.872564697265625000e+01
-1.874521255493164062e+01
-1.876477241516113281e+01
-1.878432655334472656e+01
-1.880388641357421875e+01
-1.882343864440917969e+01
-1.884299278259277344e+01
-1.886254501342773438e+01
-1.888210868835449219e+01
-1.890165901184082031e+01
-1.892121124267578125e+01
-1.894077110290527344e+01
-1.896032524108886719e+01
-1.897988128662109375e+01
-1.899943733215332031e+01
-1.901900100708007812e+01
-1.903854751586914062e+01
-1.905811691284179688e+01
-1.907765769958496094e+01
-1.909721374511718750e+01
-1.911676979064941406e+01
-1.913633346557617188e+01
-1.915586662292480469e+01
-1.917543983459472656e+01
-1.919499588012695312e+01
-1.921454238891601562e+01
-1.931232452392578125e+01
-1.933188438415527344e+01
-1.935143089294433594e+01
-1.937099075317382812e+01
-1.939055061340332031e+01
-1.941011047363281250e+01
-1.942966461181640625e+01
-1.944921112060546875e+01
-1.946878051757812500e+01
-1.948832702636718750e+01
-1.950788307189941406e+01
-1.952743339538574219e+01
-1.954698944091796875e+01
-1.956655693054199219e+01
-1.958609008789062500e+01
-1.960565948486328125e+01
-1.962522315979003906e+01
-1.964477539062500000e+01
-1.966432571411132812e+01
-1.968389511108398438e+01
-1.970343208312988281e+01
-1.972300529479980469e+01
-1.974254798889160156e+01
-1.976210212707519531e+01
-1.978166770935058594e+01
-1.980120849609375000e+01
-1.982076835632324219e+01
-1.984032821655273438e+01
-1.993810081481933594e+01
-1.995765686035156250e+01
-1.997722625732421875e+01
-1.999678039550781250e+01
-2.001633644104003906e+01
-2.003588294982910156e+01
-2.005543899536132812e+01
-2.007499313354492188e+01
-2.009455299377441406e+01
-2.011410903930664062e+01
-2.013365554809570312e+01
-2.015321922302246094e+01
-2.017277145385742188e+01
-2.019233131408691406e+01
-2.021188545227050781e+01
-2.023144531250000000e+01
-2.025099754333496094e+01
-2.027054405212402344e+01
-2.029010772705078125e+01
-2.030967140197753906e+01
-2.032921409606933594e+01
-2.034878349304199219e+01
-2.036833000183105469e+01
-2.038789367675781250e+01
-2.040744400024414062e+01
-2.042700004577636719e+01
-2.044654655456542969e+01
-2.046610260009765625e+01
-2.056389617919921875e+01
-2.058344841003417969e+01
-2.060300254821777344e+01
-2.062256240844726562e+01
-2.064211845397949219e+01
-2.066166496276855469e+01
-2.068122863769531250e+01
-2.070078468322753906e+01
-2.072032737731933594e+01
-2.073989105224609375e+01
-2.075944709777832031e+01
-2.077900123596191406e+01
-2.079855728149414062e+01
-2.081811714172363281e+01
-2.083765983581542969e+01
-2.085722732543945312e+01
-2.087678718566894531e+01
-2.089633941650390625e+01
-2.091587638854980469e+01
-2.093545341491699219e+01
-2.095500946044921875e+01
-2.097456550598144531e+01
-2.099411201477050781e+01
-2.101366233825683594e+01
-2.103322219848632812e+01
-2.105277442932128906e+01
-2.107234191894531250e+01
-2.109189414978027344e+01
-2.118967437744140625e+01
-2.120922660827636719e+01
-2.122877311706542969e+01
-2.124834060668945312e+01
-2.126790428161621094e+01
-2.128745269775390625e+01
-2.130701065063476562e+01
-2.132655334472656250e+01
-2.134611320495605469e+01
-2.136568260192871094e+01
-2.138521957397460938e+01
-2.140479278564453125e+01
-2.142433166503906250e+01
-2.144389533996582031e+01
-2.146345520019531250e+01
-2.148301506042480469e+01
-2.150255775451660156e+01
-2.152211761474609375e+01
-2.154167747497558594e+01
-2.156123161315917969e+01
-2.158078765869140625e+01
-2.160033416748046875e+01
-2.161988067626953125e+01
-2.163944435119628906e+01
-2.165900993347167969e+01
-2.167855072021484375e+01
-2.169811630249023438e+01
-2.171767616271972656e+01
-2.181546592712402344e+01
-2.183501243591308594e+01
-2.185456848144531250e+01
-2.187411880493164062e+01
-2.189366912841796875e+01
-2.191324806213378906e+01
-2.193277168273925781e+01
-2.195233535766601562e+01
-2.197188758850097656e+01
-2.199145126342773438e+01
-2.201101112365722656e+01
-2.203056716918945312e+01
-2.205011367797851562e+01
-2.206966781616210938e+01
-2.208922767639160156e+01
-2.210877990722656250e+01
-2.212834358215332031e+01
-2.214789390563964844e+01
-2.216743659973144531e+01
-2.218700599670410156e+01
-2.220656585693359375e+01
-2.222611618041992188e+01
-2.224567222595214844e+01
-2.226521873474121094e+01
-2.228478622436523438e+01
-2.230434226989746094e+01
-2.232390213012695312e+01
-2.234344482421875000e+01
-2.244123077392578125e+01
-2.246078491210937500e+01
-2.248034095764160156e+01
-2.249990081787109375e+01
-2.251947021484375000e+01
-2.253902053833007812e+01
-2.255857086181640625e+01
-2.257813644409179688e+01
-2.259766578674316406e+01
-2.261723327636718750e+01
-2.263679695129394531e+01
-2.265634346008300781e+01
-2.267589950561523438e+01
-2.269546318054199219e+01
-2.271501541137695312e+01
-2.273457908630371094e+01
-2.275412940979003906e+01
-2.277368545532226562e+01
-2.279324150085449219e+01
-2.281279563903808594e+01
-2.283236503601074219e+01
-2.285189056396484375e+01
-2.287146759033203125e+01
-2.289100456237792969e+01
-2.291057777404785156e+01
-2.293013381958007812e+01
-2.294967651367187500e+01
-2.296924781799316406e+01
-2.306702041625976562e+01
-2.308656883239746094e+01
-2.310611915588378906e+01
-2.312568283081054688e+01
-2.314523506164550781e+01
-2.316479873657226562e+01
-2.318434524536132812e+01
-2.320390129089355469e+01
-2.322345542907714844e+01
-2.324301528930664062e+01
-2.326256752014160156e+01
-2.328212738037109375e+01
-2.330168724060058594e+01
-2.332123756408691406e+01
-2.334079360961914062e+01
-2.336034011840820312e+01
-2.337989425659179688e+01
-2.339945030212402344e+01
-2.341901969909667969e+01
-2.343856048583984375e+01
-2.345812988281250000e+01
-2.347768974304199219e+01
-2.349722671508789062e+01
-2.351679229736328125e+01
-2.353635597229003906e+01
-2.355590248107910156e+01
-2.357545852661132812e+01
-2.359501266479492188e+01
-2.369279479980468750e+01
-2.371235084533691406e+01
-2.373191070556640625e+01
-2.375147056579589844e+01
-2.377102088928222656e+01
-2.379058074951171875e+01
-2.381012725830078125e+01
-2.382968711853027344e+01
-2.384925079345703125e+01
-2.386880302429199219e+01
-2.388835716247558594e+01
-2.390790367126464844e+01
-2.392747306823730469e+01
-2.394702339172363281e+01
-2.396658325195312500e+01
-2.398613548278808594e+01
-2.400568962097167969e+01
-2.402523231506347656e+01
-2.404479598999023438e+01
-2.406435203552246094e+01
-2.408391571044921875e+01
-2.410346221923828125e+01
-2.412301445007324219e+01
-2.414258193969726562e+01
-2.416213417053222656e+01
-2.418168830871582031e+01
-2.420125389099121094e+01
-2.422080421447753906e+01
-2.431856727600097656e+01
-2.433812332153320312e+01
-2.435768318176269531e+01
-2.437723541259765625e+01
-2.439679336547851562e+01
-2.441634559631347656e+01
-2.443590545654296875e+01
-2.445546531677246094e+01
-2.447501564025878906e+01
-2.449457550048828125e+01
-2.451412773132324219e+01
-2.453368186950683594e+01
-2.455323410034179688e+01
-2.457279777526855469e+01
-2.459235191345214844e+01
-2.461190032958984375e+01
-2.463146781921386719e+01
-2.465102005004882812e+01
-2.467057418823242188e+01
-2.469013404846191406e+01
-2.470969009399414062e+01
-2.472924423217773438e+01
-2.474879646301269531e+01
-2.476834678649902344e+01
-2.478789329528808594e+01
-2.480745887756347656e+01
-2.482702255249023438e+01
-2.484656906127929688e+01
-2.494435501098632812e+01
-2.496391105651855469e+01
-2.498347854614257812e+01
-2.500302505493164062e+01
-2.502258872985839844e+01
-2.504213714599609375e+01
-2.506168746948242188e+01
-2.508124732971191406e+01
-2.510082054138183594e+01
-2.512035751342773438e+01
-2.513990974426269531e+01
-2.515947723388671875e+01
-2.517903327941894531e+01
-2.519857978820800781e+01
-2.521814346313476562e+01
-2.523770332336425781e+01
-2.525725555419921875e+01
-2.527680587768554688e+01
-2.529636573791503906e+01
-2.531591224670410156e+01
-2.533548545837402344e+01
-2.535503578186035156e+01
-2.537458801269531250e+01
-2.539414787292480469e+01
-2.541369819641113281e+01
-2.543325424194335938e+01
-2.545281410217285156e+01
-2.547236061096191406e+01
-2.557012748718261719e+01
-2.558970642089843750e+01
-2.560924339294433594e+01
-2.562879371643066406e+01
-2.564836311340332031e+01
-2.566791343688964844e+01
-2.568746948242187500e+01
-2.570701599121093750e+01
-2.572657203674316406e+01
-2.574614524841308594e+01
-2.576568603515625000e+01
-2.578525543212890625e+01
-2.580480575561523438e+01
-2.582434844970703125e+01
-2.584391212463378906e+01
-2.586347198486328125e+01
-2.588302803039550781e+01
-2.590258407592773438e+01
-2.592213821411132812e+01
-2.594169807434082031e+01
-2.596124076843261719e+01
-2.598080444335937500e+01
-2.600036430358886719e+01
-2.601992034912109375e+01
-2.603946685791015625e+01
-2.605902671813964844e+01
-2.607858276367187500e+01
-2.609813690185546875e+01
-2.619591903686523438e+01
-2.621547889709472656e+01
-2.623502540588378906e+01
-2.625458908081054688e+01
-2.627414894104003906e+01
-2.629369544982910156e+01
-2.631325149536132812e+01
-2.633280754089355469e+01
-2.635236167907714844e+01
-2.637192726135253906e+01
-2.639147377014160156e+01
-2.641102027893066406e+01
-2.643058395385742188e+01
-2.645014381408691406e+01
-2.646971702575683594e+01
-2.648924255371093750e+01
-2.650881004333496094e+01
-2.652836990356445312e+01
-2.654791259765625000e+01
-2.656748008728027344e+01
-2.658702278137207031e+01
-2.660658836364746094e+01
-2.662614250183105469e+01
-2.664569854736328125e+01
-2.666526603698730469e+01
-2.668481254577636719e+01
-2.670436477661132812e+01
-2.672393226623535156e+01
-2.682169342041015625e+01
-2.684124755859375000e+01
-2.686080360412597656e+01
-2.688035011291503906e+01
-2.689990997314453125e+01
-2.691948318481445312e+01
-2.693903350830078125e+01
-2.695858573913574219e+01
-2.697813224792480469e+01
-2.699769210815429688e+01
-2.701725196838378906e+01
-2.703681564331054688e+01
-2.705636215209960938e+01
-2.707592201232910156e+01
-2.709548568725585938e+01
-2.711503791809082031e+01
-2.713458442687988281e+01
-2.715414428710937500e+01
-2.717369461059570312e+01
-2.719325828552246094e+01
-2.721281814575195312e+01
-2.723235702514648438e+01
-2.725192451477050781e+01
-2.727147102355957031e+01
-2.729103660583496094e+01
-2.731058692932128906e+01
-2.733014297485351562e+01
-2.734969711303710938e+01
-2.744748878479003906e+01
-2.746703529357910156e+01
-2.748659896850585938e+01
-2.750614547729492188e+01
-2.752571487426757812e+01
-2.754525184631347656e+01
-2.756482887268066406e+01
-2.758438110351562500e+01
-2.760392761230468750e+01
-2.762349510192871094e+01
-2.764305114746093750e+01
-2.766258049011230469e+01
-2.768216133117675781e+01
-2.770170021057128906e+01
-2.772127342224121094e+01
-2.774081039428710938e+01
-2.776037406921386719e+01
-2.777992057800292969e+01
-2.779948616027832031e+01
-2.781904983520507812e+01
-2.783858680725097656e+01
-2.785816001892089844e+01
-2.787771987915039062e+01
-2.789726638793945312e+01
-2.791680908203125000e+01
-2.793637847900390625e+01
-2.795591926574707031e+01
-2.797548866271972656e+01
-2.807326126098632812e+01
-2.809281730651855469e+01
-2.811237144470214844e+01
-2.813193702697753906e+01
-2.815147399902343750e+01
-2.817103004455566406e+01
-2.819059753417968750e+01
-2.821015357971191406e+01
-2.822970390319824219e+01
-2.824925613403320312e+01
-2.826883316040039062e+01
-2.828836250305175781e+01
-2.830791854858398438e+01
-2.832748222351074219e+01
-2.834704208374023438e+01
-2.836659240722656250e+01
-2.838615226745605469e+01
-2.840570831298828125e+01
-2.842525482177734375e+01
-2.844481086730957031e+01
-2.846437072753906250e+01
-2.848393440246582031e+01
-2.850348091125488281e+01
-2.852304077148437500e+01
-2.854259109497070312e+01
-2.856214332580566406e+01
-2.858168983459472656e+01
-2.860127449035644531e+01
-2.869904327392578125e+01
-2.871858596801757812e+01
-2.873818016052246094e+01
-2.875770568847656250e+01
-2.877727890014648438e+01
-2.879682540893554688e+01
-2.881638145446777344e+01
-2.883593177795410156e+01
-2.885549163818359375e+01
-2.887504768371582031e+01
-2.889458847045898438e+01
-2.891415786743164062e+01
-2.893370819091796875e+01
-2.895327758789062500e+01
-2.897282791137695312e+01
-2.899239158630371094e+01
-2.901193046569824219e+01
-2.903149986267089844e+01
-2.905105018615722656e+01
-2.907060050964355469e+01
-2.909015655517578125e+01
-2.910971641540527344e+01
-2.912928009033203125e+01
-2.914883995056152344e+01
-2.916837882995605469e+01
-2.918793296813964844e+01
-2.920748901367187500e+01
-2.922703552246093750e+01
-2.932483100891113281e+01
-2.934437179565429688e+01
-2.936393737792968750e+01
-2.938348388671875000e+01
-2.940304374694824219e+01
-2.942260360717773438e+01
-2.944215393066406250e+01
-2.946170997619628906e+01
-2.948126029968261719e+01
-2.950082969665527344e+01
-2.952038002014160156e+01
-2.953994369506835938e+01
-2.955948638916015625e+01
-2.957904624938964844e+01
-2.959859275817871094e+01
-2.961816978454589844e+01
-2.963771247863769531e+01
-2.965725517272949219e+01
-2.967682266235351562e+01
-2.969638252258300781e+01
-2.971591758728027344e+01
-2.973548507690429688e+01
-2.975504112243652344e+01
-2.977460098266601562e+01
-2.979416084289550781e+01
-2.981371116638183594e+01
-2.983328437805175781e+01
-2.985281753540039062e+01
