-2.122519226074218750e+02
-2.695914916992187500e+02
-2.561602478027343750e+02
-2.786840820312500000e+02
-2.130224304199218750e+02
-3.101206359863281250e+02
-1.886041107177734375e+02
-1.899161834716796875e+02
-2.244503784179687500e+02
-2.111607208251953125e+02
-2.123239898681640625e+02
-2.652026977539062500e+02
-2.585525512695312500e+02
-2.111132507324218750e+02
-1.352559967041015625e+02
-1.529432678222656250e+02
-2.228117523193359375e+02
-2.920760192871093750e+02
-2.909028015136718750e+02
-2.705275573730468750e+02
-2.029404602050781250e+02
-1.104755554199218750e+02
-1.647418975830078125e+02
-2.361173400878906250e+02
-1.629889984130859375e+02
-2.120598144531250000e+02
-2.085000610351562500e+02
-1.803829498291015625e+02
-1.368191528320312500e+02
-2.254787292480468750e+02
-2.044269104003906250e+02
-2.372872619628906250e+02
-2.674378967285156250e+02
-1.586989135742187500e+02
-3.047394714355468750e+02
-2.331248016357421875e+02
-2.475106506347656250e+02
-1.559888153076171875e+02
-2.474259033203125000e+02
-2.035491485595703125e+02
-1.969497680664062500e+02
-2.426202850341796875e+02
-2.513686065673828125e+02
-2.481882324218750000e+02
-1.952145233154296875e+02
-2.594613037109375000e+02
-2.146565399169921875e+02
-2.816673583984375000e+02
-2.991557312011718750e+02
-2.553357238769531250e+02
-1.964653472900390625e+02
-3.002736816406250000e+02
-2.261206512451171875e+02
-1.854754333496093750e+02
-2.857502136230468750e+02
-1.218034439086914062e+02
-2.330413055419921875e+02
-1.628966674804687500e+02
-2.414534301757812500e+02
-1.289101715087890625e+02
-2.757407836914062500e+02
-2.255005950927734375e+02
-2.367458953857421875e+02
-2.616670532226562500e+02
-2.144093627929687500e+02
-2.934545898437500000e+02
-1.015224151611328125e+02
-2.098559722900390625e+02
-2.418953094482421875e+02
-2.515718536376953125e+02
-2.705855407714843750e+02
-1.791207275390625000e+02
-1.712241668701171875e+02
-2.149867553710937500e+02
-1.999433746337890625e+02
-1.590027923583984375e+02
-2.548173980712890625e+02
-2.801047058105468750e+02
-2.387557830810546875e+02
-2.340169372558593750e+02
-3.066330566406250000e+02
-2.699386291503906250e+02
-2.326111145019531250e+02
-2.593830871582031250e+02
-2.654507446289062500e+02
-1.088991317749023438e+02
-1.831258850097656250e+02
-1.501134338378906250e+02
-1.124807815551757812e+02
-1.565499877929687500e+02
-1.318564758300781250e+02
-2.574215698242187500e+02
-2.185574798583984375e+02
-1.632165069580078125e+02
-2.492122192382812500e+02
-1.411470184326171875e+02
-2.177636260986328125e+02
-2.028234100341796875e+02
-2.329774322509765625e+02
-2.847567138671875000e+02
-2.312431945800781250e+02
-1.592435760498046875e+02
-2.562262268066406250e+02
-1.217866744995117188e+02
-1.744738159179687500e+02
-1.500624389648437500e+02
-1.372566375732421875e+02
-2.190506591796875000e+02
-2.577111206054687500e+02
-2.270916290283203125e+02
-2.966091918945312500e+02
-2.882864074707031250e+02
-2.294871978759765625e+02
-2.311523284912109375e+02
-1.837930908203125000e+02
-2.651473083496093750e+02
-1.508881683349609375e+02
-2.284399414062500000e+02
-2.047470703125000000e+02
-1.500304260253906250e+02
-2.756048583984375000e+02
-2.516806488037109375e+02
-2.086272735595703125e+02
-1.315553588867187500e+02
-1.994743194580078125e+02
-1.188519287109375000e+02
-1.899071350097656250e+02
-1.986366577148437500e+02
-2.905597839355468750e+02
-1.565069732666015625e+02
-1.840350341796875000e+02
-2.613309020996093750e+02
-5.703671264648437500e+01
-1.701181488037109375e+02
-1.480407562255859375e+02
-1.084308547973632812e+02
-1.159890823364257812e+02
-2.366283721923828125e+02
-2.169213867187500000e+02
-2.602911071777343750e+02
-1.943426055908203125e+02
-2.382326507568359375e+02
-7.501840209960937500e+01
-1.894276733398437500e+02
-2.014615783691406250e+02
-1.254231491088867188e+02
-2.422254943847656250e+02
-2.547762908935546875e+02
-1.837869415283203125e+02
-2.356829223632812500e+02
-2.049255523681640625e+02
-2.098675689697265625e+02
-3.426597213745117188e+01
-1.200612564086914062e+02
-9.935559844970703125e+01
-1.086374588012695312e+02
-1.504424896240234375e+02
-2.048640441894531250e+02
-1.196408157348632812e+02
-2.182071228027343750e+02
-2.108913269042968750e+02
-6.434751892089843750e+01
-1.503371734619140625e+02
-1.216757354736328125e+02
-9.455850219726562500e+01
-2.002622680664062500e+02
-1.814379730224609375e+02
-3.035628356933593750e+02
-9.868039703369140625e+01
-1.890189514160156250e+02
-2.095819549560546875e+02
-1.010814361572265625e+02
-1.723567199707031250e+02
-2.046468811035156250e+02
-1.753394012451171875e+02
-2.708600769042968750e+02
-2.856354370117187500e+02
-2.529220733642578125e+02
-2.468756561279296875e+02
-2.398827514648437500e+02
-2.793603820800781250e+02
-1.768665313720703125e+02
-1.961676025390625000e+02
-1.846444549560546875e+02
-1.108634109497070312e+02
-3.213014221191406250e+02
-2.038017883300781250e+02
-2.330367889404296875e+02
-2.757519226074218750e+02
-2.557263336181640625e+02
-1.915551300048828125e+02
-1.720296783447265625e+02
-1.431401824951171875e+02
-1.128999252319335938e+02
-1.793728332519531250e+02
-1.551920623779296875e+02
-1.941045532226562500e+02
-2.328645172119140625e+02
-1.910972747802734375e+02
-2.260668945312500000e+02
-1.356275177001953125e+02
-2.333596954345703125e+02
-1.903907012939453125e+02
-2.624896850585937500e+02
-2.540123596191406250e+02
-1.869280395507812500e+02
-3.096782226562500000e+02
-2.289309844970703125e+02
-2.041960906982421875e+02
-1.926132049560546875e+02
-2.055896453857421875e+02
-2.719734497070312500e+02
-2.208738098144531250e+02
-2.266122283935546875e+02
-3.075695190429687500e+02
-2.305570373535156250e+02
-2.554035491943359375e+02
-2.182298889160156250e+02
-1.923106384277343750e+02
-1.390893859863281250e+02
-2.202239990234375000e+02
-1.528510284423828125e+02
-1.278045806884765625e+02
-1.848904418945312500e+02
-2.059877624511718750e+02
-2.381031188964843750e+02
-2.710679626464843750e+02
-2.932529602050781250e+02
-1.947820129394531250e+02
-1.520802001953125000e+02
-1.513252105712890625e+02
-8.346307373046875000e+01
-2.401608581542968750e+02
-2.559783172607421875e+02
-1.406130828857421875e+02
-2.414861602783203125e+02
-2.188848724365234375e+02
-2.427416229248046875e+02
-1.419389495849609375e+02
-1.834562988281250000e+02
-2.327032623291015625e+02
-7.239081573486328125e+01
-1.748825836181640625e+02
-1.703373260498046875e+02
-2.358739624023437500e+02
-2.020540924072265625e+02
-2.271375274658203125e+02
-2.285288238525390625e+02
-1.257653579711914062e+02
-1.715441436767578125e+02
-1.595149993896484375e+02
-1.998614044189453125e+02
-1.396371154785156250e+02
-1.141652832031250000e+02
-1.740061187744140625e+02
-9.750124359130859375e+01
-2.774236755371093750e+02
-8.433567810058593750e+01
-2.334374542236328125e+02
-1.204387359619140625e+02
-9.019210052490234375e+01
-1.732033538818359375e+02
-2.127865447998046875e+02
-2.126829223632812500e+02
-1.960158386230468750e+02
-2.313247222900390625e+02
-2.199986114501953125e+02
-1.672145538330078125e+02
-2.311055297851562500e+02
-1.572288055419921875e+02
-1.401992034912109375e+02
-1.953013153076171875e+02
-1.173107147216796875e+02
-2.810204162597656250e+02
-2.001119384765625000e+02
-1.761986083984375000e+02
-1.868688201904296875e+02
-1.525724182128906250e+02
-1.778773193359375000e+02
-2.117176055908203125e+02
-2.601604003906250000e+02
-1.642376251220703125e+02
-1.696313171386718750e+02
-1.998814697265625000e+02
-1.926767272949218750e+02
-2.893034362792968750e+02
-2.025230865478515625e+02
-2.379707336425781250e+02
-1.395463409423828125e+02
-1.126709365844726562e+02
-1.638399353027343750e+02
-7.205471038818359375e+01
-1.999708709716796875e+02
-1.465899963378906250e+02
-2.000682678222656250e+02
-2.791746520996093750e+02
-2.484765319824218750e+02
-2.799423217773437500e+02
-1.844220886230468750e+02
-2.643708801269531250e+02
-1.921743774414062500e+02
-1.271576995849609375e+02
-2.626557617187500000e+02
-1.659379425048828125e+02
-2.203558959960937500e+02
-1.712715911865234375e+02
-1.125890045166015625e+02
-1.257198028564453125e+02
-2.578952026367187500e+02
-2.216544036865234375e+02
-1.351914978027343750e+02
-2.154415130615234375e+02
-1.968629455566406250e+02
-2.302002868652343750e+02
-1.404338531494140625e+02
-2.845910339355468750e+02
-2.329989318847656250e+02
-1.450266571044921875e+02
-1.948469696044921875e+02
-1.911434936523437500e+02
-1.391085205078125000e+02
-2.000801849365234375e+02
-1.878416137695312500e+02
-2.081314697265625000e+02
-2.145936126708984375e+02
-3.622453002929687500e+02
-3.280008544921875000e+02
-2.001378784179687500e+02
-2.810630493164062500e+02
-1.446767730712890625e+02
-1.893791198730468750e+02
-1.948180847167968750e+02
-1.631464691162109375e+02
-2.458397216796875000e+02
-1.805646514892578125e+02
-2.717186279296875000e+02
-1.618865051269531250e+02
-2.607456054687500000e+02
-2.084353179931640625e+02
-1.669138793945312500e+02
-2.032280426025390625e+02
-2.305312805175781250e+02
-2.978525695800781250e+02
-2.706188659667968750e+02
-2.732194213867187500e+02
-3.003531799316406250e+02
-2.279941711425781250e+02
-2.601620178222656250e+02
-1.845716094970703125e+02
-1.552275695800781250e+02
-1.002058105468750000e+02
-1.588878936767578125e+02
-1.617589721679687500e+02
-1.642941436767578125e+02
-2.678057861328125000e+02
-2.134382324218750000e+02
-2.626896057128906250e+02
-2.283083038330078125e+02
-1.619807434082031250e+02
-2.614475708007812500e+02
-1.314722290039062500e+02
-2.616980895996093750e+02
-3.033206481933593750e+02
-1.704121093750000000e+02
-2.315470275878906250e+02
-2.062399444580078125e+02
-2.463128051757812500e+02
-1.985390777587890625e+02
-2.722342224121093750e+02
-1.998871154785156250e+02
-1.631539154052734375e+02
-1.482843475341796875e+02
-2.497654113769531250e+02
-2.845923767089843750e+02
-2.747480468750000000e+02
-2.958062133789062500e+02
-3.399085693359375000e+02
-1.889621124267578125e+02
-2.286349639892578125e+02
-8.707495117187500000e+01
-8.233214569091796875e+01
-7.109369659423828125e+01
-9.271022033691406250e+01
-2.032126464843750000e+02
-2.039092864990234375e+02
-3.262948913574218750e+02
-2.330318756103515625e+02
-2.375321044921875000e+02
-2.696925354003906250e+02
-1.429377593994140625e+02
-1.619149932861328125e+02
-1.806796264648437500e+02
-2.110214080810546875e+02
-2.174012451171875000e+02
-3.141436462402343750e+02
-2.352803497314453125e+02
-2.623927307128906250e+02
-2.253103332519531250e+02
-1.841200408935546875e+02
-2.483215789794921875e+02
-1.591961822509765625e+02
-2.278045349121093750e+02
-2.798952941894531250e+02
-1.879168395996093750e+02
-2.389178314208984375e+02
-3.024734191894531250e+02
-2.484231719970703125e+02
-2.206322479248046875e+02
-1.941837921142578125e+02
-1.401497192382812500e+02
-2.278837738037109375e+02
-1.286454010009765625e+02
-2.136403350830078125e+02
-2.131783905029296875e+02
-2.651893920898437500e+02
-2.846058959960937500e+02
-2.024173889160156250e+02
-1.596180572509765625e+02
-2.791238098144531250e+02
-2.552778015136718750e+02
-2.434449615478515625e+02
-2.391821136474609375e+02
-1.424839324951171875e+02
-2.073056793212890625e+02
-1.257663726806640625e+02
-2.749089660644531250e+02
-2.270631256103515625e+02
-2.021473388671875000e+02
-2.629116821289062500e+02
-1.543653564453125000e+02
-1.458156890869140625e+02
-2.154038391113281250e+02
-2.351785736083984375e+02
-1.875533447265625000e+02
-2.278987121582031250e+02
-2.945974731445312500e+02
-2.334642333984375000e+02
-2.633883361816406250e+02
-1.337285308837890625e+02
-1.810155181884765625e+02
-8.633789825439453125e+01
-1.702494659423828125e+02
-2.057562103271484375e+02
-1.356367492675781250e+02
-2.170661621093750000e+02
-2.085233612060546875e+02
-1.819877319335937500e+02
-2.821646118164062500e+02
-1.945057373046875000e+02
-2.637152709960937500e+02
-1.355765380859375000e+02
-1.600188293457031250e+02
-2.262496643066406250e+02
-2.238785095214843750e+02
-2.214512786865234375e+02
-1.578946990966796875e+02
-1.435641632080078125e+02
-2.370029754638671875e+02
-1.607615356445312500e+02
-1.682603912353515625e+02
-1.853774719238281250e+02
-2.000104522705078125e+02
-1.772093200683593750e+02
-1.341026306152343750e+02
-1.531643218994140625e+02
-1.582184448242187500e+02
-2.168421783447265625e+02
-2.588106994628906250e+02
-1.824941558837890625e+02
-2.154873962402343750e+02
-1.966195373535156250e+02
-2.159922180175781250e+02
-2.069603729248046875e+02
-2.114525756835937500e+02
-1.897923889160156250e+02
-2.155188446044921875e+02
-2.087891540527343750e+02
-1.245110626220703125e+02
-2.378193054199218750e+02
-1.767606353759765625e+02
-1.300659484863281250e+02
-5.810194778442382812e+01
-2.140212554931640625e+02
-1.849734802246093750e+02
-8.576506042480468750e+01
-2.119611663818359375e+02
-1.348430786132812500e+02
-1.372121276855468750e+02
-2.022673797607421875e+02
-2.393397827148437500e+02
-1.289784088134765625e+02
-1.876857604980468750e+02
-1.671956634521484375e+02
-1.596327667236328125e+02
-1.357292022705078125e+02
-1.490726013183593750e+02
-2.402905731201171875e+02
-1.680864868164062500e+02
-2.516432800292968750e+02
-2.623705749511718750e+02
-2.031813812255859375e+02
-1.679911956787109375e+02
-1.560275878906250000e+02
-1.467043304443359375e+02
-2.730095214843750000e+02
-2.000489196777343750e+02
-2.076679077148437500e+02
-1.545865631103515625e+02
-1.515043029785156250e+02
-2.030242462158203125e+02
-8.861424255371093750e+01
-2.152092437744140625e+02
-1.733692321777343750e+02
-6.053905487060546875e+01
-2.126693725585937500e+02
-1.349878997802734375e+02
-2.157164764404296875e+02
-1.640914154052734375e+02
-2.767961120605468750e+02
-1.497492218017578125e+02
-1.961102447509765625e+02
-1.568865509033203125e+02
-2.339548339843750000e+02
-1.996503448486328125e+02
-1.719457244873046875e+02
-2.739595947265625000e+02
-2.740180358886718750e+02
-2.964451293945312500e+02
-3.751682434082031250e+02
-2.885088806152343750e+02
-2.259729003906250000e+02
-2.195779571533203125e+02
-1.893627624511718750e+02
-1.976101074218750000e+02
-1.529996490478515625e+02
-1.784437255859375000e+02
-1.417887115478515625e+02
-1.730170440673828125e+02
-2.059287719726562500e+02
-2.198840637207031250e+02
-2.211396636962890625e+02
-2.754681091308593750e+02
-2.157988586425781250e+02
-2.164689941406250000e+02
-1.414877471923828125e+02
-2.588087768554687500e+02
-2.052656097412109375e+02
-2.725331420898437500e+02
-3.313534240722656250e+02
-2.135337371826171875e+02
-2.102214050292968750e+02
-1.722327728271484375e+02
-1.330404815673828125e+02
-2.048790740966796875e+02
-1.581736297607421875e+02
-2.676477355957031250e+02
-1.881242980957031250e+02
-3.361273498535156250e+02
-2.279911193847656250e+02
-1.398932952880859375e+02
-1.320786437988281250e+02
-2.358902130126953125e+02
-1.918355865478515625e+02
-2.106560821533203125e+02
-2.478572845458984375e+02
-1.998136138916015625e+02
-1.967577514648437500e+02
-2.158766479492187500e+02
-3.162983398437500000e+02
-2.528176879882812500e+02
-2.495401458740234375e+02
-1.900425872802734375e+02
-1.732457275390625000e+02
-2.608699951171875000e+02
-2.274023895263671875e+02
-1.795877838134765625e+02
-1.932741699218750000e+02
-1.989678192138671875e+02
-1.101505432128906250e+02
-2.148837585449218750e+02
-8.494774627685546875e+01
-2.885311126708984375e+01
-1.780218658447265625e+02
-9.906500244140625000e+01
-2.214002990722656250e+02
-1.765895538330078125e+02
-2.532370300292968750e+02
-2.584893798828125000e+02
-2.090602569580078125e+02
-2.821146240234375000e+02
-3.075751953125000000e+02
-3.085663146972656250e+02
-2.741134643554687500e+02
-2.319115600585937500e+02
-2.689087219238281250e+02
-2.710109863281250000e+02
-1.664751281738281250e+02
-2.553474273681640625e+02
-2.428607788085937500e+02
-2.118928070068359375e+02
-1.905370941162109375e+02
-1.373649291992187500e+02
-1.800149230957031250e+02
-1.239739456176757812e+02
-1.807474670410156250e+02
-2.917799072265625000e+02
-1.965282440185546875e+02
-1.701537628173828125e+02
-3.102510681152343750e+02
-1.389554595947265625e+02
-1.931033630371093750e+02
-2.119115753173828125e+02
-1.901084899902343750e+02
-2.573528442382812500e+02
-2.471801757812500000e+02
-1.951956634521484375e+02
-2.003337707519531250e+02
-2.196430969238281250e+02
-1.633207092285156250e+02
-1.809652709960937500e+02
-2.025592956542968750e+02
-2.458876953125000000e+02
-1.609514923095703125e+02
-2.732567443847656250e+02
-2.640442810058593750e+02
-2.252672119140625000e+02
-2.932196960449218750e+02
-2.417287597656250000e+02
-2.152497253417968750e+02
-1.348955383300781250e+02
-1.718740081787109375e+02
-2.047721710205078125e+02
-1.883666839599609375e+02
-2.104251403808593750e+02
-2.217465057373046875e+02
-1.758565521240234375e+02
-2.229081573486328125e+02
-2.962221984863281250e+02
-2.025197296142578125e+02
-2.977260131835937500e+02
-2.442561187744140625e+02
-2.401541595458984375e+02
-2.292852478027343750e+02
-2.785726013183593750e+02
-1.876338195800781250e+02
-1.919041900634765625e+02
-1.923233947753906250e+02
-1.692937774658203125e+02
-1.565628967285156250e+02
-2.222212524414062500e+02
-2.118077239990234375e+02
-1.298845367431640625e+02
-2.311910858154296875e+02
-2.003288269042968750e+02
-2.182050781250000000e+02
-1.644098510742187500e+02
-2.173835601806640625e+02
-1.885899963378906250e+02
-1.801810760498046875e+02
-1.975248565673828125e+02
-1.284438171386718750e+02
-1.898674316406250000e+02
-2.170116119384765625e+02
-2.408182525634765625e+02
-1.718488464355468750e+02
-2.436345062255859375e+02
-1.987874908447265625e+02
-1.548451385498046875e+02
-1.940041351318359375e+02
-1.794445495605468750e+02
-2.326702880859375000e+02
-1.718559570312500000e+02
-2.292267150878906250e+02
-9.778151702880859375e+01
-2.000345916748046875e+02
-2.375697479248046875e+02
-2.085380859375000000e+02
-1.720409545898437500e+02
-2.500539398193359375e+02
-2.165066680908203125e+02
-2.614840698242187500e+02
-1.483226928710937500e+02
-1.756518402099609375e+02
-2.850728149414062500e+02
-1.646372375488281250e+02
-2.825935058593750000e+02
-1.285497131347656250e+02
-1.758977813720703125e+02
-2.129644927978515625e+02
-1.579482879638671875e+02
-2.016925964355468750e+02
-2.464026031494140625e+02
-1.904598693847656250e+02
-1.481175384521484375e+02
-2.092341766357421875e+02
-2.351119384765625000e+02
-2.595376281738281250e+02
-3.117447814941406250e+02
-2.376891937255859375e+02
-1.804332733154296875e+02
-2.021029815673828125e+02
-2.872908325195312500e+02
-2.633367004394531250e+02
-2.317859649658203125e+02
-2.318480682373046875e+02
-2.861949768066406250e+02
-2.037682952880859375e+02
-2.738208312988281250e+02
-2.336754302978515625e+02
-2.115056152343750000e+02
-1.884433898925781250e+02
-1.664508972167968750e+02
-1.950957641601562500e+02
-2.486721038818359375e+02
-2.529783935546875000e+02
-2.517688751220703125e+02
-2.888019714355468750e+02
-2.770566101074218750e+02
-1.817387695312500000e+02
-1.385734100341796875e+02
-1.919154205322265625e+02
-1.634505310058593750e+02
-1.845314941406250000e+02
-1.926248779296875000e+02
-1.864400939941406250e+02
-1.496695861816406250e+02
-2.326880493164062500e+02
-1.938652038574218750e+02
-1.976064758300781250e+02
-1.980570678710937500e+02
-9.302810668945312500e+01
-1.761087341308593750e+02
-1.754990539550781250e+02
-1.328257751464843750e+02
-2.096774902343750000e+02
-1.530909729003906250e+02
-2.454863586425781250e+02
-2.242180938720703125e+02
-1.440080108642578125e+02
-2.408181304931640625e+02
-1.964155731201171875e+02
-1.799668884277343750e+02
-3.056603088378906250e+02
-2.488778991699218750e+02
-2.539277954101562500e+02
-2.127897338867187500e+02
-1.762206115722656250e+02
-1.267929382324218750e+02
-2.106625671386718750e+02
-1.859841156005859375e+02
-1.526306610107421875e+02
-2.154523162841796875e+02
-2.069671630859375000e+02
-2.640509948730468750e+02
-2.194887237548828125e+02
-2.422355957031250000e+02
-1.846724395751953125e+02
-1.720744323730468750e+02
-2.646717529296875000e+02
-1.098947219848632812e+02
-1.683760528564453125e+02
-1.636098175048828125e+02
-1.488496704101562500e+02
-1.696170196533203125e+02
-1.376392974853515625e+02
-2.060710144042968750e+02
-1.875870971679687500e+02
-2.039764709472656250e+02
-2.056853790283203125e+02
-1.939129028320312500e+02
-1.256298904418945312e+02
-1.967969360351562500e+02
-2.390725402832031250e+02
-2.440879516601562500e+02
-3.534010314941406250e+02
-2.126971435546875000e+02
-2.257662200927734375e+02
-2.628877868652343750e+02
-2.412459106445312500e+02
-2.246299438476562500e+02
-2.114337005615234375e+02
-1.661113586425781250e+02
-2.142028045654296875e+02
-2.163649902343750000e+02
