2.609767150878906250e+01
2.615565872192382812e+01
2.621365165710449219e+01
2.627164268493652344e+01
2.632963371276855469e+01
2.638763236999511719e+01
2.644562149047851562e+01
2.650360488891601562e+01
2.656160736083984375e+01
2.661959075927734375e+01
2.667757606506347656e+01
2.673558235168457031e+01
2.679356575012207031e+01
2.685155677795410156e+01
2.690955352783203125e+01
2.696753692626953125e+01
2.702554321289062500e+01
2.708352279663085938e+01
2.714150810241699219e+01
2.719950294494628906e+01
2.725750160217285156e+01
2.731549644470214844e+01
2.737348937988281250e+01
2.743146514892578125e+01
2.748946380615234375e+01
2.754745674133300781e+01
2.760543632507324219e+01
2.766344642639160156e+01
2.795340728759765625e+01
2.801138877868652344e+01
2.806937980651855469e+01
2.812737083435058594e+01
2.818536567687988281e+01
2.824336242675781250e+01
2.830134201049804688e+01
2.835932540893554688e+01
2.841732788085937500e+01
2.847531700134277344e+01
2.853331184387207031e+01
2.859130287170410156e+01
2.864929008483886719e+01
2.870728683471679688e+01
2.876527786254882812e+01
2.882326507568359375e+01
2.888125991821289062e+01
2.893925666809082031e+01
2.899724769592285156e+01
2.905523872375488281e+01
2.911322593688964844e+01
2.917121505737304688e+01
2.922920608520507812e+01
2.928719329833984375e+01
2.934519195556640625e+01
2.940317726135253906e+01
2.946117210388183594e+01
2.951916313171386719e+01
2.980912399291992188e+01
2.986711311340332031e+01
2.992510414123535156e+01
2.998311042785644531e+01
3.004109382629394531e+01
3.009907913208007812e+01
3.015707778930664062e+01
3.021506118774414062e+01
3.027305603027343750e+01
3.033104515075683594e+01
3.038903617858886719e+01
3.044702339172363281e+01
3.050502586364746094e+01
3.056301116943359375e+01
3.062100601196289062e+01
3.067899322509765625e+01
3.073698425292968750e+01
3.079497718811035156e+01
3.085297584533691406e+01
3.091095542907714844e+01
3.096895027160644531e+01
3.102694320678710938e+01
3.108493041992187500e+01
3.114292144775390625e+01
3.120091056823730469e+01
3.125890159606933594e+01
3.131690025329589844e+01
3.137489128112792969e+01
3.166485023498535156e+01
3.172282981872558594e+01
3.178083610534667969e+01
3.183881950378417969e+01
3.189681243896484375e+01
3.195480346679687500e+01
3.201279449462890625e+01
3.207078933715820312e+01
3.212878036499023438e+01
3.218675994873046875e+01
3.224477005004882812e+01
3.230274200439453125e+01
3.236073303222656250e+01
3.241873931884765625e+01
3.247672271728515625e+01
3.253471755981445312e+01
3.259270858764648438e+01
3.265070724487304688e+01
3.270868682861328125e+01
3.276667404174804688e+01
3.282468414306640625e+01
3.288268280029296875e+01
3.294065856933593750e+01
3.299866104125976562e+01
3.305664062500000000e+01
3.311462783813476562e+01
3.317261886596679688e+01
3.323061752319335938e+01
3.352057266235351562e+01
3.357855987548828125e+01
3.363655471801757812e+01
3.369454193115234375e+01
3.375254058837890625e+01
3.381053924560546875e+01
3.386853027343750000e+01
3.392651367187500000e+01
3.398449707031250000e+01
3.404249191284179688e+01
3.410048294067382812e+01
3.415848159790039062e+01
3.421647644042968750e+01
3.427446746826171875e+01
3.433245849609375000e+01
3.439044189453125000e+01
3.444843292236328125e+01
3.450643920898437500e+01
3.456441879272460938e+01
3.462240982055664062e+01
3.468040466308593750e+01
3.473840332031250000e+01
3.479638290405273438e+01
3.485437011718750000e+01
3.491237640380859375e+01
3.497036743164062500e+01
3.502835845947265625e+01
3.508634567260742188e+01
3.537630462646484375e+01
3.543429946899414062e+01
3.549227523803710938e+01
3.555027008056640625e+01
3.560825729370117188e+01
3.566626739501953125e+01
3.572424697875976562e+01
3.578224182128906250e+01
3.584023666381835938e+01
3.589822006225585938e+01
3.595621490478515625e+01
3.601420211791992188e+01
3.607219696044921875e+01
3.613017654418945312e+01
3.618817901611328125e+01
3.624618148803710938e+01
3.630415344238281250e+01
3.636214447021484375e+01
3.642014694213867188e+01
3.647814178466796875e+01
3.653613662719726562e+01
3.659413146972656250e+01
3.665210342407226562e+01
3.671010589599609375e+01
3.676809310913085938e+01
3.682608413696289062e+01
3.688407135009765625e+01
3.694206619262695312e+01
3.723201751708984375e+01
3.729001617431640625e+01
3.734802627563476562e+01
3.740600585937500000e+01
3.746400070190429688e+01
3.752199554443359375e+01
3.757997512817382812e+01
3.763796997070312500e+01
3.769597244262695312e+01
3.775394821166992188e+01
3.781195068359375000e+01
3.786993789672851562e+01
3.792793273925781250e+01
3.798591232299804688e+01
3.804388427734375000e+01
3.810189437866210938e+01
3.815988159179687500e+01
3.821788024902343750e+01
3.827585983276367188e+01
3.833386993408203125e+01
3.839184951782226562e+01
3.844985961914062500e+01
3.850783920288085938e+01
3.856582641601562500e+01
3.862384414672851562e+01
3.868178939819335938e+01
3.873980712890625000e+01
3.879778671264648438e+01
3.908774566650390625e+01
3.914575195312500000e+01
3.920372390747070312e+01
3.926172637939453125e+01
3.931971359252929688e+01
3.937769317626953125e+01
3.943570327758789062e+01
3.949371337890625000e+01
3.955169296264648438e+01
3.960965347290039062e+01
3.966767883300781250e+01
3.972565841674804688e+01
3.978365325927734375e+01
3.984164047241210938e+01
3.989963531494140625e+01
3.995763015747070312e+01
4.001560592651367188e+01
4.007360076904296875e+01
4.013161849975585938e+01
4.018957519531250000e+01
4.024759292602539062e+01
4.030558013916015625e+01
4.036356735229492188e+01
4.042156219482421875e+01
4.047955322265625000e+01
4.053753280639648438e+01
4.059553527832031250e+01
4.065353012084960938e+01
4.094348526000976562e+01
4.100146484375000000e+01
4.105945205688476562e+01
4.111745452880859375e+01
4.117545700073242188e+01
4.123342895507812500e+01
4.129143142700195312e+01
4.134943389892578125e+01
4.140740203857421875e+01
4.146538925170898438e+01
4.152338409423828125e+01
4.158138656616210938e+01
4.163937377929687500e+01
4.169736862182617188e+01
4.175536346435546875e+01
4.181334304809570312e+01
4.187134933471679688e+01
4.192933654785156250e+01
4.198731613159179688e+01
4.204531097412109375e+01
4.210332107543945312e+01
4.216128540039062500e+01
4.221930313110351562e+01
4.227729034423828125e+01
4.233525848388671875e+01
4.239325332641601562e+01
4.245125579833984375e+01
4.250925064086914062e+01
4.279919052124023438e+01
4.285720825195312500e+01
4.291517257690429688e+01
4.297318267822265625e+01
4.303116989135742188e+01
4.308916473388671875e+01
4.314713668823242188e+01
4.320514678955078125e+01
4.326312255859375000e+01
4.332112503051757812e+01
4.337911224365234375e+01
4.343711471557617188e+01
4.349510955810546875e+01
4.355309677124023438e+01
4.361106872558593750e+01
4.366908645629882812e+01
4.372706222534179688e+01
4.378506469726562500e+01
4.384305191040039062e+01
4.390104675292968750e+01
4.395903396606445312e+01
4.401700592041015625e+01
4.407503128051757812e+01
4.413299179077148438e+01
4.419098663330078125e+01
4.424900436401367188e+01
4.430699157714843750e+01
4.436497116088867188e+01
4.465492630004882812e+01
4.471292877197265625e+01
4.477090835571289062e+01
4.482890319824218750e+01
4.488689804077148438e+01
4.494489288330078125e+01
4.500287246704101562e+01
4.506085586547851562e+01
4.511885833740234375e+01
4.517685317993164062e+01
4.523483276367187500e+01
4.529285049438476562e+01
4.535082244873046875e+01
4.540883255004882812e+01
4.546679687500000000e+01
4.552480316162109375e+01
4.558279037475585938e+01
4.564078521728515625e+01
4.569877243041992188e+01
4.575676727294921875e+01
4.581476974487304688e+01
4.587275695800781250e+01
4.593075180053710938e+01
4.598872756958007812e+01
4.604670715332031250e+01
4.610473251342773438e+01
4.616271209716796875e+01
4.622071456909179688e+01
4.651066207885742188e+01
4.656864166259765625e+01
4.662664413452148438e+01
4.668462371826171875e+01
4.674263381958007812e+01
4.680062866210937500e+01
4.685858154296875000e+01
4.691659927368164062e+01
4.697457885742187500e+01
4.703259658813476562e+01
4.709058380126953125e+01
4.714856338500976562e+01
4.720656585693359375e+01
4.726453781127929688e+01
4.732254791259765625e+01
4.738053131103515625e+01
4.743853378295898438e+01
4.749650573730468750e+01
4.755449295043945312e+01
4.761248779296875000e+01
4.767049026489257812e+01
4.772848510742187500e+01
4.778647232055664062e+01
4.784445571899414062e+01
4.790245056152343750e+01
4.796044540405273438e+01
4.801844024658203125e+01
4.807641983032226562e+01
4.836638259887695312e+01
4.842437744140625000e+01
4.848234176635742188e+01
4.854036712646484375e+01
4.859836196899414062e+01
4.865635681152343750e+01
4.871431732177734375e+01
4.877231216430664062e+01
4.883031463623046875e+01
4.888830947875976562e+01
4.894628906250000000e+01
4.900427627563476562e+01
4.906228637695312500e+01
4.912027359008789062e+01
4.917826461791992188e+01
4.923624420166015625e+01
4.929423141479492188e+01
4.935224151611328125e+01
4.941023635864257812e+01
4.946820831298828125e+01
4.952621841430664062e+01
4.958422088623046875e+01
4.964218902587890625e+01
4.970016098022460938e+01
4.975819396972656250e+01
4.981618118286132812e+01
4.987415313720703125e+01
4.993214797973632812e+01
5.022209548950195312e+01
5.028010559082031250e+01
5.033807754516601562e+01
5.039611053466796875e+01
5.045407485961914062e+01
5.051207733154296875e+01
5.057005310058593750e+01
5.062804794311523438e+01
5.068604278564453125e+01
5.074404525756835938e+01
5.080203247070312500e+01
5.086001205444335938e+01
5.091802215576171875e+01
5.097601699829101562e+01
5.103397750854492188e+01
5.109199523925781250e+01
5.114997482299804688e+01
5.120796203613281250e+01
5.126594924926757812e+01
5.132394409179687500e+01
5.138196182250976562e+01
5.143991470336914062e+01
5.149791717529296875e+01
5.155589675903320312e+01
5.161391448974609375e+01
5.167189407348632812e+01
5.172988891601562500e+01
5.178787612915039062e+01
5.207782363891601562e+01
5.213581848144531250e+01
5.219379806518554688e+01
5.225181579589843750e+01
5.230979537963867188e+01
5.236776351928710938e+01
5.242577362060546875e+01
5.248376083374023438e+01
5.254175567626953125e+01
5.259975814819335938e+01
5.265773773193359375e+01
5.271574020385742188e+01
5.277372741699218750e+01
5.283171844482421875e+01
5.288969802856445312e+01
5.294770050048828125e+01
5.300569534301757812e+01
5.306367492675781250e+01
5.312168502807617188e+01
5.317967224121093750e+01
5.323768234252929688e+01
5.329562759399414062e+01
5.335363769531250000e+01
5.341162490844726562e+01
5.346963500976562500e+01
5.352761459350585938e+01
5.358560180664062500e+01
5.364359664916992188e+01
5.393356704711914062e+01
5.399155426025390625e+01
5.404954147338867188e+01
5.410753631591796875e+01
5.416553115844726562e+01
5.422351455688476562e+01
5.428150177001953125e+01
5.433950424194335938e+01
5.439751434326171875e+01
5.445547866821289062e+01
5.451346588134765625e+01
5.457147598266601562e+01
5.462945556640625000e+01
5.468744659423828125e+01
5.474545669555664062e+01
5.480343627929687500e+01
5.486140060424804688e+01
5.491941833496093750e+01
5.497740554809570312e+01
5.503540802001953125e+01
5.509339523315429688e+01
5.515136337280273438e+01
5.520938110351562500e+01
5.526736831665039062e+01
5.532537841796875000e+01
5.538333511352539062e+01
5.544133758544921875e+01
5.549934768676757812e+01
5.578927230834960938e+01
5.584727478027343750e+01
5.590526962280273438e+01
5.596325683593750000e+01
5.602125930786132812e+01
5.607922744750976562e+01
5.613722229003906250e+01
5.619522476196289062e+01
5.625321960449218750e+01
5.631120681762695312e+01
5.636918640136718750e+01
5.642720413208007812e+01
5.648519897460937500e+01
5.654316711425781250e+01
5.660115432739257812e+01
5.665914916992187500e+01
5.671715927124023438e+01
5.677513885498046875e+01
5.683312606811523438e+01
5.689112854003906250e+01
5.694908905029296875e+01
5.700708389282226562e+01
5.706510162353515625e+01
5.712308883666992188e+01
5.718106842041015625e+01
5.723906326293945312e+01
5.729706573486328125e+01
5.735505294799804688e+01
5.764501571655273438e+01
5.770301055908203125e+01
5.776099777221679688e+01
5.781899261474609375e+01
5.787698364257812500e+01
5.793497085571289062e+01
5.799295043945312500e+01
5.805096054077148438e+01
5.810896301269531250e+01
5.816694259643554688e+01
5.822492218017578125e+01
5.828291702270507812e+01
5.834093093872070312e+01
5.839890289306640625e+01
5.845689010620117188e+01
5.851488494873046875e+01
5.857288742065429688e+01
5.863085937500000000e+01
5.868888473510742188e+01
5.874684906005859375e+01
5.880484771728515625e+01
5.886283493041992188e+01
5.892082977294921875e+01
5.897881698608398438e+01
5.903678894042968750e+01
5.909481430053710938e+01
5.915279388427734375e+01
5.921079635620117188e+01
5.950075149536132812e+01
5.955872344970703125e+01
5.961671829223632812e+01
5.967472076416015625e+01
5.973268127441406250e+01
5.979069900512695312e+01
5.984868621826171875e+01
5.990667343139648438e+01
5.996466064453125000e+01
6.002266311645507812e+01
6.008066558837890625e+01
6.013864517211914062e+01
6.019662094116210938e+01
6.025463104248046875e+01
6.031261062622070312e+01
6.037059020996093750e+01
6.042861557006835938e+01
6.048661041259765625e+01
6.054458999633789062e+01
6.060255813598632812e+01
6.066054534912109375e+01
6.071854782104492188e+01
6.077655029296875000e+01
6.083454513549804688e+01
6.089253997802734375e+01
6.095051193237304688e+01
6.100852203369140625e+01
6.106649780273437500e+01
6.135647964477539062e+01
6.141445922851562500e+01
6.147243881225585938e+01
6.153043746948242188e+01
6.158841705322265625e+01
6.164642715454101562e+01
6.170441436767578125e+01
6.176239395141601562e+01
6.182039642333984375e+01
6.187838363647460938e+01
6.193638610839843750e+01
6.199438476562500000e+01
6.205236434936523438e+01
6.211035919189453125e+01
6.216834640502929688e+01
6.222633361816406250e+01
6.228432846069335938e+01
6.234233093261718750e+01
6.240031051635742188e+01
6.245830154418945312e+01
6.251628875732421875e+01
6.257428359985351562e+01
6.263227081298828125e+01
6.269025039672851562e+01
6.274826049804687500e+01
6.280624008178710938e+01
6.286425018310546875e+01
6.292224121093750000e+01
6.321220016479492188e+01
6.327017211914062500e+01
6.332816696166992188e+01
6.338616561889648438e+01
6.344414520263671875e+01
6.350212478637695312e+01
6.356014251708984375e+01
6.361810684204101562e+01
6.367612457275390625e+01
6.373411178588867188e+01
6.379210662841796875e+01
6.385009765625000000e+01
6.390806961059570312e+01
6.396607208251953125e+01
6.402404022216796875e+01
6.408206176757812500e+01
6.414004516601562500e+01
6.419806671142578125e+01
6.425602722167968750e+01
6.431403350830078125e+01
6.437200927734375000e+01
6.443001556396484375e+01
6.448799896240234375e+01
6.454597473144531250e+01
6.460398101806640625e+01
6.466197967529296875e+01
6.471998596191406250e+01
6.477795410156250000e+01
6.506792449951171875e+01
6.512590789794921875e+01
6.518390655517578125e+01
6.524189758300781250e+01
6.529987335205078125e+01
6.535788726806640625e+01
6.541587829589843750e+01
6.547386169433593750e+01
6.553185272216796875e+01
6.558985137939453125e+01
6.564785003662109375e+01
6.570582580566406250e+01
6.576381683349609375e+01
6.582179260253906250e+01
6.587979888916015625e+01
6.593782043457031250e+01
6.599578857421875000e+01
6.605377197265625000e+01
6.611175537109375000e+01
6.616974639892578125e+01
6.622772979736328125e+01
6.628573608398437500e+01
6.634373474121093750e+01
6.640170288085937500e+01
6.645971679687500000e+01
6.651770019531250000e+01
6.657571411132812500e+01
6.663368225097656250e+01
6.692364501953125000e+01
6.698163604736328125e+01
6.703962707519531250e+01
6.709761810302734375e+01
6.715560913085937500e+01
6.721361541748046875e+01
6.727156066894531250e+01
6.732958221435546875e+01
6.738755798339843750e+01
6.744556427001953125e+01
6.750355529785156250e+01
6.756153869628906250e+01
6.761953735351562500e+01
6.767752838134765625e+01
6.773551940917968750e+01
6.779351806640625000e+01
6.785149383544921875e+01
6.790948486328125000e+01
6.796749114990234375e+01
6.802547454833984375e+01
6.808346557617187500e+01
6.814146423339843750e+01
6.819945526123046875e+01
6.825743865966796875e+01
6.831544494628906250e+01
6.837340545654296875e+01
6.843143463134765625e+01
6.848939514160156250e+01
6.877936553955078125e+01
6.883737182617187500e+01
6.889535522460937500e+01
6.895333862304687500e+01
6.901135253906250000e+01
6.906935119628906250e+01
6.912728881835937500e+01
6.918531799316406250e+01
6.924330902099609375e+01
6.930130767822265625e+01
6.935928344726562500e+01
6.941728973388671875e+01
6.947526550292968750e+01
6.953327178955078125e+01
6.959125518798828125e+01
6.964924621582031250e+01
6.970722198486328125e+01
6.976522064208984375e+01
6.982323455810546875e+01
6.988119506835937500e+01
6.993919372558593750e+01
6.999720001220703125e+01
7.005518341064453125e+01
7.011316680908203125e+01
7.017117309570312500e+01
7.022916412353515625e+01
7.028715515136718750e+01
7.034513092041015625e+01
7.063510131835937500e+01
7.069307708740234375e+01
7.075109100341796875e+01
7.080907440185546875e+01
7.086705017089843750e+01
7.092504882812500000e+01
7.098303222656250000e+01
7.104103088378906250e+01
7.109902191162109375e+01
7.115701293945312500e+01
7.121501159667968750e+01
7.127297973632812500e+01
7.133098602294921875e+01
7.138898468017578125e+01
7.144696044921875000e+01
7.150496673583984375e+01
7.156295013427734375e+01
7.162094879150390625e+01
7.167893218994140625e+01
7.173691558837890625e+01
7.179492187500000000e+01
7.185289764404296875e+01
7.191088867187500000e+01
7.196888732910156250e+01
7.202688598632812500e+01
7.208487701416015625e+01
7.214286041259765625e+01
7.220083618164062500e+01
7.249082183837890625e+01
7.254882049560546875e+01
7.260680389404296875e+01
7.266480255126953125e+01
7.272277832031250000e+01
7.278076171875000000e+01
7.283876037597656250e+01
7.289676666259765625e+01
7.295476531982421875e+01
7.301276397705078125e+01
7.307073974609375000e+01
7.312870025634765625e+01
7.318670654296875000e+01
7.324472808837890625e+01
7.330270385742187500e+01
7.336068725585937500e+01
7.341868591308593750e+01
7.347669982910156250e+01
7.353465270996093750e+01
7.359266662597656250e+01
7.365065765380859375e+01
7.370863342285156250e+01
7.376662445068359375e+01
7.382463073730468750e+01
7.388262939453125000e+01
7.394061279296875000e+01
7.399861145019531250e+01
7.405657196044921875e+01
7.434655761718750000e+01
7.440454101562500000e+01
7.446251678466796875e+01
7.452051544189453125e+01
7.457850646972656250e+01
7.463648986816406250e+01
7.469448852539062500e+01
7.475247192382812500e+01
7.481047058105468750e+01
7.486849212646484375e+01
7.492646026611328125e+01
7.498443603515625000e+01
7.504242706298828125e+01
7.510044860839843750e+01
7.515841674804687500e+01
7.521640777587890625e+01
7.527439880371093750e+01
7.533242034912109375e+01
7.539036560058593750e+01
7.544837951660156250e+01
7.550638580322265625e+01
7.556434631347656250e+01
7.562235260009765625e+01
7.568033599853515625e+01
7.573834228515625000e+01
7.579632568359375000e+01
7.585432434082031250e+01
7.591231536865234375e+01
7.620227813720703125e+01
7.626027679443359375e+01
7.631827545166015625e+01
7.637624359130859375e+01
7.643424224853515625e+01
7.649222564697265625e+01
7.655022430419921875e+01
7.660820770263671875e+01
7.666622161865234375e+01
7.672418975830078125e+01
7.678219604492187500e+01
7.684016418457031250e+01
7.689817810058593750e+01
7.695616912841796875e+01
7.701413726806640625e+01
7.707215881347656250e+01
7.713014221191406250e+01
7.718813323974609375e+01
7.724612426757812500e+01
7.730413055419921875e+01
7.736209106445312500e+01
7.742008972167968750e+01
7.747809600830078125e+01
7.753606414794921875e+01
7.759408569335937500e+01
7.765204620361328125e+01
7.771005249023437500e+01
7.776804351806640625e+01
