-1.107620781250000000e+05
-5.482434570312500000e+03
-1.967504843750000000e+05
-2.518660888671875000e+03
-2.009519500000000000e+06
-1.469456875000000000e+06
-9.544896875000000000e+05
-6.133650500000000000e+06
-2.465752812500000000e+05
-1.095808203125000000e+05
-8.716053515672683716e-02
-2.349129218750000000e+05
-8.053665625000000000e+04
-2.065653437500000000e+05
-6.818505000000000000e+05
-4.472940000000000000e+05
-1.431480468750000000e+04
-5.813752365112304688e+01
-8.113044531250000000e+04
-1.586744375000000000e+06
-2.153412000000000000e+06
-7.764223750000000000e+05
-1.509135937500000000e+05
2.802362442016601562e+00
9.326959401369094849e-02
-4.974358125000000000e+05
-1.928630468750000000e+05
-3.438575000000000000e+05
-1.211092734375000000e+05
-1.452341992187500000e+04
-1.572415351867675781e+00
-4.349608593750000000e+04
-7.353630859375000000e+03
-3.901133300781250000e+03
-3.612108642578125000e+03
-4.993759765625000000e+03
-8.254535937500000000e+04
-8.562122656250000000e+04
-3.152625937500000000e+05
-9.287074218750000000e+03
-8.271875781250000000e+04
-2.756057500000000000e+05
-1.468683593750000000e+05
-2.054181875000000000e+06
-3.105739257812500000e+04
-1.042634863281250000e+04
-4.013567810058593750e+02
-1.106573608398437500e+03
-1.025786718750000000e+05
-1.484016875000000000e+05
-3.565017250000000000e+06
-1.584587875000000000e+06
-1.521975976562500000e+04
-4.385746875000000000e+05
-8.058520507812500000e+03
-1.173761230468750000e+04
-6.075417500000000000e+05
-8.247891406250000000e+04
-2.012426605224609375e+02
-5.831354296875000000e+04
-2.945990966796875000e+03
-6.666837890625000000e+03
-1.095863085937500000e+04
-6.947607421875000000e+02
-5.978657500000000000e+05
-2.443458251953125000e+03
-5.816037890625000000e+04
-8.395410625000000000e+05
1.221972465515136719e+00
-9.923576354980468750e+01
-7.769135131835937500e+02
-1.389505781250000000e+05
-9.581894375000000000e+05
-7.831525878906250000e+03
1.134151697158813477e+00
-4.193601953125000000e+04
-6.556831250000000000e+04
-3.889292297363281250e+02
-4.955042526125907898e-02
-1.424088593750000000e+05
-2.154242968750000000e+05
-1.119251953125000000e+05
-2.816514648437500000e+04
-1.021633125000000000e+06
-5.353506088256835938e+00
-2.738697265625000000e+03
-2.100957187500000000e+05
-1.450647343750000000e+05
-3.815912890625000000e+04
-8.787340670824050903e-02
-3.330183837890625000e+03
-1.043005859375000000e+03
-3.824930572509765625e+01
-5.280830625000000000e+05
-2.652251562500000000e+05
-4.199693847656250000e+03
-2.944937011718750000e+03
-2.361447656250000000e+05
-3.046397070312500000e+04
-9.685616406250000000e+04
-1.374940527343750000e+04
-1.783033375000000000e+06
-6.193118359375000000e+04
-3.797776875000000000e+05
-1.131304321289062500e+03
-1.233691308593750000e+04
-7.430255625000000000e+05
-1.751193115234375000e+03
-8.305320312500000000e+03
-1.857851757812500000e+04
-1.589586303710937500e+03
-9.069166259765625000e+02
-2.807529882812500000e+04
-8.625511250000000000e+05
-4.925684375000000000e+05
-1.998793212890625000e+03
-1.531966250000000000e+06
-3.067997750000000000e+06
-6.867910625000000000e+05
-2.394248125000000000e+05
-3.042689062500000000e+04
1.322770118713378906e+00
-1.882045312500000000e+05
-2.034410125000000000e+06
-3.367144921875000000e+04
-1.415395736694335938e+01
-8.712089062500000000e+04
-6.106445312500000000e+01
-2.069685058593750000e+03
-1.999823974609375000e+03
-4.909709062500000000e+05
-1.020247109375000000e+05
-8.228688125000000000e+05
-1.790402625000000000e+06
-8.551322265625000000e+03
-6.764357812500000000e+04
3.296553611755371094e+00
-5.161597442626953125e+01
-3.698927879333496094e+00
-7.963427124023437500e+02
-1.301349609375000000e+04
2.721558809280395508e+00
-3.528704687500000000e+05
-9.959188476562500000e+03
-1.535533905029296875e+01
-6.968873977661132812e+00
-2.731831562500000000e+05
-1.210979921875000000e+05
-2.039747812500000000e+05
-1.339066562500000000e+05
-7.542910937500000000e+04
-3.225046630859375000e+03
-1.620767968750000000e+05
-8.051457500000000000e+05
-2.919599304199218750e+02
-6.921573242187500000e+03
-1.224655273437500000e+04
-1.872420898437500000e+03
-1.008847460937500000e+04
-7.672127075195312500e+02
-6.021584472656250000e+02
-2.673695937500000000e+05
-1.339312125000000000e+06
-2.400871562500000000e+05
-9.374566250000000000e+05
-1.192988378906250000e+04
-6.649833593750000000e+04
-1.223514648437500000e+04
-2.189135937500000000e+04
-1.844249609375000000e+04
-2.804357910156250000e+03
-2.356753320312500000e+04
-4.191727187500000000e+05
-2.200150390625000000e+04
-3.863849609375000000e+04
-2.501676562500000000e+05
-9.401947656250000000e+04
-8.429448242187500000e+03
-2.255120361328125000e+03
-1.809886250000000000e+06
-1.181638250000000000e+06
-4.334019000000000000e+06
-2.413832000000000000e+06
-5.656795000000000000e+05
-1.931415500000000000e+06
-3.238420312500000000e+04
-1.170125390625000000e+05
-6.374080625000000000e+05
-6.382153125000000000e+05
-9.043996875000000000e+05
-4.316230937500000000e+05
-1.587954625000000000e+06
-4.234606562500000000e+05
-2.354018437500000000e+05
-1.954342578125000000e+04
-7.897268554687500000e+03
-1.316596406250000000e+05
-1.890007019042968750e+00
-3.644975625000000000e+05
-1.329501125000000000e+06
-1.384867625000000000e+06
-1.121863183593750000e+04
-3.848597656250000000e+04
-1.785717968750000000e+04
-1.723136523437500000e+04
-9.589515000000000000e+05
-5.073727416992187500e+02
-5.355789062500000000e+04
-1.328840026855468750e+02
-6.718099975585937500e+02
-8.349668750000000000e+04
-3.305630312500000000e+05
-4.128506250000000000e+05
-1.379652968750000000e+05
-6.789087500000000000e+04
-1.010415468750000000e+05
-7.125022888183593750e+01
-6.011663671875000000e+04
-1.074361230468750000e+04
-2.524019218750000000e+05
-9.748318125000000000e+05
-8.338300781250000000e+04
-2.444698500000000000e+06
-2.887328437500000000e+05
-8.041884375000000000e+05
3.680292606353759766e+00
-2.888232226562500000e+04
-3.237271679687500000e+04
-4.550103125000000000e+05
-2.762493500000000000e+06
-1.561188964843750000e+02
-2.052575468750000000e+05
-6.101666015625000000e+03
-2.041119873046875000e+03
-2.423117675781250000e+03
-7.345601250000000000e+05
-2.862651562500000000e+05
-8.115119487047195435e-02
-1.444870727539062500e+03
-5.513178125000000000e+04
2.507294178009033203e+00
-5.448626708984375000e+02
-2.960950851440429688e+01
-3.693994903564453125e+01
-1.566698974609375000e+03
-2.474632031250000000e+04
-5.707577500000000000e+05
-2.890805419921875000e+03
-8.662883789062500000e+03
-2.452671875000000000e+04
-3.639481640625000000e+04
-1.048893203125000000e+05
-1.318268847656250000e+04
-1.257270000000000000e+05
-3.492473437500000000e+04
-2.104577148437500000e+03
-8.465815429687500000e+02
-2.023829711914062500e+03
-4.011854500000000000e+06
-2.994439687500000000e+05
-1.910921406250000000e+05
-9.718608398437500000e+03
3.016230821609497070e+00
-4.302260742187500000e+02
-2.684895507812500000e+04
-1.185449843750000000e+05
-1.599368652343750000e+04
-3.117537500000000000e+05
-6.442957500000000000e+05
-2.657860750000000000e+06
-4.774112187500000000e+05
-4.718409179687500000e+03
-1.271418750000000000e+04
4.011559486389160156e+00
-5.617875976562500000e+03
-4.323280312500000000e+05
-1.497713125000000000e+05
-3.766675312500000000e+05
-4.544905078125000000e+04
-1.803726875000000000e+05
-3.495771562500000000e+05
-1.533018625000000000e+06
-5.616816875000000000e+05
-3.816403906250000000e+04
-1.266626015625000000e+05
-4.394826953125000000e+04
-5.966256250000000000e+05
-1.229755875000000000e+06
-1.601724375000000000e+06
-3.347056562500000000e+05
-3.097397705078125000e+03
-6.327373657226562500e+02
-1.955442428588867188e+01
3.615077972412109375e+00
-2.138164687500000000e+05
-1.491132226562500000e+04
-1.685426712036132812e+00
-3.408353437500000000e+05
-2.643598250000000000e+06
-6.214183750000000000e+05
-3.106544375000000000e+05
-3.842628125000000000e+05
-4.142511718750000000e+03
-1.058781562500000000e+05
-1.816488867187500000e+04
-5.462871093750000000e+03
-1.239840546875000000e+05
-8.203996093750000000e+03
-3.689076006412506104e-02
-1.131706640625000000e+04
-1.473128906250000000e+05
-7.858762500000000000e+05
-2.462572753906250000e+03
-5.687841796875000000e+02
-3.644805078125000000e+04
-7.494780273437500000e+03
-7.369548437500000000e+04
-1.767956375000000000e+06
-2.099018750000000000e+06
-4.516406562500000000e+05
-2.869366562500000000e+05
-4.271143750000000000e+04
-1.996541250000000000e+05
2.478887081146240234e+00
-2.663141601562500000e+03
-1.540048437500000000e+04
-2.002739135742187500e+03
-3.565975000000000000e+06
-9.904635156250000000e+04
-1.812807812500000000e+05
6.441353559494018555e-01
1.363592624664306641e+00
-2.836744140625000000e+04
-4.644207153320312500e+02
-3.006558500000000000e+06
-6.821108500000000000e+06
-3.611800390625000000e+04
-1.491713964843750000e+04
-6.471407413482666016e-01
-7.185495312500000000e+04
-7.430732500000000000e+05
-4.322202812500000000e+05
-9.722159375000000000e+04
-8.630459594726562500e+02
-1.513857421875000000e+04
-2.557086406250000000e+05
-1.794393359375000000e+04
-5.187330937500000000e+05
-4.586858750000000000e+05
-1.838602968750000000e+05
-1.963101406250000000e+05
-1.785031562500000000e+05
-4.772512614727020264e-02
-5.913577880859375000e+02
-4.704362304687500000e+03
-1.823710693359375000e+03
-4.631768554687500000e+03
-2.421670312500000000e+04
-2.126195500000000000e+06
-1.377920468750000000e+05
-1.899857812500000000e+04
-1.093462988281250000e+04
-1.271350463867187500e+03
-4.240591406250000000e+04
-2.694465637207031250e+01
-2.334682617187500000e+04
-9.643360156250000000e+04
-6.848484375000000000e+05
-5.801401171875000000e+04
-5.293483886718750000e+03
-1.700744018554687500e+03
-2.271291017532348633e+00
-1.166029167175292969e+01
-9.112167358398437500e+02
-7.661274414062500000e+02
-4.816832812500000000e+05
-7.042923437500000000e+04
-2.957738500000000000e+06
-1.041875437500000000e+06
-7.107164062500000000e+04
-4.670794375000000000e+05
-1.538052832031250000e+04
-3.463430330157279968e-02
-1.798313671875000000e+04
-4.977355859375000000e+04
-1.616416601562500000e+04
-6.823989257812500000e+03
-8.035630000000000000e+05
-5.466165625000000000e+05
-2.273034667968750000e+03
-4.647809570312500000e+03
-1.068249531250000000e+05
-3.504334687500000000e+05
-1.100983671875000000e+05
-9.704849853515625000e+02
-5.089031250000000000e+04
-6.599215625000000000e+05
-1.623428125000000000e+05
-2.890420000000000000e+06
-1.246763671875000000e+04
-3.918549375000000000e+05
-8.520721875000000000e+04
-1.157482910156250000e+04
-2.466290625000000000e+04
1.426067113876342773e+00
-4.383795261383056641e-01
-1.145466406250000000e+04
-1.818773500000000000e+06
-5.796433500000000000e+06
-7.257487500000000000e+06
-2.170620750000000000e+06
-2.872275781250000000e+04
-7.169023437500000000e+04
-1.063319301605224609e+01
-2.697161250000000000e+05
-1.054944610595703125e+02
-5.395665039062500000e+03
-1.841477625000000000e+06
-1.063977578125000000e+05
-1.008156953125000000e+05
-3.361477812500000000e+05
-5.419774375000000000e+05
-8.099266601562500000e+03
-3.167126655578613281e+01
2.400482654571533203e+00
-1.695415496826171875e+01
-8.190985351562500000e+03
-7.543814062500000000e+04
-2.342060156250000000e+05
-1.059977968750000000e+05
-7.192689375000000000e+05
-1.459397500000000000e+05
-3.785232421875000000e+03
-6.307057617187500000e+03
-8.047052001953125000e+02
-8.313059234619140625e+01
-1.652530975341796875e+02
-9.351910156250000000e+04
-8.148565000000000000e+05
-1.776751375000000000e+06
-4.855038750000000000e+05
-1.920141220092773438e+00
-1.575312011718750000e+03
-5.559094238281250000e+03
-1.778524169921875000e+03
1.876321248710155487e-02
3.028650283813476562e+00
-4.472907421875000000e+04
-6.142987792968750000e+03
-9.145068750000000000e+04
-2.344979492187500000e+04
-1.395942750000000000e+06
-4.181641406250000000e+04
-2.970377734375000000e+04
-1.260267968750000000e+04
-1.905562500000000000e+05
-6.191008203125000000e+04
-5.247280883789062500e+02
-1.702891406250000000e+05
-6.117072656250000000e+04
-1.955671562500000000e+05
-5.380919433593750000e+03
-1.533150781250000000e+04
9.482936561107635498e-02
-2.339068847656250000e+03
-7.145056762695312500e+02
-3.179078369140625000e+02
-6.208772656250000000e+04
-1.419965875000000000e+06
-1.912696625000000000e+06
-2.273291718750000000e+05
-2.575769687500000000e+05
-2.083539218750000000e+05
-1.166447500000000000e+05
-1.796123593750000000e+05
-1.354317480468750000e+04
3.534471988677978516e-02
-7.776783593750000000e+04
-1.309673125000000000e+05
-8.718868750000000000e+04
-1.529079742431640625e+02
-9.630812500000000000e+04
-9.352049218750000000e+04
-6.423910522460937500e+01
-6.746434375000000000e+05
-5.032071484375000000e+04
3.951603412628173828e+00
-3.327814687500000000e+05
-4.360580566406250000e+03
-2.997088125000000000e+05
-1.876591250000000000e+05
-2.581051250000000000e+06
-1.211637573242187500e+03
-4.042715625000000000e+04
-6.636522216796875000e+02
-2.240330322265625000e+03
-1.202066421508789062e+02
-8.414720153808593750e+01
-2.195426093750000000e+05
-1.875586406250000000e+05
-1.069260468750000000e+05
-1.315910000000000000e+06
-2.598108593750000000e+04
-5.752442871093750000e+03
-2.682264160156250000e+03
-1.144599023437500000e+04
-3.484816406250000000e+04
-1.270284375000000000e+06
-3.084583750000000000e+06
-3.169990820312500000e+04
-1.293689355468750000e+04
-3.758564375000000000e+05
-1.213129589843750000e+04
-1.150970546875000000e+05
-8.646314375000000000e+05
-3.426253906250000000e+04
-6.989756250000000000e+04
-6.957776562500000000e+04
-4.122150390625000000e+03
-3.337834402918815613e-02
-6.241318750000000000e+05
-7.359034375000000000e+05
-8.757208750000000000e+05
-1.812076093750000000e+05
-3.109112187500000000e+05
-6.484989375000000000e+05
-1.916041503906250000e+03
-7.912783593750000000e+04
-4.700050625000000000e+05
-3.492810156250000000e+04
-8.200258000000000000e+06
-3.005293750000000000e+06
-5.821230000000000000e+05
-3.748412109375000000e+04
-3.603941406250000000e+03
-2.700976943969726562e+01
-2.102854882812500000e+04
-1.031428515625000000e+05
-1.323341875000000000e+05
-1.579007446289062500e+03
-2.235626250000000000e+06
-4.203440500000000000e+06
-1.791977187500000000e+05
-2.755457500000000000e+05
-1.908207656250000000e+05
-3.604150781250000000e+04
-2.985742968750000000e+04
-6.795735000000000000e+05
-6.696053710937500000e+03
-5.523898125000000000e+05
-3.648115937500000000e+05
-2.763183984375000000e+04
-2.186637656250000000e+05
-6.856651562500000000e+04
-2.084092578125000000e+04
-9.495677185058593750e+01
-3.945735931396484375e+00
-3.187272265625000000e+04
-1.156718515625000000e+05
-4.010430468750000000e+04
-2.248395898437500000e+04
-1.683499062500000000e+05
-5.819306640625000000e+04
-1.051854765625000000e+05
-2.659951562500000000e+05
-2.086220312500000000e+05
-7.927060625000000000e+05
-1.196494921875000000e+04
-2.183381640625000000e+04
-4.335899902343750000e+03
-3.663349062500000000e+05
-1.637616562500000000e+05
-2.816267812500000000e+05
-4.571082812500000000e+04
-8.456649631261825562e-02
-1.869483398437500000e+04
-6.563786010742187500e+02
-5.203858398437500000e+03
-2.267738476562500000e+04
-2.974567871093750000e+03
-5.313567187500000000e+04
-2.435207750000000000e+06
-2.371243652343750000e+03
-1.670562438964843750e+02
-5.285702133178710938e+01
1.543474435806274414e+00
-8.982171093750000000e+04
-2.374271718750000000e+05
-3.094827343750000000e+04
-3.682117968750000000e+04
-1.443694500000000000e+06
-1.276816484375000000e+05
-3.016421142578125000e+03
-4.406142187500000000e+05
-1.308197875000000000e+06
-1.978883178710937500e+03
-6.399467968750000000e+04
-4.175614843750000000e+04
-7.683240509033203125e+01
-2.579757568359375000e+03
-3.471901562500000000e+04
-1.628229980468750000e+02
-6.534187011718750000e+02
-1.108381093750000000e+05
-1.834875000000000000e+05
-2.109547460937500000e+04
-2.704784570312500000e+04
-1.183759500000000000e+06
-6.075396875000000000e+05
-6.297755000000000000e+05
-4.880111500000000000e+06
-7.543912500000000000e+05
-7.461463500000000000e+06
-7.692805468750000000e+04
-1.792163940429687500e+03
-1.388263427734375000e+03
-8.764433593750000000e+04
-1.014079809188842773e+00
-2.455741271972656250e+02
-1.378894653320312500e+03
-1.293375781250000000e+04
-3.276748779296875000e+03
-9.770629882812500000e+03
-1.061213437500000000e+05
-2.719152343750000000e+04
-5.881265234375000000e+04
-6.914628417968750000e+03
-2.203382031250000000e+05
-5.062375000000000000e+05
-1.837914000000000000e+06
-6.079585937500000000e+04
-1.102734375000000000e+04
-1.946701953125000000e+04
-1.480459350585937500e+03
-1.645443750000000000e+04
3.967785120010375977e+00
-5.911082031250000000e+03
-2.723165000000000000e+05
-8.421991250000000000e+05
-2.517079687500000000e+05
-1.669156718750000000e+05
-3.595647500000000000e+05
-2.100631640625000000e+04
-5.443141875000000000e+05
-1.688735781250000000e+05
-3.537212812500000000e+05
-6.983505859375000000e+03
-4.427988281250000000e+04
-5.225039375000000000e+05
-5.072008593750000000e+04
-3.239340820312500000e+04
-9.605242968750000000e+04
-5.957102539062500000e+03
-7.810248437500000000e+04
-1.744538269042968750e+02
-7.810140380859375000e+02
-3.916610546875000000e+04
-4.528450195312500000e+03
-4.833778750000000000e+05
-3.561687011718750000e+02
-7.773517500000000000e+05
-4.147683203125000000e+04
-5.740816406250000000e+04
-6.755617968750000000e+04
-1.964055468750000000e+04
-2.165163085937500000e+04
-9.917155456542968750e+01
3.375609517097473145e-01
-2.245445312500000000e+04
-5.172669140625000000e+04
-4.162124023437500000e+03
-8.720855468750000000e+04
-7.080230468750000000e+03
-4.825411987304687500e+02
-2.379059570312500000e+04
-8.266916992187500000e+03
-7.916764062500000000e+04
-2.221588750000000000e+06
-1.993142125000000000e+06
-5.461143125000000000e+05
-2.240912500000000000e+05
-9.983270312500000000e+04
-7.539758125000000000e+05
-1.138181250000000000e+04
-6.208611328125000000e+03
-1.598496562500000000e+05
-1.011651171875000000e+05
-2.933615625000000000e+05
-6.457474218750000000e+04
-6.770254882812500000e+03
-6.646180175781250000e+03
-3.419241699218750000e+03
-3.452060546875000000e+04
-2.653845000000000000e+05
-1.052698625000000000e+06
-1.680060937500000000e+05
-1.233307343750000000e+05
-3.890622812500000000e+05
-1.643201718750000000e+05
-8.361417000000000000e+06
-1.150778359375000000e+05
-1.688762250000000000e+06
-8.493103125000000000e+05
-1.321666875000000000e+05
-4.310601000000000000e+06
4.012809753417968750e+00
-5.150820922851562500e+02
-6.325987500000000000e+05
-3.210672265625000000e+04
-1.387935375000000000e+06
-3.439848828125000000e+04
-6.101228296756744385e-02
-3.751216250000000000e+05
-6.748023925781250000e+03
-9.341393750000000000e+04
-1.913637875000000000e+06
-8.659336875000000000e+05
-5.054568125000000000e+05
-5.695888671875000000e+04
-9.354928906250000000e+04
-2.950751875000000000e+05
-3.816542358398437500e+02
-2.197291259765625000e+03
-1.017152441406250000e+04
-4.433729934692382812e+01
-2.699921679687500000e+04
-1.079778808593750000e+04
-2.813907165527343750e+02
-1.433353125000000000e+05
-6.515740234375000000e+03
2.946864604949951172e+00
-3.428163452148437500e+02
-5.805818847656250000e+03
-4.717989062500000000e+04
-9.661586761474609375e+00
-8.593375000000000000e+04
-2.163501367187500000e+04
-7.369950683593750000e+03
-3.085061875000000000e+05
-6.859252343750000000e+04
-1.579729531250000000e+05
-3.756042187500000000e+05
1.002024114131927490e-01
-1.115800683593750000e+04
-7.140166992187500000e+03
-2.422020781250000000e+05
-2.680931250000000000e+04
-1.765152812500000000e+05
-7.015601545572280884e-02
-4.270998437500000000e+04
-1.483805250000000000e+06
-1.114681500000000000e+06
-1.151821000000000000e+06
-3.399489843750000000e+04
-2.357296679687500000e+04
-5.617292500000000000e+05
-7.134951171875000000e+03
-6.248896000000000000e+06
-4.605248046875000000e+04
-1.624692968750000000e+05
-1.980267000000000000e+06
-6.114419921875000000e+03
-2.374437187500000000e+05
-1.177159118652343750e+02
-1.200441093750000000e+05
-1.383196679687500000e+04
-3.831216015625000000e+04
-3.312870483398437500e+02
-2.815305625000000000e+05
-1.773252868652343750e+01
-2.551767500000000000e+05
-1.204865527343750000e+04
-1.312281005859375000e+03
-7.896687500000000000e+04
-2.651433203125000000e+04
-3.275309687500000000e+05
-3.459282500000000000e+06
-2.614918906250000000e+05
-7.809220625000000000e+05
-1.547396679687500000e+04
-5.296307031250000000e+04
-3.570972812500000000e+05
-2.208699707031250000e+03
-1.081349853515625000e+03
