7.387512829154729843e-03
7.920769974589347839e-03
8.454049937427043915e-03
8.987352252006530762e-03
9.520678780972957611e-03
1.005391217768192291e-02
1.058721542358398438e-02
1.112051866948604584e-02
1.165379863232374191e-02
1.218705531209707260e-02
1.272038184106349945e-02
1.325361523777246475e-02
1.378696411848068237e-02
1.432019844651222229e-02
1.485347840934991837e-02
1.538678165525197983e-02
1.592008396983146667e-02
1.645338721573352814e-02
1.698664389550685883e-02
1.751992478966712952e-02
1.805325038731098175e-02
1.858653128147125244e-02
1.911978796124458313e-02
1.965311355888843536e-02
2.018634788691997528e-02
2.071965113282203674e-02
2.125295251607894897e-02
2.178625576198101044e-02
2.445267885923385620e-02
2.498593553900718689e-02
2.551923878490924835e-02
2.605254203081130981e-02
2.658584527671337128e-02
2.711907960474491119e-02
2.765240520238876343e-02
2.818568423390388489e-02
2.871894277632236481e-02
2.925222180783748627e-02
2.978552505373954773e-02
3.031885065138339996e-02
3.085213154554367065e-02
3.138538822531700134e-02
3.191868960857391357e-02
3.245197236537933350e-02
3.298522904515266418e-02
3.351850807666778564e-02
3.405178710818290710e-02
3.458513692021369934e-02
3.511839359998703003e-02
3.565165027976036072e-02
3.618500009179115295e-02
3.671825677156448364e-02
3.725153580307960510e-02
3.778484091162681580e-02
3.831811994314193726e-02
3.885137662291526794e-02
4.151782393455505371e-02
4.205112531781196594e-02
4.258438199758529663e-02
4.311768710613250732e-02
4.365098848938941956e-02
4.418426752090454102e-02
4.471757262945175171e-02
4.525085166096687317e-02
4.578413069248199463e-02
4.631743580102920532e-02
4.685069248080253601e-02
4.738399386405944824e-02
4.791727289557456970e-02
4.845052957534790039e-02
4.898381233215332031e-02
4.951713606715202332e-02
5.005046352744102478e-02
5.058369785547256470e-02
5.111699923872947693e-02
5.165028199553489685e-02
5.218358337879180908e-02
5.271684005856513977e-02
5.325014144182205200e-02
5.378342419862747192e-02
5.431672558188438416e-02
5.484998226165771484e-02
5.538328737020492554e-02
5.591661110520362854e-02
5.858301371335983276e-02
5.911624431610107422e-02
5.964957177639007568e-02
6.018289923667907715e-02
6.071615591645240784e-02
6.124943494796752930e-02
6.178271397948265076e-02
6.231604143977165222e-02
6.284932047128677368e-02
6.338252872228622437e-02
6.391587853431701660e-02
6.444916129112243652e-02
6.498244404792785645e-02
6.551574170589447021e-02
6.604902446269989014e-02
6.658225506544113159e-02
6.711558252573013306e-02
6.764884293079376221e-02
6.818214058876037598e-02
6.871542334556579590e-02
6.924872845411300659e-02
6.978202611207962036e-02
7.031530886888504028e-02
7.084861397743225098e-02
7.138188928365707397e-02
7.191512733697891235e-02
7.244845479726791382e-02
7.298173010349273682e-02
7.564815878868103027e-02
7.618143409490585327e-02
7.671471685171127319e-02
7.724804431200027466e-02
7.778131961822509766e-02
7.831460237503051758e-02
7.884790748357772827e-02
7.938111573457717896e-02
7.991446554660797119e-02
8.044777065515518188e-02
8.098102360963821411e-02
8.151428401470184326e-02
8.204758167266845703e-02
8.258090913295745850e-02
8.311416953802108765e-02
8.364742249250411987e-02
8.418070524930953979e-02
8.471405506134033203e-02
8.524728566408157349e-02
8.578061312437057495e-02
8.631387352943420410e-02
8.684721589088439941e-02
8.738043159246444702e-02
8.791375905275344849e-02
8.844705671072006226e-02
8.898031711578369141e-02
8.951364457607269287e-02
9.004691988229751587e-02
9.271331876516342163e-02
9.324662387371063232e-02
9.377988427877426147e-02
9.431315958499908447e-02
9.484650939702987671e-02
9.537974745035171509e-02
9.591304510831832886e-02
9.644635021686553955e-02
9.697961062192916870e-02
9.751293063163757324e-02
9.804616868495941162e-02
9.857947379350662231e-02
9.911274909973144531e-02
9.964603185653686523e-02
1.001793369650840759e-01
1.007126569747924805e-01
1.012458950281143188e-01
1.017792224884033203e-01
1.023124530911445618e-01
1.028457805514335632e-01
1.033790633082389832e-01
1.039123162627220154e-01
1.044456437230110168e-01
1.049789190292358398e-01
1.055122241377830505e-01
1.060455068945884705e-01
1.065787598490715027e-01
1.071120649576187134e-01
1.097785085439682007e-01
1.103117913007736206e-01
1.108450740575790405e-01
1.113783270120620728e-01
1.119116544723510742e-01
1.124449595808982849e-01
1.129782125353813171e-01
1.135114952921867371e-01
1.140448004007339478e-01
1.145780310034751892e-01
1.151113361120223999e-01
1.156445890665054321e-01
1.161779388785362244e-01
1.167112216353416443e-01
1.172445937991142273e-01
1.177778020501136780e-01
1.183111071586608887e-01
1.188443377614021301e-01
1.193776428699493408e-01
1.199109479784965515e-01
1.204442232847213745e-01
1.209774836897850037e-01
1.215107887983322144e-01
1.220440864562988281e-01
1.225773692131042480e-01
1.231106743216514587e-01
1.236439496278762817e-01
1.241772770881652832e-01
1.268437057733535767e-01
1.273769736289978027e-01
1.279102414846420288e-01
1.284435242414474487e-01
1.289768368005752563e-01
1.295100748538970947e-01
1.300433874130249023e-01
1.305766105651855469e-01
1.311099678277969360e-01
1.316431909799575806e-01
1.321765184402465820e-01
1.327097862958908081e-01
1.332431137561798096e-01
1.337763816118240356e-01
1.343096643686294556e-01
1.348429769277572632e-01
1.353762298822402954e-01
1.359095275402069092e-01
1.364428997039794922e-01
1.369761079549789429e-01
1.375093907117843628e-01
1.380426734685897827e-01
1.385759711265563965e-01
1.391092538833618164e-01
1.396425068378448486e-01
1.401757895946502686e-01
1.407091170549392700e-01
1.412423700094223022e-01
1.439087986946105957e-01
1.444420963525772095e-01
1.449754089117050171e-01
1.455086916685104370e-01
1.460419595241546631e-01
1.465752273797988892e-01
1.471086442470550537e-01
1.476418226957321167e-01
1.481751352548599243e-01
1.487083882093429565e-01
1.492417156696319580e-01
1.497749686241149902e-01
1.503083258867263794e-01
1.508415043354034424e-01
1.513748615980148315e-01
1.519081592559814453e-01
1.524413675069808960e-01
1.529747396707534790e-01
1.535079777240753174e-01
1.540412753820419312e-01
1.545745134353637695e-01
1.551078557968139648e-01
1.556411236524581909e-01
1.561744213104248047e-01
1.567076742649078369e-01
1.572410315275192261e-01
1.577742844820022583e-01
1.583075374364852905e-01
1.609740108251571655e-01
1.615073084831237793e-01
1.620406210422515869e-01
1.625738292932510376e-01
1.631071269512176514e-01
1.636404842138290405e-01
1.641736924648284912e-01
1.647069901227951050e-01
1.652403026819229126e-01
1.657735556364059448e-01
1.663068532943725586e-01
1.668401211500167847e-01
1.673734635114669800e-01
1.679067164659500122e-01
1.684399694204330444e-01
1.689733266830444336e-01
1.695066243410110474e-01
1.700398325920104980e-01
1.705731451511383057e-01
1.711064428091049194e-01
1.716398000717163086e-01
1.721730530261993408e-01
1.727062612771987915e-01
1.732396185398101807e-01
1.737728714942932129e-01
1.743061691522598267e-01
1.748394221067428589e-01
1.753727346658706665e-01
1.780391484498977661e-01
1.785724163055419922e-01
1.791057139635086060e-01
1.796389669179916382e-01
1.801722794771194458e-01
1.807054877281188965e-01
1.812388747930526733e-01
1.817721873521804810e-01
1.823054403066635132e-01
1.828387826681137085e-01
1.833720058202743530e-01
1.839053481817245483e-01
1.844385117292404175e-01
1.849719136953353882e-01
1.855051666498184204e-01
1.860384643077850342e-01
1.865717321634292603e-01
1.871050298213958740e-01
1.876383274793624878e-01
1.881715357303619385e-01
1.887048929929733276e-01
1.892381459474563599e-01
1.897714585065841675e-01
1.903047114610671997e-01
1.908380538225173950e-01
1.913713216781616211e-01
1.919046193361282349e-01
1.924379169940948486e-01
1.951043009757995605e-01
1.956375986337661743e-01
1.961709111928939819e-01
1.967042088508605957e-01
1.972374618053436279e-01
1.977707147598266602e-01
1.983040273189544678e-01
1.988373249769210815e-01
1.993706226348876953e-01
1.999038457870483398e-01
2.004371881484985352e-01
2.009704858064651489e-01
2.015037536621093750e-01
2.020370960235595703e-01
2.025703489780426025e-01
2.031036615371704102e-01
2.036368697881698608e-01
2.041701674461364746e-01
2.047034800052642822e-01
2.052367776632308960e-01
2.057700306177139282e-01
2.063032984733581543e-01
2.068366408348083496e-01
2.073698937892913818e-01
2.079032063484191895e-01
2.084364593029022217e-01
2.089697569608688354e-01
2.095030695199966431e-01
2.121694386005401611e-01
2.127028405666351318e-01
2.132360488176345825e-01
2.137693911790847778e-01
2.143025547266006470e-01
2.148359566926956177e-01
2.153691202402114868e-01
2.159025222063064575e-01
2.164358198642730713e-01
2.169690281152725220e-01
2.175023853778839111e-01
2.180355936288833618e-01
2.185689359903335571e-01
2.191022485494613647e-01
2.196355015039443970e-01
2.201687991619110107e-01
2.207020521163940430e-01
2.212354093790054321e-01
2.217686176300048828e-01
2.223019748926162720e-01
2.228352278470993042e-01
2.233685255050659180e-01
2.239017784595489502e-01
2.244351357221603394e-01
2.249683439731597900e-01
2.255016416311264038e-01
2.260348647832870483e-01
2.265682071447372437e-01
2.292346358299255371e-01
2.297678887844085693e-01
2.303012311458587646e-01
2.308344990015029907e-01
2.313677519559860229e-01
2.319010496139526367e-01
2.324343621730804443e-01
2.329676598310470581e-01
2.335009127855300903e-01
2.340341806411743164e-01
2.345675230026245117e-01
2.351007759571075439e-01
2.356340885162353516e-01
2.361673414707183838e-01
2.367006838321685791e-01
2.372339069843292236e-01
2.377672493457794189e-01
2.383004575967788696e-01
2.388338148593902588e-01
2.393670678138732910e-01
2.399003207683563232e-01
2.404337227344512939e-01
2.409669309854507446e-01
2.415002286434173584e-01
2.420334815979003906e-01
2.425667941570281982e-01
2.431000471115112305e-01
2.436333447694778442e-01
2.462998628616333008e-01
2.468331307172775269e-01
2.473664283752441406e-01
2.478997260332107544e-01
2.484330385923385620e-01
2.489662468433380127e-01
2.494995445013046265e-01
2.500328123569488525e-01
2.505660951137542725e-01
2.510994672775268555e-01
2.516326606273651123e-01
2.521660029888153076e-01
2.526992261409759521e-01
2.532325387001037598e-01
2.537657916545867920e-01
2.542990744113922119e-01
2.548324465751647949e-01
2.553656101226806641e-01
2.558990418910980225e-01
2.564322948455810547e-01
2.569655478000640869e-01
2.574987709522247314e-01
2.580321133136749268e-01
2.585654258728027344e-01
2.590987682342529297e-01
2.596319317817687988e-01
2.601652741432189941e-01
2.606985270977020264e-01
2.633649706840515137e-01
2.638982534408569336e-01
2.644315659999847412e-01
2.649648189544677734e-01
2.654981315135955811e-01
2.660313844680786133e-01
2.665647268295288086e-01
2.670979499816894531e-01
2.676312923431396484e-01
2.681645154953002930e-01
2.686978578567504883e-01
2.692311108112335205e-01
2.697644233703613281e-01
2.702977061271667480e-01
2.708310186862945557e-01
2.713642418384552002e-01
2.718976140022277832e-01
2.724308371543884277e-01
2.729640901088714600e-01
2.734974026679992676e-01
2.740306556224822998e-01
2.745639681816101074e-01
2.750973105430603027e-01
2.756305634975433350e-01
2.761638760566711426e-01
2.766971290111541748e-01
2.772303223609924316e-01
2.777637243270874023e-01
2.804301679134368896e-01
2.809634208679199219e-01
2.814967930316925049e-01
2.820300757884979248e-01
2.825632691383361816e-01
2.830965816974639893e-01
2.836298644542694092e-01
2.841631770133972168e-01
2.846964299678802490e-01
2.852297425270080566e-01
2.857630848884582520e-01
2.862963378429412842e-01
2.868295609951019287e-01
2.873629033565521240e-01
2.878961563110351562e-01
2.884294092655181885e-01
2.889627218246459961e-01
2.894960343837738037e-01
2.900292873382568359e-01
2.905626296997070312e-01
2.910958528518676758e-01
2.916292548179626465e-01
2.921624481678009033e-01
2.926957011222839355e-01
2.932290136814117432e-01
2.937623560428619385e-01
2.942955791950225830e-01
2.948289215564727783e-01
2.974953055381774902e-01
2.980284988880157471e-01
2.985619008541107178e-01
2.990951240062713623e-01
2.996284663677215576e-01
3.001617789268493652e-01
3.006950318813323975e-01
3.012283146381378174e-01
3.017616271972656250e-01
3.022948503494262695e-01
3.028281331062316895e-01
3.033615052700042725e-01
3.038946986198425293e-01
3.044280111789703369e-01
3.049613535404205322e-01
3.054946064949035645e-01
3.060278594493865967e-01
3.065611124038696289e-01
3.070944845676422119e-01
3.076277673244476318e-01
3.081610202789306641e-01
3.086943030357360840e-01
3.092276453971862793e-01
3.097609579563140869e-01
3.102942109107971191e-01
3.108274638652801514e-01
3.113607168197631836e-01
3.118940591812133789e-01
3.145604431629180908e-01
3.150937855243682861e-01
3.156270980834960938e-01
3.161603510379791260e-01
3.166936039924621582e-01
3.172269463539123535e-01
3.177601993083953857e-01
3.182934224605560303e-01
3.188267648220062256e-01
3.193600177764892578e-01
3.198933303356170654e-01
3.204266428947448730e-01
3.209599256515502930e-01
3.214932978153228760e-01
3.220264613628387451e-01
3.225598037242889404e-01
3.230931162834167480e-01
3.236263692378997803e-01
3.241596519947052002e-01
3.246928751468658447e-01
3.252262175083160400e-01
3.257595598697662354e-01
3.262927830219268799e-01
3.268260955810546875e-01
3.273593485355377197e-01
3.278926014900207520e-01
3.284259438514709473e-01
3.289591670036315918e-01
3.316256403923034668e-01
3.321588933467864990e-01
3.326921463012695312e-01
3.332255482673645020e-01
3.337587118148803711e-01
3.342920541763305664e-01
3.348253965377807617e-01
3.353586494922637939e-01
3.358919620513916016e-01
3.364251852035522461e-01
3.369584679603576660e-01
3.374917209148406982e-01
3.380250334739685059e-01
3.385583460330963135e-01
3.390916287899017334e-01
3.396249115467071533e-01
3.401581943035125732e-01
3.406915068626403809e-01
3.412248194217681885e-01
3.417580723762512207e-01
3.422913253307342529e-01
3.428246676921844482e-01
3.433579206466674805e-01
3.438912332057952881e-01
3.444244861602783203e-01
3.449577987194061279e-01
3.454910814762115479e-01
3.460243642330169678e-01
3.486908674240112305e-01
3.492241203784942627e-01
3.497573435306549072e-01
3.502906262874603271e-01
3.508239984512329102e-01
3.513572812080383301e-01
3.518905043601989746e-01
3.524238169193267822e-01
3.529570996761322021e-01
3.534904122352600098e-01
3.540236651897430420e-01
3.545570075511932373e-01
3.550902605056762695e-01
3.556235134601593018e-01
3.561568856239318848e-01
3.566901385784149170e-01
3.572234511375427246e-01
3.577567040920257568e-01
3.582899570465087891e-01
3.588232398033142090e-01
3.593565523624420166e-01
3.598898649215698242e-01
3.604231774806976318e-01
3.609563708305358887e-01
3.614896833896636963e-01
3.620229661464691162e-01
3.625562787055969238e-01
3.630895912647247314e-01
3.657560050487518311e-01
3.662891685962677002e-01
3.668225109577178955e-01
3.673558235168457031e-01
3.678890764713287354e-01
3.684223890304565430e-01
3.689557313919067383e-01
3.694889843463897705e-01
3.700222969055175781e-01
3.705555498600006104e-01
3.710888028144836426e-01
3.716221153736114502e-01
3.721554279327392578e-01
3.726887106895446777e-01
3.732219636440277100e-01
3.737551867961883545e-01
3.742886185646057129e-01
3.748218417167663574e-01
3.753550946712493896e-01
3.758884072303771973e-01
3.764217495918273926e-01
3.769550025463104248e-01
3.774882256984710693e-01
3.780214786529541016e-01
3.785548806190490723e-01
3.790881633758544922e-01
3.796213865280151367e-01
3.801547288894653320e-01
3.828212022781372070e-01
3.833544552326202393e-01
3.838876783847808838e-01
3.844210505485534668e-01
3.849543631076812744e-01
3.854875862598419189e-01
3.860208392143249512e-01
3.865541219711303711e-01
3.870874941349029541e-01
3.876206576824188232e-01
3.881540000438690186e-01
3.886873424053192139e-01
3.892205655574798584e-01
3.897539675235748291e-01
3.902871608734130859e-01
3.908204138278961182e-01
3.913537263870239258e-01
3.918870389461517334e-01
3.924203217029571533e-01
3.929535448551177979e-01
3.934867978096008301e-01
3.940201401710510254e-01
3.945534527301788330e-01
3.950867652893066406e-01
3.956200480461120605e-01
3.961533010005950928e-01
3.966866731643676758e-01
3.972197771072387695e-01
3.998863101005554199e-01
4.004195034503936768e-01
4.009527564048767090e-01
4.014861583709716797e-01
4.020194709300994873e-01
4.025527536869049072e-01
4.030859768390655518e-01
4.036192893981933594e-01
4.041525721549987793e-01
4.046858847141265869e-01
4.052192270755767822e-01
4.057523906230926514e-01
4.062857329845428467e-01
4.068189561367034912e-01
4.073522090911865234e-01
4.078855514526367188e-01
4.084189236164093018e-01
4.089522063732147217e-01
4.094853699207305908e-01
4.100188314914703369e-01
4.105520248413085938e-01
4.110852777957916260e-01
4.116185009479522705e-01
4.121519029140472412e-01
4.126851856708526611e-01
4.132184684276580811e-01
4.137517213821411133e-01
4.142850041389465332e-01
4.169515371322631836e-01
4.174847304821014404e-01
4.180180430412292480e-01
4.185514450073242188e-01
4.190846383571624756e-01
4.196179509162902832e-01
4.201512038707733154e-01
4.206844270229339600e-01
4.212177395820617676e-01
4.217510819435119629e-01
4.222843647003173828e-01
4.228175878524780273e-01
4.233509004116058350e-01
4.238843321800231934e-01
4.244174957275390625e-01
4.249507486820220947e-01
4.254840612411499023e-01
4.260173141956329346e-01
4.265506565570831299e-01
4.270838797092437744e-01
4.276171624660491943e-01
4.281504750251770020e-01
4.286837875843048096e-01
4.292171299457550049e-01
4.297504723072052002e-01
4.302836358547210693e-01
4.308169484138488770e-01
4.313501119613647461e-01
4.340166151523590088e-01
4.345498979091644287e-01
4.350830912590026855e-01
4.356166422367095947e-01
4.361497461795806885e-01
4.366830587387084961e-01
4.372162520885467529e-01
4.377496242523193359e-01
4.382829070091247559e-01
4.388162493705749512e-01
4.393494725227355957e-01
4.398827850818634033e-01
4.404160678386688232e-01
4.409493505954742432e-01
4.414826035499572754e-01
4.420158565044403076e-01
4.425492584705352783e-01
4.430824220180511475e-01
4.436157643795013428e-01
4.441490769386291504e-01
4.446823298931121826e-01
4.452155828475952148e-01
4.457489252090454102e-01
4.462821483612060547e-01
4.468155205249786377e-01
4.473487436771392822e-01
4.478819966316223145e-01
4.484153091907501221e-01
4.510818719863891602e-01
4.516151249408721924e-01
4.521484673023223877e-01
4.526816308498382568e-01
4.532149732112884521e-01
4.537482857704162598e-01
4.542814493179321289e-01
4.548148512840270996e-01
4.553480446338653564e-01
4.558813571929931641e-01
4.564146995544433594e-01
4.569479227066040039e-01
4.574812650680541992e-01
4.580145180225372314e-01
4.585477709770202637e-01
4.590812325477600098e-01
4.596144258975982666e-01
4.601476490497589111e-01
4.606809616088867188e-01
4.612142145633697510e-01
4.617474973201751709e-01
4.622808098793029785e-01
4.628140628337860107e-01
4.633473753929138184e-01
4.638807773590087891e-01
4.644139707088470459e-01
4.649471342563629150e-01
4.654805958271026611e-01
4.681469500064849854e-01
4.686801135540008545e-01
4.692136645317077637e-01
4.697468280792236328e-01
4.702801406383514404e-01
4.708133041858673096e-01
4.713466465473175049e-01
4.718799591064453125e-01
4.724133014678955078e-01
4.729465842247009277e-01
4.734798073768615723e-01
4.740131199359893799e-01
4.745463132858276367e-01
4.750796556472778320e-01
4.756129682064056396e-01
4.761462807655334473e-01
4.766795933246612549e-01
4.772127866744995117e-01
4.777461290359497070e-01
4.782793521881103516e-01
4.788126945495605469e-01
4.793460369110107422e-01
4.798792600631713867e-01
4.804125130176544189e-01
4.809458553791046143e-01
4.814790189266204834e-01
4.820123314857482910e-01
4.825456440448760986e-01
