-1.301667988300323486e-01
-1.301500946283340454e-01
-1.301333010196685791e-01
-1.301166266202926636e-01
-1.300999075174331665e-01
-1.300831288099288940e-01
-1.300663203001022339e-01
-1.300496906042098999e-01
-1.300329118967056274e-01
-1.300161629915237427e-01
-1.299994438886642456e-01
-1.299826949834823608e-01
-1.299659758806228638e-01
-1.299492716789245605e-01
-1.299324780702590942e-01
-1.299157589673995972e-01
-1.298990696668624878e-01
-1.298822462558746338e-01
-1.298655867576599121e-01
-1.298487931489944458e-01
-1.298320740461349487e-01
-1.298153996467590332e-01
-1.297986209392547607e-01
-1.297818869352340698e-01
-1.297651976346969604e-01
-1.297484338283538818e-01
-1.297317147254943848e-01
-1.297149658203125000e-01
-1.296313107013702393e-01
-1.296145170927047729e-01
-1.295978128910064697e-01
-1.295810490846633911e-01
-1.295643299818038940e-01
-1.295476704835891724e-01
-1.295308917760848999e-01
-1.295141577720642090e-01
-1.294974237680435181e-01
-1.294806897640228271e-01
-1.294639557600021362e-01
-1.294471770524978638e-01
-1.294304281473159790e-01
-1.294136792421340942e-01
-1.293970495462417603e-01
-1.293802857398986816e-01
-1.293635368347167969e-01
-1.293468177318572998e-01
-1.293300241231918335e-01
-1.293133348226547241e-01
-1.292966008186340332e-01
-1.292798966169357300e-01
-1.292630881071090698e-01
-1.292463839054107666e-01
-1.292296648025512695e-01
-1.292128711938858032e-01
-1.291962116956710815e-01
-1.291794180870056152e-01
-1.290958076715469360e-01
-1.290790885686874390e-01
-1.290623098611831665e-01
-1.290455758571624756e-01
-1.290288716554641724e-01
-1.290121227502822876e-01
-1.289953738451004028e-01
-1.289785951375961304e-01
-1.289619058370590210e-01
-1.289451867341995239e-01
-1.289284378290176392e-01
-1.289116740226745605e-01
-1.288949549198150635e-01
-1.288782656192779541e-01
-1.288615018129348755e-01
-1.288447976112365723e-01
-1.288280636072158813e-01
-1.288112848997116089e-01
-1.287945806980133057e-01
-1.287778168916702271e-01
-1.287610977888107300e-01
-1.287443488836288452e-01
-1.287276297807693481e-01
-1.287108808755874634e-01
-1.286941617727279663e-01
-1.286774575710296631e-01
-1.286606937646865845e-01
-1.286439746618270874e-01
-1.285602897405624390e-01
-1.285434812307357788e-01
-1.285267919301986694e-01
-1.285101175308227539e-01
-1.284933090209960938e-01
-1.284766048192977905e-01
-1.284598410129547119e-01
-1.284431070089340210e-01
-1.284264177083969116e-01
-1.284096390008926392e-01
-1.283929049968719482e-01
-1.283762007951736450e-01
-1.283594667911529541e-01
-1.283427476882934570e-01
-1.283259987831115723e-01
-1.283092647790908813e-01
-1.282925307750701904e-01
-1.282757967710494995e-01
-1.282590627670288086e-01
-1.282423436641693115e-01
-1.282255798578262329e-01
-1.282088607549667358e-01
-1.281920820474624634e-01
-1.281753927469253540e-01
-1.281586587429046631e-01
-1.281418800354003906e-01
-1.281251758337020874e-01
-1.281084269285202026e-01
-1.280247718095779419e-01
-1.280080229043960571e-01
-1.279913187026977539e-01
-1.279745250940322876e-01
-1.279577910900115967e-01
-1.279410868883132935e-01
-1.279243826866149902e-01
-1.279075890779495239e-01
-1.278908699750900269e-01
-1.278741806745529175e-01
-1.278574019670486450e-01
-1.278407424688339233e-01
-1.278239339590072632e-01
-1.278072446584701538e-01
-1.277904808521270752e-01
-1.277737617492675781e-01
-1.277570128440856934e-01
-1.277402490377426147e-01
-1.277235746383666992e-01
-1.277067810297012329e-01
-1.276900619268417358e-01
-1.276733279228210449e-01
-1.276566237211227417e-01
-1.276398897171020508e-01
-1.276231557130813599e-01
-1.276063770055770874e-01
-1.275896877050399780e-01
-1.275729238986968994e-01
-1.274892389774322510e-01
-1.274725496768951416e-01
-1.274557709693908691e-01
-1.274390518665313721e-01
-1.274223327636718750e-01
-1.274055987596511841e-01
-1.273887902498245239e-01
-1.273720711469650269e-01
-1.273553967475891113e-01
-1.273386329412460327e-01
-1.273219287395477295e-01
-1.273051500320434570e-01
-1.272884309291839600e-01
-1.272717565298080444e-01
-1.272550076246261597e-01
-1.272382140159606934e-01
-1.272215396165847778e-01
-1.272047758102416992e-01
-1.271880418062210083e-01
-1.271712779998779297e-01
-1.271546036005020142e-01
-1.271378099918365479e-01
-1.271210759878158569e-01
-1.271043419837951660e-01
-1.270875930786132812e-01
-1.270709186792373657e-01
-1.270541548728942871e-01
-1.270374506711959839e-01
-1.269537955522537231e-01
-1.269370168447494507e-01
-1.269202977418899536e-01
-1.269035339355468750e-01
-1.268867850303649902e-01
-1.268700659275054932e-01
-1.268533766269683838e-01
-1.268366426229476929e-01
-1.268198937177658081e-01
-1.268031299114227295e-01
-1.267864257097244263e-01
-1.267697215080261230e-01
-1.267529577016830444e-01
-1.267362236976623535e-01
-1.267194598913192749e-01
-1.267026960849761963e-01
-1.266859769821166992e-01
-1.266692578792572021e-01
-1.266524791717529297e-01
-1.266358047723770142e-01
-1.266190558671951294e-01
-1.266023218631744385e-01
-1.265856176614761353e-01
-1.265688389539718628e-01
-1.265521198511123657e-01
-1.265353709459304810e-01
-1.265186518430709839e-01
-1.265019327402114868e-01
-1.264182627201080322e-01
-1.264015287160873413e-01
-1.263847202062606812e-01
-1.263680607080459595e-01
-1.263513118028640747e-01
-1.263345927000045776e-01
-1.263178437948226929e-01
-1.263010799884796143e-01
-1.262843906879425049e-01
-1.262676715850830078e-01
-1.262508779764175415e-01
-1.262341737747192383e-01
-1.262173950672149658e-01
-1.262007057666778564e-01
-1.261839866638183594e-01
-1.261672228574752808e-01
-1.261505037546157837e-01
-1.261337548494338989e-01
-1.261169910430908203e-01
-1.261002570390701294e-01
-1.260835528373718262e-01
-1.260668188333511353e-01
-1.260500550270080566e-01
-1.260333955287933350e-01
-1.260166168212890625e-01
-1.259998828172683716e-01
-1.259831935167312622e-01
-1.259663850069046021e-01
-1.258827000856399536e-01
-1.258659958839416504e-01
-1.258492618799209595e-01
-1.258325278759002686e-01
-1.258157938718795776e-01
-1.257990002632141113e-01
-1.257823407649993896e-01
-1.257656216621398926e-01
-1.257488280534744263e-01
-1.257321685552597046e-01
-1.257153898477554321e-01
-1.256986111402511597e-01
-1.256819367408752441e-01
-1.256651878356933594e-01
-1.256484091281890869e-01
-1.256317198276519775e-01
-1.256149709224700928e-01
-1.255982518196105957e-01
-1.255815029144287109e-01
-1.255647987127304077e-01
-1.255480647087097168e-01
-1.255312561988830566e-01
-1.255145668983459473e-01
-1.254977881908416748e-01
-1.254811286926269531e-01
-1.254643946886062622e-01
-1.254476308822631836e-01
-1.254309117794036865e-01
-1.253472268581390381e-01
-1.253305226564407349e-01
-1.253138184547424316e-01
-1.252969652414321899e-01
-1.252802908420562744e-01
-1.252635419368743896e-01
-1.252468228340148926e-01
-1.252300739288330078e-01
-1.252133548259735107e-01
-1.251965463161468506e-01
-1.251799315214157104e-01
-1.251631677150726318e-01
-1.251464635133743286e-01
-1.251296103000640869e-01
-1.251129955053329468e-01
-1.250961869955062866e-01
-1.250794082880020142e-01
-1.250627189874649048e-01
-1.250460445880889893e-01
-1.250292509794235229e-01
-1.250125020742416382e-01
-1.249958351254463196e-01
-1.249790489673614502e-01
-1.249623671174049377e-01
-1.249456033110618591e-01
-1.249288618564605713e-01
-1.249120905995368958e-01
-1.248954534530639648e-01
-1.248117089271545410e-01
-1.247949823737144470e-01
-1.247782409191131592e-01
-1.247614920139312744e-01
-1.247447878122329712e-01
-1.247281283140182495e-01
-1.247113198041915894e-01
-1.246945559978485107e-01
-1.246778517961502075e-01
-1.246610879898071289e-01
-1.246443241834640503e-01
-1.246276646852493286e-01
-1.246108561754226685e-01
-1.245941743254661560e-01
-1.245774254202842712e-01
-1.245606839656829834e-01
-1.245439127087593079e-01
-1.245272755622863770e-01
-1.245105341076850891e-01
-1.244937628507614136e-01
-1.244770213961601257e-01
-1.244603171944618225e-01
-1.244435533881187439e-01
-1.244268491864204407e-01
-1.244100853800773621e-01
-1.243933364748954773e-01
-1.243766173720359802e-01
-1.243598684668540955e-01
-1.242761909961700439e-01
-1.242594867944717407e-01
-1.242427155375480652e-01
-1.242259964346885681e-01
-1.242092922329902649e-01
-1.241925284266471863e-01
-1.241757795214653015e-01
-1.241591200232505798e-01
-1.241423785686492920e-01
-1.241255924105644226e-01
-1.241088658571243286e-01
-1.240921616554260254e-01
-1.240753978490829468e-01
-1.240586712956428528e-01
-1.240419447422027588e-01
-1.240251436829566956e-01
-1.240084767341613770e-01
-1.239917129278182983e-01
-1.239749714732170105e-01
-1.239582672715187073e-01
-1.239415407180786133e-01
-1.239248365163803101e-01
-1.239080280065536499e-01
-1.238913312554359436e-01
-1.238746270537376404e-01
-1.238578185439109802e-01
-1.238411590456962585e-01
-1.238243877887725830e-01
-1.237407103180885315e-01
-1.237240061163902283e-01
-1.237072646617889404e-01
-1.236904934048652649e-01
-1.236737519502639771e-01
-1.236570701003074646e-01
-1.236403062939643860e-01
-1.236236020922660828e-01
-1.236067935824394226e-01
-1.235900670289993286e-01
-1.235733479261398315e-01
-1.235566660761833191e-01
-1.235398724675178528e-01
-1.235231757164001465e-01
-1.235063672065734863e-01
-1.234896630048751831e-01
-1.234729364514350891e-01
-1.234562322497367859e-01
-1.234394311904907227e-01
-1.234227269887924194e-01
-1.234060227870941162e-01
-1.233892589807510376e-01
-1.233725547790527344e-01
-1.233558282256126404e-01
-1.233390644192695618e-01
-1.233223155140876770e-01
-1.233055740594863892e-01
-1.232889145612716675e-01
-1.232052296400070190e-01
-1.231884658336639404e-01
-1.231717020273208618e-01
-1.231549754738807678e-01
-1.231383159756660461e-01
-1.231215670704841614e-01
-1.231047585606575012e-01
-1.230880618095397949e-01
-1.230713799595832825e-01
-1.230545714497566223e-01
-1.230378672480583191e-01
-1.230210810899734497e-01
-1.230044215917587280e-01
-1.229876503348350525e-01
-1.229709312319755554e-01
-1.229541003704071045e-01
-1.229373738169670105e-01
-1.229207813739776611e-01
-1.229039728641510010e-01
-1.228872463107109070e-01
-1.228705197572708130e-01
-1.228537559509277344e-01
-1.228370368480682373e-01
-1.228203326463699341e-01
-1.228036060929298401e-01
-1.227868199348449707e-01
-1.227700933814048767e-01
-1.227533742785453796e-01
-1.226697117090225220e-01
-1.226529628038406372e-01
-1.226361989974975586e-01
-1.226194947957992554e-01
-1.226027756929397583e-01
-1.225859671831130981e-01
-1.225692406296730042e-01
-1.225525587797164917e-01
-1.225358173251152039e-01
-1.225190088152885437e-01
-1.225023642182350159e-01
-1.224856004118919373e-01
-1.224688738584518433e-01
-1.224521547555923462e-01
-1.224353685975074768e-01
-1.224186643958091736e-01
-1.224019601941108704e-01
-1.223852783441543579e-01
-1.223684325814247131e-01
-1.223517283797264099e-01
-1.223350465297698975e-01
-1.223182603716850281e-01
-1.223015338182449341e-01
-1.222847700119018555e-01
-1.222680658102035522e-01
-1.222513839602470398e-01
-1.222346350550651550e-01
-1.222178712487220764e-01
-1.221341490745544434e-01
-1.221174001693725586e-01
-1.221007034182548523e-01
-1.220839768648147583e-01
-1.220672354102134705e-01
-1.220504641532897949e-01
-1.220338046550750732e-01
-1.220170408487319946e-01
-1.220002546906471252e-01
-1.219835504889488220e-01
-1.219668239355087280e-01
-1.219501197338104248e-01
-1.219333559274673462e-01
-1.219165474176406860e-01
-1.218998879194259644e-01
-1.218831464648246765e-01
-1.218664795160293579e-01
-1.218496933579444885e-01
-1.218329295516014099e-01
-1.218162253499031067e-01
-1.217995434999465942e-01
-1.217827349901199341e-01
-1.217659935355186462e-01
-1.217492669820785522e-01
-1.217325627803802490e-01
-1.217157989740371704e-01
-1.216990947723388672e-01
-1.216823980212211609e-01
-1.215986683964729309e-01
-1.215819865465164185e-01
-1.215651631355285645e-01
-1.215484589338302612e-01
-1.215317770838737488e-01
-1.215149909257888794e-01
-1.214983090758323669e-01
-1.214815601706504822e-01
-1.214647516608238220e-01
-1.214480921626091003e-01
-1.214313060045242310e-01
-1.214145421981811523e-01
-1.213978826999664307e-01
-1.213811337947845459e-01
-1.213644519448280334e-01
-1.213476657867431641e-01
-1.213309019804000854e-01
-1.213141754269599915e-01
-1.212974339723587036e-01
-1.212807074189186096e-01
-1.212639659643173218e-01
-1.212471723556518555e-01
-1.212305128574371338e-01
-1.212138533592224121e-01
-1.211970895528793335e-01
-1.211803033947944641e-01
-1.211635768413543701e-01
-1.211468130350112915e-01
-1.210631728172302246e-01
-1.210464462637901306e-01
-1.210296377539634705e-01
-1.210129782557487488e-01
-1.209962740540504456e-01
-1.209794878959655762e-01
-1.209627240896224976e-01
-1.209460422396659851e-01
-1.209292560815811157e-01
-1.209125295281410217e-01
-1.208958253264427185e-01
-1.208790615200996399e-01
-1.208623349666595459e-01
-1.208456754684448242e-01
-1.208289116621017456e-01
-1.208121255040168762e-01
-1.207953616976737976e-01
-1.207786798477172852e-01
-1.207619756460189819e-01
-1.207451671361923218e-01
-1.207284405827522278e-01
-1.207116991281509399e-01
-1.206949949264526367e-01
-1.206783354282379150e-01
-1.206614822149276733e-01
-1.206447631120681763e-01
-1.206280365586280823e-01
-1.206113547086715698e-01
-1.205276697874069214e-01
-1.205109283328056335e-01
-1.204941645264625549e-01
-1.204774826765060425e-01
-1.204607784748077393e-01
-1.204439699649810791e-01
-1.204272210597991943e-01
-1.204105243086814880e-01
-1.203938201069831848e-01
-1.203770712018013000e-01
-1.203603520989418030e-01
-1.203435808420181274e-01
-1.203268840909004211e-01
-1.203101128339767456e-01
-1.202933266758918762e-01
-1.202766448259353638e-01
-1.202599257230758667e-01
-1.202431991696357727e-01
-1.202263906598091125e-01
-1.202096864581108093e-01
-1.201930269598960876e-01
-1.201763004064559937e-01
-1.201594918966293335e-01
-1.201427727937698364e-01
-1.201260462403297424e-01
-1.201093271374702454e-01
-1.200926229357719421e-01
-1.200757697224617004e-01
-1.199921295046806335e-01
-1.199755147099494934e-01
-1.199587062001228333e-01
-1.199419349431991577e-01
-1.199252158403396606e-01
-1.199084520339965820e-01
-1.198917701840400696e-01
-1.198749989271163940e-01
-1.198582351207733154e-01
-1.198415085673332214e-01
-1.198247671127319336e-01
-1.198081076145172119e-01
-1.197913363575935364e-01
-1.197746172547340393e-01
-1.197578087449073792e-01
-1.197410821914672852e-01
-1.197244450449943542e-01
-1.197076365351676941e-01
-1.196909099817276001e-01
-1.196741685271263123e-01
-1.196574866771697998e-01
-1.196407601237297058e-01
-1.196239963173866272e-01
-1.196072697639465332e-01
-1.195904836058616638e-01
-1.195737645030021667e-01
-1.195570379495620728e-01
-1.195402741432189941e-01
-1.194566711783409119e-01
-1.194399073719978333e-01
-1.194231808185577393e-01
-1.194063797593116760e-01
-1.193896532058715820e-01
-1.193729713559150696e-01
-1.193562448024749756e-01
-1.193395629525184631e-01
-1.193227171897888184e-01
-1.193060353398323059e-01
-1.192893907427787781e-01
-1.192725449800491333e-01
-1.192558631300926208e-01
-1.192390918731689453e-01
-1.192223504185676575e-01
-1.192056238651275635e-01
-1.191888600587844849e-01
-1.191720962524414062e-01
-1.191554740071296692e-01
-1.191387102007865906e-01
-1.191219463944435120e-01
-1.191052198410034180e-01
-1.190884932875633240e-01
-1.190718337893486023e-01
-1.190549880266189575e-01
-1.190382614731788635e-01
-1.190215349197387695e-01
-1.190048158168792725e-01
-1.189211979508399963e-01
-1.189043447375297546e-01
-1.188876628875732422e-01
-1.188708990812301636e-01
-1.188542544841766357e-01
-1.188374087214469910e-01
-1.188207045197486877e-01
-1.188040226697921753e-01
-1.187872588634490967e-01
-1.187705993652343750e-01
-1.187537908554077148e-01
-1.187370195984840393e-01
-1.187203377485275269e-01
-1.187036186456680298e-01
-1.186868101358413696e-01
-1.186700612306594849e-01
-1.186533793807029724e-01
-1.186366602778434753e-01
-1.186198964715003967e-01
-1.186031699180603027e-01
-1.185864061117172241e-01
-1.185697242617607117e-01
-1.185529381036758423e-01
-1.185362115502357483e-01
-1.185195073485374451e-01
-1.185027807950973511e-01
-1.184860616922378540e-01
-1.184692531824111938e-01
-1.183855906128883362e-01
-1.183689311146736145e-01
-1.183521226048469543e-01
-1.183354184031486511e-01
-1.183186993002891541e-01
-1.183019280433654785e-01
-1.182852461934089661e-01
-1.182685643434524536e-01
-1.182517558336257935e-01
-1.182350367307662964e-01
-1.182182878255844116e-01
-1.182016059756278992e-01
-1.181848421692848206e-01
-1.181680783629417419e-01
-1.181513071060180664e-01
-1.181345880031585693e-01
-1.181179657578468323e-01
-1.181011199951171875e-01
-1.180843934416770935e-01
-1.180676519870758057e-01
-1.180509701371192932e-01
-1.180342882871627808e-01
-1.180174350738525391e-01
-1.180006712675094604e-01
-1.179839447140693665e-01
-1.179672628641128540e-01
-1.179505363106727600e-01
-1.179337501525878906e-01
-1.178501546382904053e-01
-1.178333461284637451e-01
-1.178166195750236511e-01
-1.177998781204223633e-01
-1.177831515669822693e-01
-1.177665144205093384e-01
-1.177497059106826782e-01
-1.177329644560813904e-01
-1.177161931991577148e-01
-1.176995113492012024e-01
-1.176828294992446899e-01
-1.176659837365150452e-01
-1.176492795348167419e-01
-1.176325529813766479e-01
-1.176158711314201355e-01
-1.175991073250770569e-01
-1.175823435187339783e-01
-1.175655350089073181e-01
-1.175488084554672241e-01
-1.175322532653808594e-01
-1.175154224038124084e-01
-1.174986809492111206e-01
-1.174819990992546082e-01
-1.174651458859443665e-01
-1.174485087394714355e-01
-1.174317002296447754e-01
-1.174150630831718445e-01
-1.173982992768287659e-01
-1.173146590590476990e-01
-1.172977834939956665e-01
-1.172811463475227356e-01
-1.172644644975662231e-01
-1.172476559877395630e-01
-1.172309294342994690e-01
-1.172142103314399719e-01
-1.171975061297416687e-01
-1.171807423233985901e-01
-1.171640977263450623e-01
-1.171472072601318359e-01
-1.171304807066917419e-01
-1.171137988567352295e-01
-1.170970797538757324e-01
-1.170804128050804138e-01
-1.170635670423507690e-01
-1.170468628406524658e-01
-1.170301809906959534e-01
-1.170134991407394409e-01
-1.169966906309127808e-01
-1.169799268245697021e-01
-1.169631183147430420e-01
-1.169463917613029480e-01
-1.169296726584434509e-01
-1.169129461050033569e-01
-1.168962866067886353e-01
-1.168795004487037659e-01
-1.168627738952636719e-01
-1.167790964245796204e-01
-1.167623251676559448e-01
-1.167456433176994324e-01
-1.167288795113563538e-01
-1.167121157050132751e-01
-1.166954115033149719e-01
-1.166786849498748779e-01
-1.166620030999183655e-01
-1.166452988982200623e-01
-1.166284531354904175e-01
-1.166117712855339050e-01
-1.165950447320938110e-01
-1.165783256292343140e-01
-1.165615543723106384e-01
-1.165447086095809937e-01
-1.165281534194946289e-01
-1.165113449096679688e-01
-1.164946407079696655e-01
-1.164779365062713623e-01
-1.164610907435417175e-01
-1.164444088935852051e-01
-1.164276376366615295e-01
-1.164109185338020325e-01
-1.163941547274589539e-01
-1.163774281740188599e-01
-1.163607835769653320e-01
-1.163439974188804626e-01
-1.163272783160209656e-01
-1.162436380982398987e-01
-1.162267848849296570e-01
-1.162101030349731445e-01
-1.161933988332748413e-01
-1.161767169833183289e-01
-1.161599978804588318e-01
-1.161432266235351562e-01
-1.161264628171920776e-01
-1.161097437143325806e-01
-1.160929352045059204e-01
-1.160762533545494080e-01
-1.160595491528511047e-01
-1.160427182912826538e-01
-1.160259544849395752e-01
-1.160092726349830627e-01
-1.159926727414131165e-01
-1.159759461879730225e-01
-1.159591451287269592e-01
-1.159423738718032837e-01
-1.159256547689437866e-01
-1.159089282155036926e-01
-1.158921867609024048e-01
-1.158754155039787292e-01
-1.158586964011192322e-01
-1.158419921994209290e-01
-1.158252283930778503e-01
-1.158084571361541748e-01
-1.157917752861976624e-01
-1.157080531120300293e-01
-1.156914159655570984e-01
-1.156746074557304382e-01
-1.156579032540321350e-01
-1.156411767005920410e-01
-1.156243532896041870e-01
-1.156077533960342407e-01
-1.155909895896911621e-01
-1.155741810798645020e-01
-1.155575364828109741e-01
-1.155406907200813293e-01
-1.155239641666412354e-01
-1.155072823166847229e-01
-1.154905185103416443e-01
-1.154737696051597595e-01
-1.154570877552032471e-01
-1.154403910040855408e-01
-1.154236197471618652e-01
-1.154069006443023682e-01
-1.153901740908622742e-01
-1.153733655810356140e-01
-1.153566390275955200e-01
-1.153399199247360229e-01
-1.153232157230377197e-01
-1.153064519166946411e-01
-1.152897700667381287e-01
-1.152729615569114685e-01
-1.152562797069549561e-01
