-1.879771500000000000e+06
-1.872785000000000000e+06
-1.865528625000000000e+06
-1.857996875000000000e+06
-1.850188125000000000e+06
-1.842102500000000000e+06
-1.833733375000000000e+06
-1.825080750000000000e+06
-1.816139000000000000e+06
-1.806910375000000000e+06
-1.508385375000000000e+06
-1.491377500000000000e+06
-1.474009000000000000e+06
-1.456273250000000000e+06
-1.438177875000000000e+06
-1.419709625000000000e+06
-1.400877750000000000e+06
-1.381667250000000000e+06
-1.362074625000000000e+06
-1.342106875000000000e+06
-7.707690625000000000e+05
-7.407396875000000000e+05
-7.102606250000000000e+05
-6.793173750000000000e+05
-6.479078125000000000e+05
-6.160290000000000000e+05
-5.836769375000000000e+05
-5.508535625000000000e+05
-5.175405000000000000e+05
-4.837647500000000000e+05
4.340035937500000000e+05
4.803604375000000000e+05
5.272990625000000000e+05
5.748032500000000000e+05
6.228921875000000000e+05
6.715415625000000000e+05
7.207685625000000000e+05
7.705968750000000000e+05
8.210260625000000000e+05
8.720392500000000000e+05
2.217462000000000000e+06
2.283824500000000000e+06
2.350881250000000000e+06
2.418617000000000000e+06
2.487072750000000000e+06
2.556195000000000000e+06
2.626044750000000000e+06
2.696594000000000000e+06
2.767849500000000000e+06
2.839817000000000000e+06
4.701847000000000000e+06
4.792200500000000000e+06
4.883351500000000000e+06
4.975353500000000000e+06
5.068167000000000000e+06
5.161807000000000000e+06
5.256303000000000000e+06
5.351628500000000000e+06
5.447779000000000000e+06
5.544787000000000000e+06
8.019934000000000000e+06
8.138588500000000000e+06
8.258226000000000000e+06
8.378799500000000000e+06
8.500352000000000000e+06
8.622867000000000000e+06
8.746368000000000000e+06
8.870844000000000000e+06
8.996299000000000000e+06
9.122758000000000000e+06
1.231524200000000000e+07
1.246684500000000000e+07
1.261960000000000000e+07
1.277343800000000000e+07
1.292841900000000000e+07
1.308450800000000000e+07
1.324175200000000000e+07
1.340011100000000000e+07
1.355957100000000000e+07
1.372022300000000000e+07
1.774185000000000000e+07
1.793141800000000000e+07
1.812228000000000000e+07
1.831439600000000000e+07
1.850780400000000000e+07
1.870248600000000000e+07
1.889848600000000000e+07
1.909574200000000000e+07
1.929433200000000000e+07
1.949420400000000000e+07
2.446448000000000000e+07
2.469730000000000000e+07
2.493164600000000000e+07
2.516732200000000000e+07
2.540459400000000000e+07
2.564324200000000000e+07
2.588334600000000000e+07
2.612486800000000000e+07
2.636794600000000000e+07
2.661244000000000000e+07
