-2.264233242008949528e+26
-2.352854720952983481e+26
-2.444724302593516213e+26
-2.539946395502004918e+26
-2.638633893752180700e+26
-2.740906332245641196e+26
-2.846888964374646894e+26
-2.956700402703591747e+26
-3.070466454027058454e+26
-3.188333401025551530e+26
-7.404958414347153564e+26
-7.673663280831725222e+26
-7.951481576758472347e+26
-8.238720255948781465e+26
-8.535653805954469376e+26
-8.842603200122418624e+26
-9.159859159139230873e+26
-9.487772171142306605e+26
-9.826650665692558242e+26
-1.017686652915051177e+27
-2.230881934552052280e+27
-2.306333249884196857e+27
-2.384170836029716502e+27
-2.464469217834669001e+27
-2.547293475412146401e+27
-2.632723741418404897e+27
-2.720835721291122993e+27
-2.811702021414974809e+27
-2.905404988055505386e+27
-3.002031689844742631e+27
-6.257576540772617861e+27
-6.455756553184346110e+27
-6.659805286542660610e+27
-6.869887433378651440e+27
-7.086168866815029398e+27
-7.308821362932608865e+27
-7.538014926924773150e+27
-7.773944946704750983e+27
-8.016761357408373477e+27
-8.266689061739387298e+27
-1.648504116075174162e+28
-1.697592525368793766e+28
-1.748044990220990266e+28
-1.799903185515974988e+28
-1.853198042754210728e+28
-1.907970646524098451e+28
-1.964258185461690757e+28
-2.022099146853823032e+28
-2.081531309632358235e+28
-2.142598355687262908e+28
-4.108272778857166272e+28
-4.223698277141411001e+28
-4.342160729310789199e+28
-4.463731443099192198e+28
-4.588487865316939059e+28
-4.716505553827755697e+28
-4.847866677808444044e+28
-4.982651045252564597e+28
-5.120935630733788131e+28
-5.262816770528365186e+28
-9.743872215069964677e+28
-1.000302340949699535e+29
-1.026862252311973623e+29
-1.054083200534519804e+29
-1.081978974927468057e+29
-1.110563648142937335e+29
-1.139857148567485346e+29
-1.169872037695956524e+29
-1.200626921652293375e+29
-1.232138612061174916e+29
-2.210661965475857591e+29
-2.266479392830080223e+29
-2.323613604854386228e+29
-2.382097280324837062e+29
-2.441957242283055426e+29
-2.503223902769190999e+29
-2.565930318348623870e+29
-2.630101423116383590e+29
-2.695781418422749819e+29
-2.762997127309345257e+29
-4.818604156108023658e+29
-4.934400737950492284e+29
-5.052798399251725510e+29
-5.173856452934748180e+29
-5.297631189608036099e+29
-5.424170966304373853e+29
-5.553541896154521617e+29
-5.685802914292185604e+29
-5.821013333640390656e+29
-5.959230200386249839e+29
-1.012865705851260007e+30
-1.036085468510734464e+30
-1.059804290860118585e+30
-1.084030257590831042e+30
-1.108776137981841516e+30
-1.134049638935250050e+30
-1.159863605287890049e+30
-1.186225290594679201e+30
-1.213149428639044059e+30
-1.240646446406178800e+30
