-2.283083185791250186e+24
-2.334119994381245709e+24
-2.386032446853990131e+24
-2.438840575220625999e+24
-2.492538182528066048e+24
-2.547145156672264748e+24
-2.602658327119084430e+24
-2.659090376005075769e+24
-2.716448509089642558e+24
-2.774741661514445500e+24
-4.391158940021080187e+24
-4.474067254799615463e+24
-4.558057874640600417e+24
-4.643166540110677861e+24
-4.729388927754205519e+24
-4.816746078388642466e+24
-4.905171410797097657e+24
-4.994724588667434495e+24
-5.085407053151533741e+24
-5.177204969191340111e+24
-7.599336829506451380e+24
-7.717969570026734416e+24
-7.837718338563476881e+24
-7.958526065502200734e+24
-8.080399668371933618e+24
-8.203376617121575254e+24
-8.327364678030757095e+24
-8.452402473969883470e+24
-8.578442735157265499e+24
-8.705550025197161164e+24
-1.188317808888383628e+25
-1.203081775799927528e+25
-1.217911689821534940e+25
-1.232800172255576380e+25
-1.247745493719794937e+25
-1.262749498888597983e+25
-1.277809536042524922e+25
-1.292921915832761011e+25
-1.308077991348021700e+25
-1.323284910701635551e+25
-1.679116378107367925e+25
-1.694536587939334042e+25
-1.709900419909724885e+25
-1.725230240695729826e+25
-1.740522015072082741e+25
-1.755762945610082494e+25
-1.770966521491332985e+25
-1.786101152666607986e+25
-1.801171450821925926e+25
-1.816195516824909131e+25
-2.134065083724903236e+25
-2.146220335147973224e+25
-2.158216713987708388e+25
-2.170043613366266346e+25
-2.181654224670560059e+25
-2.193096278850880251e+25
-2.204323197878440806e+25
-2.215389169063958244e+25
-2.226221097184040493e+25
-2.236847113523399959e+25
-2.413230499254493185e+25
-2.417520059004533420e+25
-2.421480344372857940e+25
-2.425119886978600834e+25
-2.428428079943919721e+25
-2.431440894419758333e+25
-2.434122128670872017e+25
-2.436441114985238229e+25
-2.438457805281096525e+25
-2.440109480628596294e+25
-2.379480566881535111e+25
-2.372422842598933837e+25
-2.364949144237470412e+25
-2.357116887288074258e+25
-2.348877418463250965e+25
-2.340282388646406921e+25
-2.331284989224455087e+25
-2.321928339461667760e+25
-2.312242645901465638e+25
-2.302133138396170040e+25
-1.972759836015359276e+25
-1.954545520916978465e+25
-1.936059808096413202e+25
-1.917315610274515084e+25
-1.898240178104343418e+25
-1.878953646006678239e+25
-1.859387184567694518e+25
-1.839551861833836480e+25
-1.819527459973222919e+25
-1.799232236851177209e+25
-1.284296448888195346e+25
-1.260657983987090702e+25
-1.237047073909946161e+25
-1.213404227907124011e+25
-1.189768299433329502e+25
-1.166148857737050871e+25
-1.142511084588848991e+25
-1.118932456313833442e+25
-1.095356364466128028e+25
-1.071879077991367421e+25
