3.376639783382415771e-01
3.363572061061859131e-01
3.292490839958190918e-01
5.211591124534606934e-01
5.286144018173217773e-01
1.253914713859558105e+00
1.134224772453308105e+00
2.010746955871582031e+00
5.990021228790283203e-01
1.062893271446228027e+00
3.376639783382415771e-01
3.398577570915222168e-01
5.456981658935546875e-01
1.133765205740928650e-01
1.528202176094055176e+00
2.078902721405029297e+00
3.127153873443603516e+00
2.131559610366821289e+00
2.107507288455963135e-01
1.185744166374206543e+00
3.381277620792388916e-01
3.315924406051635742e-01
7.400859594345092773e-01
2.655859850347042084e-02
1.659493327140808105e+00
2.217216968536376953e+00
4.209700584411621094e+00
2.503100395202636719e+00
4.746085703372955322e-01
1.434328079223632812e+00
3.265476822853088379e-01
2.273817807435989380e-01
9.525625109672546387e-01
7.522832751274108887e-01
1.045953035354614258e+00
1.281567096710205078e+00
2.585198640823364258e+00
9.869390130043029785e-01
1.349419116973876953e+00
1.345505595207214355e+00
3.176377415657043457e-01
1.679261773824691772e-01
9.692884683609008789e-01
1.680846452713012695e+00
1.589899778366088867e+00
2.358607769012451172e+00
1.729793429374694824e+00
8.824158310890197754e-01
1.515401482582092285e+00
8.105490803718566895e-01
3.534152209758758545e-01
2.023612260818481445e-01
1.000475764274597168e+00
1.909849643707275391e+00
2.990089893341064453e+00
3.444477796554565430e+00
1.420175671577453613e+00
1.438839077949523926e+00
1.609001159667968750e+00
4.053206145763397217e-01
4.504804015159606934e-01
2.461799383163452148e-01
1.487943291664123535e+00
1.848059296607971191e+00
3.163627386093139648e+00
1.855835914611816406e+00
2.938575744628906250e-01
8.054350018501281738e-01
1.085253834724426270e+00
2.418610602617263794e-01
3.639479875564575195e-01
7.673556804656982422e-01
1.926903128623962402e+00
2.536634206771850586e+00
2.810452461242675781e+00
9.663381576538085938e-01
2.879770696163177490e-01
7.734730243682861328e-01
7.547433972358703613e-01
2.650664150714874268e-01
5.920816063880920410e-01
5.514074563980102539e-01
2.566881895065307617e+00
5.298058986663818359e+00
7.211292266845703125e+00
5.280611038208007812e+00
2.534736394882202148e+00
7.908002734184265137e-01
1.561400294303894043e-01
3.082989156246185303e-01
1.227599859237670898e+00
7.908672094345092773e-01
2.671264708042144775e-01
1.148173570632934570e+00
3.300927877426147461e+00
3.946566343307495117e+00
3.228754043579101562e+00
1.640647411346435547e+00
6.086862683296203613e-01
3.585528433322906494e-01
