-1.355195343494415283e-01
-1.355990767478942871e-01
-1.356786191463470459e-01
-1.357581168413162231e-01
-1.358377486467361450e-01
-1.359172612428665161e-01
-1.359968185424804688e-01
-1.360763311386108398e-01
-1.361558735370635986e-01
-1.362354457378387451e-01
-1.363150477409362793e-01
-1.363946050405502319e-01
-1.364741027355194092e-01
-1.365536153316497803e-01
-1.366331875324249268e-01
-1.367127746343612671e-01
-1.367923170328140259e-01
-1.368717998266220093e-01
-1.369514167308807373e-01
-1.370309740304946899e-01
-1.371105164289474487e-01
-1.371901333332061768e-01
-1.372695863246917725e-01
-1.373491734266281128e-01
-1.374287307262420654e-01
-1.375082135200500488e-01
-1.375878006219863892e-01
-1.376673281192779541e-01
-1.380650550127029419e-01
-1.381446421146392822e-01
-1.382241249084472656e-01
-1.383037418127059937e-01
-1.383832842111587524e-01
-1.384627968072891235e-01
-1.385423392057418823e-01
-1.386219263076782227e-01
-1.387014836072921753e-01
-1.387809813022613525e-01
-1.388605833053588867e-01
-1.389401406049728394e-01
-1.390196979045867920e-01
-1.390991955995559692e-01
-1.391787081956863403e-01
-1.392582356929779053e-01
-1.393378227949142456e-01
-1.394174695014953613e-01
-1.394969969987869263e-01
-1.395764797925949097e-01
-1.396560668945312500e-01
-1.397355943918228149e-01
-1.398151963949203491e-01
-1.398946791887283325e-01
-1.399742513895034790e-01
-1.400538086891174316e-01
-1.401333659887313843e-01
-1.402129083871841431e-01
-1.406106501817703247e-01
-1.406901478767395020e-01
-1.407697498798370361e-01
-1.408492773771286011e-01
-1.409288942813873291e-01
-1.410083621740341187e-01
-1.410879939794540405e-01
-1.411675065755844116e-01
-1.412470191717147827e-01
-1.413265764713287354e-01
-1.414060890674591064e-01
-1.414856314659118652e-01
-1.415652185678482056e-01
-1.416447609663009644e-01
-1.417243629693984985e-01
-1.418038606643676758e-01
-1.418833732604980469e-01
-1.419628858566284180e-01
-1.420424580574035645e-01
-1.421220600605010986e-01
-1.422015577554702759e-01
-1.422811448574066162e-01
-1.423606723546981812e-01
-1.424403488636016846e-01
-1.425198763608932495e-01
-1.425992846488952637e-01
-1.426788568496704102e-01
-1.427584290504455566e-01
-1.431561559438705444e-01
-1.432357877492904663e-01
-1.433152407407760620e-01
-1.433948278427124023e-01
-1.434744298458099365e-01
-1.435538828372955322e-01
-1.436334550380706787e-01
-1.437129974365234375e-01
-1.437926441431045532e-01
-1.438721865415573120e-01
-1.439516991376876831e-01
-1.440312415361404419e-01
-1.441107392311096191e-01
-1.441902965307235718e-01
-1.442698389291763306e-01
-1.443493962287902832e-01
-1.444289535284042358e-01
-1.445084959268569946e-01
-1.445880532264709473e-01
-1.446676105260848999e-01
-1.447471827268600464e-01
-1.448267400264739990e-01
-1.449061632156372070e-01
-1.449857950210571289e-01
-1.450653225183486938e-01
-1.451448798179626465e-01
-1.452244073152542114e-01
-1.453039795160293579e-01
-1.457017511129379272e-01
-1.457812637090682983e-01
-1.458608657121658325e-01
-1.459403634071350098e-01
-1.460199952125549316e-01
-1.460995227098464966e-01
-1.461790055036544800e-01
-1.462585180997848511e-01
-1.463381052017211914e-01
-1.464176177978515625e-01
-1.464972496032714844e-01
-1.465768069028854370e-01
-1.466562598943710327e-01
-1.467358916997909546e-01
-1.468154191970825195e-01
-1.468949019908905029e-01
-1.469745188951492310e-01
-1.470540612936019897e-01
-1.471336632966995239e-01
-1.472130864858627319e-01
-1.472926735877990723e-01
-1.473723351955413818e-01
-1.474518179893493652e-01
-1.475313603878021240e-01
-1.476108729839324951e-01
-1.476904600858688354e-01
-1.477700173854827881e-01
-1.478495150804519653e-01
-1.482473015785217285e-01
-1.483268439769744873e-01
-1.484064608812332153e-01
-1.484859138727188110e-01
-1.485654860734939575e-01
-1.486449688673019409e-01
-1.487245559692382812e-01
-1.488041132688522339e-01
-1.488836407661437988e-01
-1.489632725715637207e-01
-1.490427106618881226e-01
-1.491223424673080444e-01
-1.492017358541488647e-01
-1.492813825607299805e-01
-1.493609398603439331e-01
-1.494404822587966919e-01
-1.495200842618942261e-01
-1.495996117591857910e-01
-1.496791988611221313e-01
-1.497587114572525024e-01
-1.498382836580276489e-01
-1.499177664518356323e-01
-1.499973684549331665e-01
-1.500768512487411499e-01
-1.501564383506774902e-01
-1.502360403537750244e-01
-1.503155529499053955e-01
-1.503951400518417358e-01
-1.507928520441055298e-01
-1.508723199367523193e-01
-1.509518474340438843e-01
-1.510314494371414185e-01
-1.511110365390777588e-01
-1.511906683444976807e-01
-1.512701362371444702e-01
-1.513497084379196167e-01
-1.514291763305664062e-01
-1.515086740255355835e-01
-1.515883058309555054e-01
-1.516678333282470703e-01
-1.517474353313446045e-01
-1.518269628286361694e-01
-1.519065499305725098e-01
-1.519860923290252686e-01
-1.520655453205108643e-01
-1.521452069282531738e-01
-1.522247046232223511e-01
-1.523042470216751099e-01
-1.523837894201278687e-01
-1.524633169174194336e-01
-1.525429040193557739e-01
-1.526224315166473389e-01
-1.527020931243896484e-01
-1.527816057205200195e-01
-1.528610438108444214e-01
-1.529405862092971802e-01
-1.533384025096893311e-01
-1.534178853034973145e-01
-1.534974873065948486e-01
-1.535770297050476074e-01
-1.536565870046615601e-01
-1.537361741065979004e-01
-1.538157165050506592e-01
-1.538951247930526733e-01
-1.539746671915054321e-01
-1.540542393922805786e-01
-1.541338711977005005e-01
-1.542134284973144531e-01
-1.542930155992507935e-01
-1.543725579977035522e-01
-1.544520407915115356e-01
-1.545316278934478760e-01
-1.546111851930618286e-01
-1.546907126903533936e-01
-1.547702401876449585e-01
-1.548497527837753296e-01
-1.549293249845504761e-01
-1.550088375806808472e-01
-1.550885289907455444e-01
-1.551679968833923340e-01
-1.552475988864898682e-01
-1.553270518779754639e-01
-1.554065644741058350e-01
-1.554861217737197876e-01
-1.558839827775955200e-01
-1.559634953737258911e-01
-1.560429483652114868e-01
-1.561225652694702148e-01
-1.562021076679229736e-01
-1.562816500663757324e-01
-1.563613563776016235e-01
-1.564407944679260254e-01
-1.565203368663787842e-01
-1.565997898578643799e-01
-1.566794067621231079e-01
-1.567589938640594482e-01
-1.568384915590286255e-01
-1.569180190563201904e-01
-1.569975912570953369e-01
-1.570771485567092896e-01
-1.571567058563232422e-01
-1.572362184524536133e-01
-1.573158502578735352e-01
-1.573953628540039062e-01
-1.574747860431671143e-01
-1.575543731451034546e-01
-1.576339602470397949e-01
-1.577135175466537476e-01
-1.577930748462677002e-01
-1.578726917505264282e-01
-1.579522043466567993e-01
-1.580317616462707520e-01
-1.584294438362121582e-01
-1.585089862346649170e-01
-1.585886180400848389e-01
-1.586681455373764038e-01
-1.587477773427963257e-01
-1.588272601366043091e-01
-1.589067876338958740e-01
-1.589862406253814697e-01
-1.590658724308013916e-01
-1.591454148292541504e-01
-1.592250317335128784e-01
-1.593045294284820557e-01
-1.593841463327407837e-01
-1.594635844230651855e-01
-1.595431119203567505e-01
-1.596227884292602539e-01
-1.597022712230682373e-01
-1.597817987203598022e-01
-1.598613560199737549e-01
-1.599409878253936768e-01
-1.600204110145568848e-01
-1.600999534130096436e-01
-1.601795852184295654e-01
-1.602590829133987427e-01
-1.603387147188186646e-01
-1.604182273149490356e-01
-1.604977250099182129e-01
-1.605772823095321655e-01
-1.609750390052795410e-01
-1.610545963048934937e-01
-1.611341387033462524e-01
-1.612136512994766235e-01
-1.612933129072189331e-01
-1.613727957010269165e-01
-1.614522337913513184e-01
-1.615317761898040771e-01
-1.616113632917404175e-01
-1.616908758878707886e-01
-1.617705225944519043e-01
-1.618501394987106323e-01
-1.619296669960021973e-01
-1.620091944932937622e-01
-1.620887070894241333e-01
-1.621682047843933105e-01
-1.622477173805236816e-01
-1.623274236917495728e-01
-1.624068766832351685e-01
-1.624864786863327026e-01
-1.625660210847854614e-01
-1.626455783843994141e-01
-1.627250313758850098e-01
-1.628045290708541870e-01
-1.628841608762741089e-01
-1.629637926816940308e-01
-1.630433499813079834e-01
-1.631228178739547729e-01
-1.635206043720245361e-01
-1.636000424623489380e-01
-1.636796295642852783e-01
-1.637593060731887817e-01
-1.638389080762863159e-01
-1.639182865619659424e-01
-1.639977991580963135e-01
-1.640775352716445923e-01
-1.641569882631301880e-01
-1.642365008592605591e-01
-1.643160432577133179e-01
-1.643956005573272705e-01
-1.644752323627471924e-01
-1.645547598600387573e-01
-1.646341830492019653e-01
-1.647138595581054688e-01
-1.647934019565582275e-01
-1.648730188608169556e-01
-1.649523675441741943e-01
-1.650320291519165039e-01
-1.651115566492080688e-01
-1.651911735534667969e-01
-1.652706414461135864e-01
-1.653502285480499268e-01
-1.654297560453414917e-01
-1.655092388391494751e-01
-1.655888557434082031e-01
-1.656683385372161865e-01
-1.660661846399307251e-01
-1.661456972360610962e-01
-1.662251949310302734e-01
-1.663047075271606445e-01
-1.663844436407089233e-01
-1.664639264345169067e-01
-1.665434390306472778e-01
-1.666230112314224243e-01
-1.667025685310363770e-01
-1.667820811271667480e-01
-1.668617129325866699e-01
-1.669411808252334595e-01
-1.670206934213638306e-01
-1.671002358198165894e-01
-1.671797931194305420e-01
-1.672592610120773315e-01
-1.673388183116912842e-01
-1.674185395240783691e-01
-1.674979627132415771e-01
-1.675775200128555298e-01
-1.676570624113082886e-01
-1.677365750074386597e-01
-1.678161174058914185e-01
-1.678957641124725342e-01
-1.679753214120864868e-01
-1.680548638105392456e-01
-1.681344360113143921e-01
-1.682138741016387939e-01
-1.686116904020309448e-01
-1.686913222074508667e-01
-1.687708795070648193e-01
-1.688504368066787720e-01
-1.689297854900360107e-01
-1.690094172954559326e-01
-1.690890043973922729e-01
-1.691684722900390625e-01
-1.692481040954589844e-01
-1.693275719881057739e-01
-1.694071292877197266e-01
-1.694867461919784546e-01
-1.695663779973983765e-01
-1.696458160877227783e-01
-1.697254627943038940e-01
-1.698048412799835205e-01
-1.698843538761138916e-01
-1.699639856815338135e-01
-1.700434237718582153e-01
-1.701231598854064941e-01
-1.702027916908264160e-01
-1.702821552753448486e-01
-1.703617125749588013e-01
-1.704412698745727539e-01
-1.705207228660583496e-01
-1.706003397703170776e-01
-1.706800162792205811e-01
-1.707595735788345337e-01
-1.711573451757431030e-01
-1.712368428707122803e-01
-1.713163107633590698e-01
-1.713958680629730225e-01
-1.714752763509750366e-01
-1.715549081563949585e-01
-1.716345846652984619e-01
-1.717141270637512207e-01
-1.717937588691711426e-01
-1.718733161687850952e-01
-1.719526052474975586e-01
-1.720322817564010620e-01
-1.721117049455642700e-01
-1.721913218498229980e-01
-1.722710728645324707e-01
-1.723504513502120972e-01
-1.724299937486648560e-01
-1.725095510482788086e-01
-1.725891828536987305e-01
-1.726686358451843262e-01
-1.727480739355087280e-01
-1.728277653455734253e-01
-1.729073226451873779e-01
-1.729868650436401367e-01
-1.730664223432540894e-01
-1.731457859277725220e-01
-1.732254177331924438e-01
-1.733049303293228149e-01
-1.737028807401657104e-01
-1.737823635339736938e-01
-1.738617718219757080e-01
-1.739413291215896606e-01
-1.740210503339767456e-01
-1.741005927324295044e-01
-1.741800457239151001e-01
-1.742595285177230835e-01
-1.743393242359161377e-01
-1.744187176227569580e-01
-1.744982898235321045e-01
-1.745779067277908325e-01
-1.746573150157928467e-01
-1.747369617223739624e-01
-1.748163998126983643e-01
-1.748960614204406738e-01
-1.749755889177322388e-01
-1.750552058219909668e-01
-1.751345992088317871e-01
-1.752141714096069336e-01
-1.752937883138656616e-01
-1.753732711076736450e-01
-1.754530221223831177e-01
-1.755324155092239380e-01
-1.756119877099990845e-01
-1.756914258003234863e-01
-1.757710874080657959e-01
-1.758506596088409424e-01
-1.762484163045883179e-01
-1.763278245925903320e-01
-1.764075160026550293e-01
-1.764869689941406250e-01
-1.765665709972381592e-01
-1.766462028026580811e-01
-1.767256706953048706e-01
-1.768050193786621094e-01
-1.768846958875656128e-01
-1.769643425941467285e-01
-1.770438402891159058e-01
-1.771233975887298584e-01
-1.772027611732482910e-01
-1.772824972867965698e-01
-1.773620843887329102e-01
-1.774416416883468628e-01
-1.775210946798324585e-01
-1.776006072759628296e-01
-1.776802837848663330e-01
-1.777596622705459595e-01
-1.778392791748046875e-01
-1.779188066720962524e-01
-1.779983937740325928e-01
-1.780779957771301270e-01
-1.781576126813888550e-01
-1.782369464635848999e-01
-1.783165931701660156e-01
-1.783960610628128052e-01
-1.787938177585601807e-01
-1.788734048604965210e-01
-1.789529621601104736e-01
-1.790325939655303955e-01
-1.791119724512100220e-01
-1.791916936635971069e-01
-1.792711168527603149e-01
-1.793506890535354614e-01
-1.794303208589553833e-01
-1.795096844434738159e-01
-1.795894056558609009e-01
-1.796689331531524658e-01
-1.797483861446380615e-01
-1.798280030488967896e-01
-1.799075007438659668e-01
-1.799870133399963379e-01
-1.800665706396102905e-01
-1.801462471485137939e-01
-1.802258789539337158e-01
-1.803052127361297607e-01
-1.803848296403884888e-01
-1.804643720388412476e-01
-1.805441379547119141e-01
-1.806235611438751221e-01
-1.807029843330383301e-01
-1.807825714349746704e-01
-1.808621436357498169e-01
-1.809417009353637695e-01
-1.813394427299499512e-01
-1.814188808202743530e-01
-1.814986914396286011e-01
-1.815780401229858398e-01
-1.816578358411788940e-01
-1.817371696233749390e-01
-1.818165779113769531e-01
-1.818963140249252319e-01
-1.819758415222167969e-01
-1.820556074380874634e-01
-1.821348518133163452e-01
-1.822144389152526855e-01
-1.822940856218338013e-01
-1.823734194040298462e-01
-1.824531257152557373e-01
-1.825325787067413330e-01
-1.826122552156448364e-01
-1.826918125152587891e-01
-1.827713996171951294e-01
-1.828508228063583374e-01
-1.829303205013275146e-01
-1.830100417137145996e-01
-1.830893158912658691e-01
-1.831691265106201172e-01
-1.832486391067504883e-01
-1.833281368017196655e-01
-1.834077835083007812e-01
-1.834870874881744385e-01
-1.838848888874053955e-01
-1.839645653963088989e-01
-1.840439736843109131e-01
-1.841237396001815796e-01
-1.842031329870223999e-01
-1.842827200889587402e-01
-1.843623220920562744e-01
-1.844417154788970947e-01
-1.845213323831558228e-01
-1.846008896827697754e-01
-1.846804767847061157e-01
-1.847599595785140991e-01
-1.848396211862564087e-01
-1.849191486835479736e-01
-1.849987655878067017e-01
-1.850782036781311035e-01
-1.851576119661331177e-01
-1.852373927831649780e-01
-1.853168308734893799e-01
-1.853962689638137817e-01
-1.854758858680725098e-01
-1.855554133653640747e-01
-1.856351196765899658e-01
-1.857146173715591431e-01
-1.857940852642059326e-01
-1.858737021684646606e-01
-1.859531849622726440e-01
-1.860328465700149536e-01
-1.864306479692459106e-01
-1.865099668502807617e-01
-1.865896731615066528e-01
-1.866692304611206055e-01
-1.867487728595733643e-01
-1.868283152580261230e-01
-1.869078278541564941e-01
-1.869874000549316406e-01
-1.870668679475784302e-01
-1.871466338634490967e-01
-1.872260272502899170e-01
-1.873054653406143188e-01
-1.873852312564849854e-01
-1.874645650386810303e-01
-1.875443160533905029e-01
-1.876236945390701294e-01
-1.877032220363616943e-01
-1.877829432487487793e-01
-1.878622919321060181e-01
-1.879420280456542969e-01
-1.880215108394622803e-01
-1.881010979413986206e-01
-1.881805658340454102e-01
-1.882601827383041382e-01
-1.883397996425628662e-01
-1.884191632270812988e-01
-1.884988546371459961e-01
-1.885783374309539795e-01
-1.889762431383132935e-01
-1.890555769205093384e-01
-1.891351193189620972e-01
-1.892148107290267944e-01
-1.892943084239959717e-01
-1.893738210201263428e-01
-1.894533187150955200e-01
-1.895328909158706665e-01
-1.896124929189682007e-01
-1.896919012069702148e-01
-1.897714883089065552e-01
-1.898510903120040894e-01
-1.899306476116180420e-01
-1.900102347135543823e-01
-1.900898367166519165e-01
-1.901692748069763184e-01
-1.902488619089126587e-01
-1.903284043073654175e-01
-1.904079169034957886e-01
-1.904875189065933228e-01
-1.905670166015625000e-01
-1.906466782093048096e-01
-1.907260864973068237e-01
-1.908055990934371948e-01
-1.908853650093078613e-01
-1.909646987915039062e-01
-1.910441517829895020e-01
-1.911237537860870361e-01
-1.915217041969299316e-01
-1.916010230779647827e-01
-1.916806548833847046e-01
-1.917603760957717896e-01
-1.918397843837738037e-01
-1.919193714857101440e-01
-1.919988840818405151e-01
-1.920786201953887939e-01
-1.921581178903579712e-01
-1.922375261783599854e-01
-1.923171430826187134e-01
-1.923966556787490845e-01
-1.924761980772018433e-01
-1.925558000802993774e-01
-1.926352977752685547e-01
-1.927146315574645996e-01
-1.927944123744964600e-01
-1.928739696741104126e-01
-1.929536461830139160e-01
-1.930330842733383179e-01
-1.931124925613403320e-01
-1.931922584772109985e-01
-1.932717114686965942e-01
-1.933512389659881592e-01
-1.934307813644409180e-01
-1.935103237628936768e-01
-1.935901343822479248e-01
-1.936693638563156128e-01
-1.940671056509017944e-01
-1.941467821598052979e-01
-1.942261159420013428e-01
-1.943059265613555908e-01
-1.943853050470352173e-01
-1.944650709629058838e-01
-1.945444941520690918e-01
-1.946240812540054321e-01
-1.947037577629089355e-01
-1.947831362485885620e-01
-1.948628276586532593e-01
-1.949421465396881104e-01
-1.950218379497528076e-01
-1.951013803482055664e-01
-1.951808035373687744e-01
-1.952603906393051147e-01
-1.953398883342742920e-01
-1.954194456338882446e-01
-1.954990476369857788e-01
-1.955784559249877930e-01
-1.956580877304077148e-01
-1.957376003265380859e-01
-1.958172023296356201e-01
-1.958967447280883789e-01
-1.959764212369918823e-01
-1.960560083389282227e-01
-1.961355358362197876e-01
-1.962150335311889648e-01
-1.966126859188079834e-01
-1.966920644044876099e-01
-1.967717111110687256e-01
-1.968512982130050659e-01
-1.969308853149414062e-01
-1.970103830099105835e-01
-1.970899552106857300e-01
-1.971695423126220703e-01
-1.972490400075912476e-01
-1.973285824060440063e-01
-1.974083632230758667e-01
-1.974877864122390747e-01
-1.975674629211425781e-01
-1.976469159126281738e-01
-1.977263391017913818e-01
-1.978060156106948853e-01
-1.978855878114700317e-01
-1.979650706052780151e-01
-1.980446726083755493e-01
-1.981240510940551758e-01
-1.982036381959915161e-01
-1.982832401990890503e-01
-1.983627229928970337e-01
-1.984422951936721802e-01
-1.985218375921249390e-01
-1.986014693975448608e-01
-1.986808925867080688e-01
-1.987605392932891846e-01
-1.991581171751022339e-01
-1.992378979921340942e-01
-1.993174105882644653e-01
-1.993967741727828979e-01
-1.994765400886535645e-01
-1.995559036731719971e-01
-1.996355056762695312e-01
-1.997151523828506470e-01
-1.997946053743362427e-01
-1.998742371797561646e-01
-1.999536752700805664e-01
-2.000333368778228760e-01
-2.001128941774368286e-01
-2.001924812793731689e-01
-2.002719938755035400e-01
-2.003515064716339111e-01
-2.004310339689254761e-01
-2.005107253789901733e-01
-2.005901485681533813e-01
-2.006696909666061401e-01
-2.007492929697036743e-01
-2.008287012577056885e-01
-2.009083032608032227e-01
-2.009879499673843384e-01
-2.010674327611923218e-01
-2.011470347642898560e-01
-2.012266367673873901e-01
-2.013060003519058228e-01
-2.017037421464920044e-01
-2.017834782600402832e-01
-2.018629014492034912e-01
-2.019426077604293823e-01
-2.020220011472702026e-01
-2.021015286445617676e-01
-2.021812200546264648e-01
-2.022606432437896729e-01
-2.023401856422424316e-01
-2.024196982383728027e-01
-2.024993002414703369e-01
-2.025787979364395142e-01
-2.026584446430206299e-01
-2.027380168437957764e-01
-2.028175294399261475e-01
-2.028970867395401001e-01
-2.029765844345092773e-01
-2.030562311410903931e-01
-2.031356990337371826e-01
-2.032152265310287476e-01
-2.032949328422546387e-01
-2.033743262290954590e-01
-2.034537941217422485e-01
-2.035333961248397827e-01
-2.036128938198089600e-01
-2.036925852298736572e-01
-2.037721425294876099e-01
-2.038516998291015625e-01
-2.042493671178817749e-01
-2.043289542198181152e-01
-2.044084519147872925e-01
-2.044880539178848267e-01
-2.045675069093704224e-01
-2.046469748020172119e-01
-2.047266215085983276e-01
-2.048061341047286987e-01
-2.048856616020202637e-01
-2.049652636051177979e-01
-2.050448060035705566e-01
-2.051244974136352539e-01
-2.052039802074432373e-01
-2.052833288908004761e-01
-2.053630948066711426e-01
-2.054427415132522583e-01
-2.055222392082214355e-01
-2.056018412113189697e-01
-2.056812047958374023e-01
-2.057608962059020996e-01
-2.058403789997100830e-01
-2.059198915958404541e-01
-2.059995383024215698e-01
-2.060788720846176147e-01
-2.061585485935211182e-01
-2.062379270792007446e-01
-2.063176035881042480e-01
-2.063971161842346191e-01
