-3.237662946157702665e+26
-3.369350931685981886e+26
-3.506060489886006322e+26
-3.647972029914816851e+26
-3.795266698799217301e+26
-3.948141507765914891e+26
-4.106778341711476396e+26
-4.271393396476445692e+26
-4.442195120268855699e+26
-4.619394912775791126e+26
-1.108138122658173413e+27
-1.149919997985125547e+27
-1.193176801181235203e+27
-1.237960404490837650e+27
-1.284318843235500830e+27
-1.332305465399085909e+27
-1.381971921864999275e+27
-1.433372519847793928e+27
-1.486565403484790201e+27
-1.541605027564493685e+27
-3.482043124249941665e+27
-3.604363041480851932e+27
-3.730712317913270725e+27
-3.861209898152985321e+27
-3.995988008461516072e+27
-4.135167954627891691e+27
-4.278899671787943288e+27
-4.427303580286984041e+27
-4.580531386148276137e+27
-4.738733024507650687e+27
-1.015466048620853280e+28
-1.048851526826472667e+28
-1.083263529446305844e+28
-1.118734286631598395e+28
-1.155291896462923394e+28
-1.192971658629740294e+28
-1.231803087922567027e+28
-1.271815581072759460e+28
-1.313047271189666762e+28
-1.355532159311965597e+28
-2.773152576430756429e+28
-2.858812290418501354e+28
-2.946949121744835551e+28
-3.037634850380298640e+28
-3.130936297810623225e+28
-3.226919813284893624e+28
-3.325662371376780615e+28
-3.427235279820175527e+28
-3.531717638253666427e+28
-3.639175087571365204e+28
-7.144903181886558538e+28
-7.353003233450526907e+28
-7.566767291374049128e+28
-7.786354499407597909e+28
-8.011926362484887391e+28
-8.243610384500955054e+28
-8.481572320519349625e+28
-8.725980286786861261e+28
-8.976971231931493182e+28
-9.234737828505746470e+28
-1.747663399397341984e+29
-1.795807359006220073e+29
-1.845194623262708082e+29
-1.895855226417637062e+29
-1.947818447143200804e+29
-2.001114697479548991e+29
-2.055776845097402393e+29
-2.111840213298052877e+29
-2.169334269648353548e+29
-2.228295848606870791e+29
-4.080098195947069395e+29
-4.186717897450707096e+29
-4.295947745356756508e+29
-4.407840630169825771e+29
-4.522470976385684909e+29
-4.639890163351667545e+29
-4.760165815355808372e+29
-4.883362156582274417e+29
-5.009547566897737633e+29
-5.138789670590232713e+29
-9.133037888403962365e+29
-9.359994821570677514e+29
-9.592240049619569406e+29
-9.829887664924864173e+29
-1.007305175986078794e+30
-1.032185096027339041e+30
-1.057640918105918206e+30
-1.083683144764874192e+30
-1.110328549849954152e+30
-1.137586729209851278e+30
-1.967867084041030500e+30
-2.014484019224007860e+30
-2.062133074825481210e+30
-2.110840998329209523e+30
-2.160626376969669374e+30
-2.211509309138611857e+30
-2.263514880046793975e+30
-2.316670894988066864e+30
-2.370992767766630612e+30
-2.426511174875157938e+30
