-1.211103273285089850e+26
-1.263707207724044799e+26
-1.318448658632540841e+26
-1.375414233474004045e+26
-1.434678180393331090e+26
-1.496336053524823792e+26
-1.560473722462145269e+26
-1.627180469446612276e+26
-1.696561071984563481e+26
-1.768708501666130383e+26
-4.480934758563171654e+26
-4.660237110959628495e+26
-4.846257398612848882e+26
-5.039232477716739243e+26
-5.239399204465206010e+26
-5.447019522624095859e+26
-5.662335453475655858e+26
-5.885610785460140055e+26
-6.117129967371165050e+26
-6.357183350960451032e+26
-1.503841886114463619e+27
-1.559621150844546561e+27
-1.617335995536795699e+27
-1.677052238174066029e+27
-1.738829646207156369e+27
-1.802741859038408968e+27
-1.868850710153958900e+27
-1.937226297181286262e+27
-2.007948900350599838e+27
-2.081085960958233109e+27
-4.639873233667826458e+27
-4.800232993509872435e+27
-4.965782043820781794e+27
-5.136665597369902775e+27
-5.313069007041688014e+27
-5.495132172943192522e+27
-5.683048712100213955e+27
-5.876970330536014501e+27
-6.077100680305167913e+27
-6.283600912163902117e+27
-1.330411058569692233e+28
-1.373450352517079964e+28
-1.417795262737819080e+28
-1.463479318033937956e+28
-1.510543366875513415e+28
-1.559022472833680762e+28
-1.608958428851813395e+28
-1.660395507115688216e+28
-1.713367826723143959e+28
-1.767920722392416172e+28
-3.576820252176581978e+28
-3.685574227212152616e+28
-3.797418754992437293e+28
-3.912448755083741689e+28
-4.030742854888005585e+28
-4.152376376150630749e+28
-4.277451558105971312e+28
-4.406062375847036377e+28
-4.538287692894089869e+28
-4.674220067630196033e+28
-9.083175365184638355e+28
-9.343673378532583446e+28
-9.611162383221768760e+28
-9.885814273392170751e+28
-1.016782361054288365e+29
-1.045735851092069762e+29
-1.075461353602470688e+29
-1.105978796972048853e+29
-1.137307637350713682e+29
-1.169467141993715280e+29
-2.192266459078487175e+29
-2.251754109663196096e+29
-2.312754428679697821e+29
-2.375300283798713124e+29
-2.439437765317114812e+29
-2.505187651647427512e+29
-2.572598866506413753e+29
-2.641709188825936493e+29
-2.712562253272297446e+29
-2.785192816462810534e+29
-5.055135781766086670e+29
-5.185303091499905571e+29
-5.318606052578349916e+29
-5.455118711707871101e+29
-5.594918137909469560e+29
-5.738069688735268207e+29
-5.884645144155806663e+29
-6.034737440343467800e+29
-6.188422135161977534e+29
-6.345761186059591114e+29
-1.118651550770818519e+30
-1.146057294638572355e+30
-1.174090017659523828e+30
-1.202764982522145573e+30
-1.232095789641908254e+30
-1.262095132739917825e+30
-1.292780087893376343e+30
-1.324165011096391731e+30
-1.356261387144250328e+30
-1.389087501039973806e+30
