-4.582220703125000000e+03
-1.972345117187500000e+04
-2.002319824218750000e+03
-5.617540039062500000e+03
-4.548327148437500000e+03
-3.308177185058593750e+02
-1.410366668701171875e+02
-2.373275390625000000e+03
-9.631236718750000000e+04
-1.427351367187500000e+04
1.075418293476104736e-02
-1.163882446289062500e+03
-1.672319531250000000e+04
-5.064988281250000000e+03
-1.098175000000000000e+06
-3.884993359375000000e+04
-4.190173339843750000e+02
-1.193057031250000000e+05
-4.269382812500000000e+04
-1.353364375000000000e+05
-5.637127500000000000e+05
-3.121337187500000000e+05
-1.240259000000000000e+06
-1.425467872619628906e+01
-2.475155250000000000e+06
-3.313802490234375000e+03
-1.116571250000000000e+05
-5.152559375000000000e+04
-1.119986206054687500e+03
-2.739276562500000000e+05
-6.556506875000000000e+05
-3.174654541015625000e+03
2.071001291275024414e+00
3.473786711692810059e-01
-1.018045156250000000e+05
-1.304604339599609375e+02
-2.475542236328125000e+03
-2.147873828125000000e+04
-1.027560546875000000e+03
-3.449299621582031250e+01
-1.189929125000000000e+06
2.795116901397705078e+00
-1.179272949218750000e+04
-5.259856445312500000e+03
-6.059067871093750000e+03
-1.304691162109375000e+02
-4.725290937500000000e+05
-9.741070312500000000e+04
-3.775198828125000000e+04
-2.877926330566406250e+02
-2.913745422363281250e+02
-5.476425000000000000e+05
-1.430856933593750000e+04
-1.179700976562500000e+04
-4.572879882812500000e+03
-9.146385937500000000e+04
-5.902869628906250000e+03
-9.152106250000000000e+04
-1.589800781250000000e+03
3.977002859115600586e+00
-5.393441200256347656e+00
-4.831391113281250000e+03
-5.012793437500000000e+05
-5.637762890625000000e+04
6.782797574996948242e-01
-4.186409667968750000e+03
-1.388276855468750000e+04
3.063703775405883789e+00
-1.812439257812500000e+04
-2.250186157226562500e+01
-1.257588476562500000e+04
-8.850798437500000000e+04
-3.437701904296875000e+03
-8.830903906250000000e+04
-1.813511875000000000e+05
-5.160080468750000000e+04
-1.712551757812500000e+03
-1.546418857574462891e+01
4.011936187744140625e+00
-4.498885345458984375e+01
-3.004750585937500000e+04
-1.722129062500000000e+05
-8.551204833984375000e+02
-1.525692343750000000e+05
4.007308959960937500e+00
-2.123119964599609375e+02
-4.998006835937500000e+03
-5.248626953125000000e+04
-9.170203906250000000e+04
-1.903035156250000000e+05
-6.151090087890625000e+02
-1.563344000000000000e+06
-8.908815000000000000e+05
-5.500621093750000000e+03
-4.163550312500000000e+05
-4.168915312500000000e+05
-2.278514160156250000e+03
-1.663977148437500000e+04
-1.186370605468750000e+04
3.315588474273681641e+00
-3.992507934570312500e+02
-1.176720703125000000e+04
-1.611221718750000000e+05
-6.143562500000000000e+05
-1.132081015625000000e+05
-2.931627734375000000e+04
-6.547322998046875000e+02
-3.274530273437500000e+03
-1.341507968750000000e+05
-3.000659687500000000e+05
-2.198496406250000000e+05
-2.969227539062500000e+03
-2.504549789428710938e+01
-1.006422912597656250e+03
-1.023283875000000000e+06
3.630626201629638672e+00
-6.316151428222656250e+01
-7.341937720775604248e-02
-8.824445000000000000e+05
-2.259483007812500000e+04
-1.081017822265625000e+03
-3.948809062500000000e+05
-4.441380371093750000e+03
-3.895833437500000000e+05
-4.690083125000000000e+05
-1.293047265625000000e+05
-1.442522250000000000e+06
6.322038173675537109e-02
2.754530310630798340e-02
-1.001483007812500000e+04
-8.481782226562500000e+03
-9.806752929687500000e+03
-3.275884628295898438e+01
-1.872080468750000000e+05
-1.721561000000000000e+06
-9.455935937500000000e+04
-3.021973632812500000e+03
-3.378245312500000000e+05
-1.696260742187500000e+04
-1.700935468750000000e+05
-7.738733125000000000e+05
-3.145408935546875000e+03
-4.647705468750000000e+04
-6.491510868072509766e-01
-6.040191875000000000e+05
-1.483886875000000000e+05
-3.735127449035644531e-01
-2.069070434570312500e+01
-6.759869140625000000e+03
-8.329884375000000000e+04
-1.207062744140625000e+03
-1.178683691406250000e+04
-5.295038750000000000e+05
-6.318919140625000000e+04
-3.627725219726562500e+02
-6.810314843750000000e+04
-2.592734909057617188e+01
-1.129911230468750000e+04
-2.430710742187500000e+04
-3.386505508422851562e+01
6.034450531005859375e-01
-3.935293359375000000e+04
-5.595576562500000000e+04
-1.195704875000000000e+06
-9.647598632812500000e+03
-2.354719482421875000e+03
-2.774991015625000000e+04
-2.182359863281250000e+03
-5.554237792968750000e+03
-1.140316562500000000e+05
-4.237729072570800781e+00
-3.514871484375000000e+04
-6.678531875000000000e+05
-6.772273125000000000e+05
-8.809248657226562500e+02
-9.339042968750000000e+03
-1.133046875000000000e+04
-2.458089687500000000e+05
-4.206778437500000000e+05
-1.373338928222656250e+02
-2.179948906250000000e+05
-2.337856406250000000e+05
-4.731070000000000000e+05
-6.016785625000000000e+05
-4.274736562500000000e+05
-1.608020935058593750e+02
-1.959805755615234375e+02
-4.055777832031250000e+03
-6.693961791992187500e+02
-1.977180053710937500e+03
-1.810836791992187500e+00
-5.834818500000000000e+06
-1.321287750000000000e+06
-7.118365234375000000e+03
-2.497680859375000000e+04
-9.428937500000000000e+04
-1.290970993041992188e+01
-6.568351875000000000e+05
3.650378808379173279e-02
-2.859516875000000000e+05
-3.996689500000000000e+06
-8.398044375000000000e+05
-2.431351318359375000e+03
-7.685510937500000000e+04
-9.101173400878906250e+01
-6.353431152343750000e+03
-9.943037109375000000e+03
-1.130802734375000000e+03
-8.734885742187500000e+03
-2.684483007812500000e+04
-4.061909765625000000e+04
-6.090222778320312500e+02
-1.111552581787109375e+02
-4.609802856445312500e+02
-9.259046630859375000e+02
-3.436096093750000000e+04
-3.828882324218750000e+03
-6.166716796875000000e+03
-2.515175976562500000e+04
-4.635553359985351562e-01
-3.251129882812500000e+03
-8.754436492919921875e+00
-4.335447753906250000e+03
-5.322793125000000000e+05
-1.684999218750000000e+04
-1.221254492187500000e+04
-6.994541875000000000e+05
-1.778070156250000000e+05
-1.114882080078125000e+03
-1.824404625000000000e+06
-5.794380000000000000e+05
-9.786471557617187500e+01
-6.931350781250000000e+04
-2.007117187500000000e+05
-1.133696875000000000e+06
-7.450787500000000000e+04
-2.477592382812500000e+04
-9.062375976562500000e+03
-7.651486328125000000e+03
-2.067504638671875000e+03
-2.980946289062500000e+03
-1.244263763427734375e+02
-1.285792187500000000e+04
-1.810573593750000000e+05
-7.406326000000000000e+06
-5.961608593750000000e+04
-4.527170312500000000e+04
-3.104418125000000000e+05
-2.470473281250000000e+05
-1.392855156250000000e+05
-3.235859375000000000e+03
-8.959588012695312500e+02
-3.514871484375000000e+04
4.708951711654663086e-02
-6.156546875000000000e+04
-5.283344726562500000e+03
-2.900057812500000000e+05
-2.730667495727539062e+01
-3.607316894531250000e+03
-6.299070625000000000e+05
-6.792314453125000000e+02
-2.089391875000000000e+05
-1.146318437500000000e+05
-2.859324023437500000e+04
-1.828283203125000000e+04
-1.676315468750000000e+05
-2.134154510498046875e+01
-2.114654843750000000e+05
-1.560490600585937500e+03
-3.396996875000000000e+05
-9.568593125000000000e+05
-1.641562187500000000e+05
-2.896874211728572845e-02
-1.376874145507812500e+03
-1.807154663085937500e+03
-4.283133544921875000e+02
4.942700266838073730e-02
-6.255339965820312500e+02
8.794316649436950684e-01
-3.468900937500000000e+05
-1.522241783142089844e+01
-9.374042500000000000e+05
-3.724030000000000000e+05
-5.956636230468750000e+03
-8.232021331787109375e-02
-7.442728271484375000e+02
-9.886105000000000000e+05
-7.830866406250000000e+04
-7.056353027343750000e+03
-5.448508750000000000e+05
-1.217442343750000000e+05
-3.285742578125000000e+04
-6.319410000000000000e+05
-3.123216992187500000e+04
-1.152277526855468750e+02
-7.420853125000000000e+04
-7.459633593750000000e+04
-8.815194335937500000e+03
-2.968749375000000000e+05
-4.016945625000000000e+05
-2.964100000000000000e+04
-2.918613281250000000e+03
-9.983623504638671875e+00
-6.453237915039062500e+02
-3.637798583984375000e+03
-6.063259765625000000e+03
-1.255027343750000000e+05
-7.128642500000000000e+05
-5.842576904296875000e+02
-1.378224062500000000e+05
-1.120308227539062500e+03
-1.574837968750000000e+05
-5.239557031250000000e+04
-5.394645507812500000e+03
-2.200407031250000000e+05
-4.567700625000000000e+05
-7.930990722656250000e+03
-1.765998413085937500e+03
-1.052960156250000000e+05
-2.243482656250000000e+05
-2.864161682128906250e+02
-3.617012207031250000e+03
-2.770783750000000000e+05
-6.733371093750000000e+03
-1.846604125000000000e+06
-7.592309375000000000e+05
-1.056147968750000000e+05
-6.657368469238281250e+01
-8.981459375000000000e+04
-4.625485992431640625e+01
-2.436179637908935547e+00
-3.303872802734375000e+03
-1.475184863281250000e+04
-1.946329375000000000e+05
-1.324582910156250000e+04
-1.176946250000000000e+06
-4.370504687500000000e+04
-3.606412500000000000e+04
-1.922552812500000000e+05
-5.931932449340820312e+00
-5.628633789062500000e+03
-2.176325378417968750e+02
-5.348473750000000000e+05
-2.735840820312500000e+03
-2.959364501953125000e+03
-8.835718780755996704e-02
-1.192455078125000000e+03
-2.956373535156250000e+03
-1.321678320312500000e+04
-2.023134218750000000e+05
-2.965677500000000000e+05
-1.992458740234375000e+03
-2.933009277343750000e+03
-2.574302256107330322e-02
-3.305230000000000000e+05
-1.402134082031250000e+04
-9.984976250000000000e+05
-3.918633593750000000e+04
1.736104488372802734e-02
-1.491436875000000000e+06
-1.642666796875000000e+04
-3.463003515625000000e+04
-1.293936914062500000e+04
-4.871245605468750000e+03
-2.793656494140625000e+03
-5.237235107421875000e+02
-2.498392333984375000e+02
-1.459090087890625000e+03
-3.665185302734375000e+03
-2.549376093750000000e+05
-1.240846640625000000e+05
-5.810281250000000000e+04
-2.226204218750000000e+05
-6.179922265625000000e+04
-2.107698750000000000e+06
-3.694304375000000000e+05
-7.797167205810546875e+01
-6.522492065429687500e+02
-1.393704062500000000e+05
-4.715255500000000000e+06
-2.226728281250000000e+05
-4.497580261230468750e+02
-7.039546508789062500e+02
-2.780425292968750000e+03
-2.216631562500000000e+05
-7.749220625000000000e+05
-9.318296813964843750e+01
-2.240299023437500000e+04
-1.319128417968750000e+04
-4.791820526123046875e+00
-4.698834375000000000e+04
-1.553043823242187500e+02
-8.264193359375000000e+03
-2.695414062500000000e+05
-8.636325195312500000e+03
-5.131489687500000000e+05
-1.356097900390625000e+03
-1.581860468750000000e+05
-9.246976928710937500e+02
-6.781817187500000000e+04
-5.121026250000000000e+05
-1.123520117187500000e+04
-2.029687652587890625e+02
-1.724580078125000000e+04
-8.773775625000000000e+05
-2.927630468750000000e+04
-7.217007875442504883e-02
-5.858583374023437500e+02
-1.133761405944824219e+01
-2.944644500000000000e+06
-6.168864000000000000e+06
-1.751778500000000000e+06
-5.506273828125000000e+04
-5.639602343750000000e+04
-9.028995000000000000e+05
-1.786431152343750000e+03
-4.047013750000000000e+05
-4.589059829711914062e+01
-1.769615937500000000e+05
-9.047521875000000000e+04
-3.554392578125000000e+03
-2.468772500000000000e+05
-4.923240937500000000e+05
-1.117812988281250000e+03
-1.885553750000000000e+05
-5.060327636718750000e+03
-1.054380175781250000e+04
-7.336551666259765625e+00
-7.042337402343750000e+03
-9.378579101562500000e+03
-6.448905468750000000e+04
-1.359834375000000000e+05
-3.412505859375000000e+04
-3.083030078125000000e+04
-5.229172515869140625e+01
-1.055391006469726562e+02
7.291390895843505859e-01
-4.053362812500000000e+05
-6.389862500000000000e+04
-2.173693281250000000e+05
-1.104237625000000000e+06
-1.410538593750000000e+05
-8.769716875000000000e+05
-3.329824447631835938e+00
-3.479564285278320312e+01
-1.107166113281250000e+04
9.989123344421386719e-01
-3.017221875000000000e+05
-3.134345000000000000e+05
-2.348694824218750000e+03
-9.982941406250000000e+04
-2.138913281250000000e+05
-2.259368750000000000e+04
-3.508012890625000000e+04
-3.646258984375000000e+04
3.936834335327148438e+00
-1.913384643554687500e+03
-1.145363569259643555e+00
-1.888513565063476562e+01
-8.839362859725952148e-02
-1.282424414062500000e+04
-1.617916717529296875e+02
-5.835178515625000000e+04
-1.142183837890625000e+03
-1.303664765625000000e+05
-1.793277148437500000e+04
-2.475498906250000000e+05
-5.574549316406250000e+03
-6.679317871093750000e+03
-3.591019287109375000e+02
-5.146863750000000000e+05
-7.035242080688476562e+00
-1.930472070312500000e+04
-9.826356250000000000e+04
-2.044737890625000000e+04
1.981463432312011719e+00
-9.884436875000000000e+05
-1.261489868164062500e+03
-3.722510986328125000e+03
-7.401245000000000000e+06
-4.363599395751953125e+01
-2.991294335937500000e+04
-1.349610137939453125e+01
2.661074876785278320e+00
-2.607561132812500000e+04
-2.108066093750000000e+05
-1.335926250000000000e+06
-1.750181093750000000e+05
-4.834355468750000000e+03
-3.590612304687500000e+03
-1.490808715820312500e+02
-3.173258056640625000e+03
-6.891958750000000000e+05
-6.487027832031250000e+03
-2.033088207244873047e-01
-5.974053906250000000e+04
-4.759495605468750000e+03
-4.431070312500000000e+03
-9.005223125000000000e+05
-1.183532109375000000e+05
-4.201293437500000000e+05
-4.292694531250000000e+04
-2.635008125000000000e+05
-7.514988281250000000e+03
-5.561730957031250000e+03
-5.859536621093750000e+03
-1.493696875000000000e+06
-6.264222500000000000e+05
-2.032986875000000000e+05
-3.290063964843750000e+03
-4.607735443115234375e+01
2.541612274944782257e-02
-6.008883203125000000e+04
-5.699471875000000000e+05
-6.613542480468750000e+02
-4.238686523437500000e+03
-8.073635253906250000e+03
-2.232894531250000000e+05
-6.450268066406250000e+03
-1.020814361572265625e+02
-3.461140136718750000e+03
-4.064872656250000000e+04
-1.417869335937500000e+04
7.999859452247619629e-01
-6.483685302734375000e+02
-7.202744750976562500e+02
-8.833940327167510986e-02
-4.794588281250000000e+04
-7.248060937500000000e+04
4.674327373504638672e-02
-7.938167724609375000e+02
-2.579458437500000000e+05
-8.356234375000000000e+03
-4.198395312500000000e+05
-7.470687500000000000e+04
-6.952683593750000000e+03
-1.111230859375000000e+04
-8.790966875000000000e+05
-7.761404785156250000e+03
-2.579442343750000000e+05
-3.348683984375000000e+04
-5.702987890625000000e+04
-4.229409000000000000e+06
-1.542424316406250000e+04
-6.154983901977539062e+01
-1.555474243164062500e+02
-3.636432189941406250e+02
-1.428090000000000000e+05
-8.470222656250000000e+03
-3.484591308593750000e+03
-5.235842187500000000e+04
-1.724840625000000000e+06
-1.033793359375000000e+04
-2.934894140625000000e+04
-6.677000427246093750e+01
-2.679127000000000000e+06
-1.161269843750000000e+05
9.356198310852050781e-01
-1.192306327819824219e+01
-1.775574804687500000e+04
-6.030468125000000000e+05
-1.965060272216796875e+02
-5.711590576171875000e+02
-4.121402343750000000e+03
-2.619282470703125000e+03
-2.350167480468750000e+03
-1.052848625000000000e+06
-3.873995703125000000e+04
-3.745655750000000000e+06
-1.739535742187500000e+04
-6.670396118164062500e+02
-6.319993164062500000e+03
-5.013295898437500000e+03
-4.836089355468750000e+03
-4.319869726896286011e-02
-2.225257080078125000e+03
-1.495545605468750000e+04
-3.054561562500000000e+05
-3.575810625000000000e+05
-5.222716674804687500e+02
-1.251554218750000000e+05
-6.028045312500000000e+04
-8.074910156250000000e+04
2.961400747299194336e+00
-2.420255312500000000e+05
-1.358592031250000000e+05
-1.196964125000000000e+06
-9.354232031250000000e+04
-2.407937968750000000e+05
-1.199833789062500000e+04
-2.603232031250000000e+04
-1.699625976562500000e+03
-9.277664184570312500e+00
-3.194200706481933594e+01
-2.223024902343750000e+03
3.773451805114746094e+00
-3.579029541015625000e+03
-3.273760009765625000e+03
-6.050540234375000000e+04
-3.377072906494140625e+01
-4.212847167968750000e+03
-2.047434531250000000e+05
-1.309200156250000000e+05
-5.599046484375000000e+04
-3.150953906250000000e+04
1.322449892759323120e-01
-1.141451538085937500e+03
6.241786479949951172e-02
-4.563611500000000000e+06
-8.986535625000000000e+05
-3.227937500000000000e+05
-2.998809960937500000e+04
-5.693464062500000000e+04
-1.761361562500000000e+05
-1.008595800781250000e+04
-1.675413330078125000e+03
-2.551292419433593750e+02
-1.336912968750000000e+05
-5.192871582031250000e+03
-5.943298339843750000e-01
-2.875551757812500000e+04
-4.926686562500000000e+05
-1.060522750000000000e+06
-4.490138281250000000e+04
-8.381136718750000000e+04
-1.394457910156250000e+04
-5.112814687500000000e+05
2.791973114013671875e+00
-3.914935937500000000e+04
-1.428081093750000000e+05
-1.193605375000000000e+06
6.315362453460693359e-02
-5.063749694824218750e+01
-5.326693750000000000e+04
-4.431308105468750000e+03
-2.370494375000000000e+05
3.451066017150878906e+00
-4.272418212890625000e+02
-4.075460449218750000e+03
-7.313381835937500000e+03
-5.260479687500000000e+04
-1.036274433135986328e-02
-9.044829101562500000e+03
-2.719692500000000000e+06
-2.180002343750000000e+04
-6.339163818359375000e+02
-8.146621093750000000e+04
-1.194742393493652344e+01
-5.250796250000000000e+05
-1.567603125000000000e+05
-1.035929218750000000e+05
-2.819167480468750000e+03
-3.713612060546875000e+03
-5.404032897949218750e+01
-6.890335937500000000e+04
-7.519922656250000000e+04
-1.791182617187500000e+03
-9.432643554687500000e+03
-3.713269042968750000e+02
4.362076520919799805e-02
1.956323981285095215e+00
-2.943693750000000000e+04
-9.170854492187500000e+03
-1.983951875000000000e+05
-4.283026695251464844e+00
-2.068971250000000000e+05
-4.559750390625000000e+04
-1.303051625000000000e+06
-4.665776875000000000e+05
3.797017574310302734e+00
-9.921581054687500000e+03
-6.562690917968750000e+03
-2.552241015625000000e+04
-2.954506562500000000e+05
-3.424228125000000000e+04
-1.077031015625000000e+05
-8.146703906250000000e+04
-4.966378211975097656e-03
-9.648737182617187500e+02
-4.472525000000000000e+04
-4.502543750000000000e+04
-9.626616406250000000e+04
-4.735517187500000000e+04
-1.268832500000000000e+05
-4.992873046875000000e+03
-8.903887695312500000e+03
-1.395379218750000000e+05
-4.807145080566406250e+02
-6.655089062500000000e+04
-4.920093078613281250e+02
-3.449824218750000000e+02
-5.293117968750000000e+04
-4.981017578125000000e+03
-3.193047485351562500e+02
-1.297388281250000000e+05
-1.169292968750000000e+04
-1.665143737792968750e+02
-8.735723876953125000e+02
-3.513225937500000000e+05
-2.594865478515625000e+03
-1.506869554519653320e+00
-8.570585937500000000e+03
2.629715442657470703e+00
-8.057015136718750000e+03
-2.259410546875000000e+04
-3.572775000000000000e+05
-1.976368281250000000e+05
-6.984633300781250000e+03
-1.439005468750000000e+05
-4.159098815917968750e+02
-3.313183784484863281e-01
-4.746063281250000000e+04
-2.719459375000000000e+04
-8.200221679687500000e+03
-2.336948906250000000e+05
-4.514730078125000000e+04
-2.322876875000000000e+05
-1.378169062500000000e+05
-3.094637393951416016e-01
-6.679298400878906250e+01
-5.037271976470947266e-01
-1.292562890625000000e+05
-2.115604375000000000e+05
-2.369149322509765625e+02
-2.803759375000000000e+05
-9.055495117187500000e+03
-1.901903076171875000e+02
3.567184448242187500e+00
-6.749200820922851562e+00
-3.730749062500000000e+05
9.733142256736755371e-01
-3.343618750000000000e+05
-2.579767089843750000e+03
-2.516129882812500000e+04
-3.214795937500000000e+05
-9.366973114013671875e+01
-4.812811851501464844e+00
-6.392062890625000000e+04
8.398634195327758789e-01
-1.135846500000000000e+06
-1.174641796875000000e+05
-1.836072387695312500e+03
-1.576270019531250000e+04
-1.397867656250000000e+05
-1.327270750000000000e+06
-9.702863693237304688e-01
-1.644557714462280273e+00
-2.481022460937500000e+03
-3.205358789062500000e+04
-5.075057983398437500e+02
-1.209609130859375000e+03
-2.246066650390625000e+03
-1.770249267578125000e+03
-2.322939648437500000e+04
2.094013929367065430e+00
-3.826379776000976562e-02
-5.683150000000000000e+04
1.196243524551391602e+00
-1.145532128906250000e+04
-5.828917187500000000e+04
-2.768378125000000000e+04
-2.482955468750000000e+05
-1.045282812500000000e+06
-1.479091674804687500e+03
-2.791145312500000000e+04
2.252861112356185913e-01
-2.979559570312500000e+03
4.002720355987548828e+00
-1.529778515625000000e+04
-1.787767181396484375e+02
-9.234250781250000000e+04
-5.264544140625000000e+04
-8.182931250000000000e+05
-4.201042187500000000e+04
-1.224438125000000000e+05
-2.824416406250000000e+04
-3.288879687500000000e+05
-1.290222000000000000e+06
-2.928307226562500000e+04
-4.023380126953125000e+02
-1.089962695312500000e+04
-5.121816894531250000e+03
-3.992275781250000000e+04
-4.419154663085937500e+02
