-2.737085688729954658e+25
-2.859953916981711869e+25
-2.987987002989806832e+25
-3.121398237232591815e+25
-3.260386613961761960e+25
-3.405176261117812838e+25
-3.555985311449416063e+25
-3.713050344449316962e+25
-3.876616010060793107e+25
-4.046932031081742340e+25
-1.056011626849334215e+26
-1.099609676364063423e+26
-1.144897078701062952e+26
-1.191932125571605724e+26
-1.240775875698575718e+26
-1.291495106295519762e+26
-1.344157240212027264e+26
-1.398828040090720999e+26
-1.455583045348582808e+26
-1.514495397325864949e+26
-3.677003884672902417e+26
-3.817495763277800259e+26
-3.963018437926480170e+26
-4.113740511859775855e+26
-4.269831695123165442e+26
-4.431476455157386027e+26
-4.598847453486967530e+26
-4.772134322640987687e+26
-4.951547355501886786e+26
-5.137264009747653913e+26
-1.172028789692347919e+27
-1.213695114614422337e+27
-1.256748191968981944e+27
-1.301233031811566592e+27
-1.347193316032142824e+27
-1.394673169242534954e+27
-1.443718339368045782e+27
-1.494382690901370540e+27
-1.546709758158523182e+27
-1.600754586223819657e+27
-3.459342118270976921e+27
-3.574302817634145206e+27
-3.692838938720656170e+27
-3.815064703769814225e+27
-3.941074560111276761e+27
-4.070990994125693212e+27
-4.204905206515763997e+27
-4.342955031353207873e+27
-4.485247017031794588e+27
-4.631909257742371980e+27
-9.544439831066979399e+27
-9.842167328937599769e+27
-1.014858516172832100e+28
-1.046394597604597663e+28
-1.078847880666498582e+28
-1.112245164788325143e+28
-1.146609943743329623e+28
-1.181968898902140235e+28
-1.218350364463654197e+28
-1.255780549561851436e+28
-2.480846355282470412e+28
-2.553752374109929286e+28
-2.628663509746014612e+28
-2.705632416577010385e+28
-2.784716471355683473e+28
-2.865961717155241853e+28
-2.949430489213259406e+28
-3.035171900141157976e+28
-3.123253952016290886e+28
-3.213725521331755836e+28
-6.114803464008588801e+28
-6.284652347061313044e+28
-6.458922781851948135e+28
-6.637723382809600077e+28
-6.821142930424146819e+28
-7.009320262270184728e+28
-7.202362103830226659e+28
-7.400386986502992640e+28
-7.603510608267312976e+28
-7.811864250911411445e+28
-1.437149008130060990e+29
-1.474991786387866550e+29
-1.513765248632116059e+29
-1.553498579087673652e+29
-1.594204433696713420e+29
-1.635911241105462237e+29
-1.678640535305081991e+29
-1.722412339129460047e+29
-1.767259331354657864e+29
-1.813194167922849533e+29
-3.235988409760272348e+29
-3.316977372730805393e+29
-3.399869260499275590e+29
-3.484694296211173305e+29
-3.571504237003150790e+29
-3.660344417593443592e+29
-3.751247327863453855e+29
-3.844273036314843682e+29
-3.939455166196971103e+29
-4.036848874750356036e+29
