4.556494355201721191e-01
4.556494355201721191e-01
4.556494355201721191e-01
4.556494355201721191e-01
4.556494355201721191e-01
4.556494355201721191e-01
4.556494355201721191e-01
4.556494355201721191e-01
4.556494355201721191e-01
4.556494355201721191e-01
4.556494355201721191e-01
4.556494355201721191e-01
4.556494355201721191e-01
4.556494355201721191e-01
4.556494355201721191e-01
4.556494355201721191e-01
4.556494355201721191e-01
4.556494355201721191e-01
4.556494355201721191e-01
4.556494355201721191e-01
4.556494355201721191e-01
4.556494355201721191e-01
4.556494355201721191e-01
4.556494355201721191e-01
4.556494355201721191e-01
4.556494355201721191e-01
4.556494355201721191e-01
4.556494355201721191e-01
4.556494355201721191e-01
4.556494355201721191e-01
4.556494355201721191e-01
4.556494355201721191e-01
4.556494355201721191e-01
4.556494355201721191e-01
5.194476246833801270e-01
6.050203442573547363e-01
6.609400510787963867e-01
7.082883715629577637e-01
7.896610498428344727e-01
8.475148081779479980e-01
8.135910630226135254e-01
7.317043542861938477e-01
6.726549863815307617e-01
6.221410632133483887e-01
5.469816923141479492e-01
4.845716357231140137e-01
4.600190222263336182e-01
4.556494355201721191e-01
4.556494355201721191e-01
4.556494355201721191e-01
4.556494355201721191e-01
4.556494355201721191e-01
4.556494355201721191e-01
4.556494355201721191e-01
4.556494355201721191e-01
4.556494355201721191e-01
4.556494355201721191e-01
4.556494355201721191e-01
4.556494355201721191e-01
4.595159292221069336e-01
5.130338072776794434e-01
5.603948831558227539e-01
7.183719873428344727e-01
1.037675976753234863e+00
1.365379452705383301e+00
1.678474307060241699e+00
2.035674810409545898e+00
2.255497455596923828e+00
2.211283922195434570e+00
1.950711011886596680e+00
1.648677349090576172e+00
1.310097694396972656e+00
9.323828220367431641e-01
6.620202660560607910e-01
5.289319753646850586e-01
4.716708660125732422e-01
4.556494355201721191e-01
4.556494355201721191e-01
4.556494355201721191e-01
4.556494355201721191e-01
4.556494355201721191e-01
4.556494355201721191e-01
4.556494355201721191e-01
4.556494355201721191e-01
4.556494355201721191e-01
4.556494355201721191e-01
4.556494355201721191e-01
4.728555679321289062e-01
7.409526705741882324e-01
1.055409193038940430e+00
1.001257181167602539e+00
1.146248459815979004e+00
1.530832529067993164e+00
1.825304865837097168e+00
1.989681959152221680e+00
2.086368322372436523e+00
2.317124605178833008e+00
2.477897644042968750e+00
2.327597379684448242e+00
1.936823844909667969e+00
1.513378500938415527e+00
1.185935854911804199e+00
8.414788246154785156e-01
5.631387829780578613e-01
4.571060836315155029e-01
4.556494355201721191e-01
4.556494355201721191e-01
4.556494355201721191e-01
4.556494355201721191e-01
4.556494355201721191e-01
4.556494355201721191e-01
4.556494355201721191e-01
4.556494355201721191e-01
4.556494355201721191e-01
4.556494355201721191e-01
4.633277952671051025e-01
5.834169387817382812e-01
9.651670455932617188e-01
8.383522629737854004e-01
4.182507693767547607e-01
-5.738622322678565979e-02
-1.052243471145629883e+00
-2.146768808364868164e+00
-2.748758316040039062e+00
-2.436160802841186523e+00
-1.499753355979919434e+00
-3.821044266223907471e-01
5.747774243354797363e-01
1.269716143608093262e+00
1.437398672103881836e+00
1.155187010765075684e+00
7.055159807205200195e-01
4.859950244426727295e-01
4.556494355201721191e-01
4.556494355201721191e-01
4.556494355201721191e-01
4.556494355201721191e-01
4.556494355201721191e-01
4.556494355201721191e-01
4.556494355201721191e-01
4.556494355201721191e-01
4.556494355201721191e-01
4.556494355201721191e-01
3.970599472522735596e-01
-4.386638998985290527e-01
-8.237720727920532227e-01
-1.326263070106506348e+00
-1.996230125427246094e+00
-2.814465999603271484e+00
-3.556657791137695312e+00
-4.589355468750000000e+00
-5.665753841400146484e+00
-6.294154167175292969e+00
-5.912551403045654297e+00
-4.655271530151367188e+00
-2.775738000869750977e+00
-1.029487967491149902e+00
1.803031563758850098e-01
8.189349770545959473e-01
8.725365400314331055e-01
6.196549534797668457e-01
4.556494355201721191e-01
4.556494355201721191e-01
4.556494355201721191e-01
4.556494355201721191e-01
4.556494355201721191e-01
4.556494355201721191e-01
4.556494355201721191e-01
4.556494355201721191e-01
4.556494355201721191e-01
4.556494355201721191e-01
3.700358867645263672e-01
-8.564750552177429199e-01
-2.174968481063842773e+00
-3.090856552124023438e+00
-3.669329643249511719e+00
-4.327676773071289062e+00
-3.805525302886962891e+00
-2.933434486389160156e+00
-2.479575872421264648e+00
-2.840889215469360352e+00
-3.657030105590820312e+00
-3.927897453308105469e+00
-3.565138339996337891e+00
-2.553796768188476562e+00
-1.315768361091613770e+00
-6.001804023981094360e-02
7.928009033203125000e-01
7.085204720497131348e-01
4.556494355201721191e-01
4.556494355201721191e-01
4.556494355201721191e-01
4.556494355201721191e-01
4.556494355201721191e-01
4.556494355201721191e-01
4.556494355201721191e-01
4.556494355201721191e-01
4.556494355201721191e-01
4.556494355201721191e-01
4.314985275268554688e-01
2.832359261810779572e-02
-7.649106979370117188e-01
-1.522897481918334961e+00
-1.872326850891113281e+00
-2.389716863632202148e+00
-1.870619654655456543e+00
-9.413440823554992676e-01
9.599687904119491577e-02
6.756339669227600098e-01
1.900947242975234985e-01
-5.020199418067932129e-01
-1.568262815475463867e+00
-1.907549858093261719e+00
-1.478119492530822754e+00
-8.425564765930175781e-01
8.236506581306457520e-02
5.163013935089111328e-01
4.556494355201721191e-01
4.556494355201721191e-01
4.556494355201721191e-01
4.556494355201721191e-01
4.556494355201721191e-01
4.556494355201721191e-01
4.556494355201721191e-01
4.556494355201721191e-01
4.556494355201721191e-01
4.556494355201721191e-01
4.703844785690307617e-01
6.710732579231262207e-01
1.049449682235717773e+00
4.203183948993682861e-01
8.996005654335021973e-01
4.854962527751922607e-01
3.844278454780578613e-01
5.689910054206848145e-01
9.495036005973815918e-01
1.399325013160705566e+00
1.160909414291381836e+00
3.432949781417846680e-01
-3.165434300899505615e-01
-1.003791451454162598e+00
-1.215811014175415039e+00
-1.206926465034484863e+00
-7.514342069625854492e-01
6.864152103662490845e-02
4.556494355201721191e-01
4.556494355201721191e-01
4.556494355201721191e-01
4.556494355201721191e-01
4.556494355201721191e-01
4.556494355201721191e-01
4.556494355201721191e-01
4.556494355201721191e-01
4.556494355201721191e-01
4.556494355201721191e-01
4.642424583435058594e-01
6.161321401596069336e-01
1.039931058883666992e+00
1.135330438613891602e+00
1.398046374320983887e+00
1.234206795692443848e+00
1.117806434631347656e+00
1.136236786842346191e+00
1.290591716766357422e+00
1.582829236984252930e+00
1.487957954406738281e+00
1.167134761810302734e+00
1.938107013702392578e-01
-1.312257051467895508e-01
-6.332389116287231445e-01
-9.146392941474914551e-01
-6.500610113143920898e-01
-1.035491898655891418e-01
4.556494355201721191e-01
4.556494355201721191e-01
4.556494355201721191e-01
4.556494355201721191e-01
4.556494355201721191e-01
4.556494355201721191e-01
4.556494355201721191e-01
4.556494355201721191e-01
4.556494355201721191e-01
4.556494355201721191e-01
4.571486711502075195e-01
4.920678436756134033e-01
6.209375262260437012e-01
7.105307579040527344e-01
7.867597937583923340e-01
7.820622920989990234e-01
7.032176852226257324e-01
5.780801177024841309e-01
8.107579946517944336e-01
1.023853302001953125e+00
9.992375969886779785e-01
8.196415901184082031e-01
1.764973551034927368e-01
-1.505096107721328735e-01
-6.419101357460021973e-01
-8.326193094253540039e-01
-5.811524391174316406e-01
-1.107391938567161560e-01
4.760404527187347412e-01
4.556494355201721191e-01
4.556494355201721191e-01
4.556494355201721191e-01
4.556494355201721191e-01
4.556494355201721191e-01
4.556494355201721191e-01
4.556494355201721191e-01
4.556494355201721191e-01
4.556494355201721191e-01
4.556494355201721191e-01
4.556494355201721191e-01
4.556494355201721191e-01
4.556494355201721191e-01
4.556494355201721191e-01
4.076378047466278076e-01
9.066379815340042114e-02
-6.243717670440673828e-01
-9.446340203285217285e-01
-1.209223508834838867e+00
-1.556626677513122559e+00
-1.528671145439147949e+00
-1.279477953910827637e+00
-7.438558936119079590e-01
-7.160975933074951172e-01
-5.566892027854919434e-01
-1.394984722137451172e-01
2.233067601919174194e-01
6.004245877265930176e-01
4.643882811069488525e-01
4.556494355201721191e-01
4.556494355201721191e-01
4.556494355201721191e-01
4.556494355201721191e-01
4.556494355201721191e-01
4.556494355201721191e-01
4.556494355201721191e-01
4.556494355201721191e-01
4.556494355201721191e-01
4.556494355201721191e-01
4.556494355201721191e-01
4.556494355201721191e-01
4.556494355201721191e-01
3.730894923210144043e-01
-1.371034830808639526e-01
-1.282747864723205566e+00
-2.309888839721679688e+00
-3.085592269897460938e+00
-3.765987157821655273e+00
-3.851301193237304688e+00
-3.203312397003173828e+00
-1.855571269989013672e+00
-8.818625211715698242e-01
-1.110309958457946777e-01
4.646475613117218018e-01
7.853323221206665039e-01
9.096123576164245605e-01
5.838324427604675293e-01
4.556494355201721191e-01
4.556494355201721191e-01
4.556494355201721191e-01
4.556494355201721191e-01
4.556494355201721191e-01
4.556494355201721191e-01
4.556494355201721191e-01
4.556494355201721191e-01
4.556494355201721191e-01
4.556494355201721191e-01
4.556494355201721191e-01
4.556494355201721191e-01
4.556494355201721191e-01
4.586258232593536377e-01
2.544890642166137695e-01
-4.344366788864135742e-01
-1.576294064521789551e+00
-2.774505615234375000e+00
-3.703026771545410156e+00
-4.669616699218750000e+00
-4.635733604431152344e+00
-3.775279998779296875e+00
-2.444197416305541992e+00
-9.569973349571228027e-01
8.833705633878707886e-02
7.678169012069702148e-01
1.169001698493957520e+00
7.888027429580688477e-01
4.556494355201721191e-01
4.556494355201721191e-01
4.556494355201721191e-01
4.556494355201721191e-01
4.556494355201721191e-01
4.556494355201721191e-01
4.556494355201721191e-01
4.556494355201721191e-01
4.556494355201721191e-01
4.556494355201721191e-01
4.556494355201721191e-01
4.556494355201721191e-01
4.556494355201721191e-01
4.781356453895568848e-01
6.302478909492492676e-01
8.390371203422546387e-01
6.329371929168701172e-01
8.400029689073562622e-02
-2.931307256221771240e-01
-1.632738113403320312e+00
-2.840786218643188477e+00
-3.514547348022460938e+00
-3.408695936203002930e+00
-2.571084976196289062e+00
-1.369587898254394531e+00
-5.641143321990966797e-01
6.203407645225524902e-01
8.373841643333435059e-01
5.282666087150573730e-01
4.600190222263336182e-01
4.556494355201721191e-01
4.556494355201721191e-01
4.556494355201721191e-01
4.556494355201721191e-01
4.556494355201721191e-01
4.556494355201721191e-01
4.556494355201721191e-01
4.556494355201721191e-01
4.556494355201721191e-01
4.556494355201721191e-01
4.556494355201721191e-01
4.556494355201721191e-01
5.174067020416259766e-01
8.590917587280273438e-01
1.321096658706665039e+00
1.524966239929199219e+00
1.877171754837036133e+00
1.743644237518310547e+00
4.610524177551269531e-01
-8.853105902671813965e-01
-1.996391654014587402e+00
-2.650883913040161133e+00
-2.024946451187133789e+00
-1.425185203552246094e+00
-4.709567725658416748e-01
5.936930179595947266e-01
7.234323620796203613e-01
4.724048674106597900e-01
4.556494355201721191e-01
4.556494355201721191e-01
4.556494355201721191e-01
4.556494355201721191e-01
4.556494355201721191e-01
4.556494355201721191e-01
4.556494355201721191e-01
4.556494355201721191e-01
4.556494355201721191e-01
4.556494355201721191e-01
4.556494355201721191e-01
4.556494355201721191e-01
4.601467251777648926e-01
4.966428577899932861e-01
6.145285367965698242e-01
7.888969779014587402e-01
8.459190726280212402e-01
1.056240081787109375e+00
9.155231118202209473e-01
-7.928138971328735352e-02
-9.698067903518676758e-01
-1.709072113037109375e+00
-1.852190375328063965e+00
-1.314870119094848633e+00
-7.907534837722778320e-01
2.263721227645874023e-01
8.524612188339233398e-01
4.807633459568023682e-01
4.556494355201721191e-01
4.556494355201721191e-01
4.556494355201721191e-01
4.556494355201721191e-01
4.556494355201721191e-01
4.556494355201721191e-01
4.556494355201721191e-01
4.556494355201721191e-01
4.556494355201721191e-01
4.556494355201721191e-01
4.556494355201721191e-01
4.556494355201721191e-01
4.556494355201721191e-01
4.586475193500518799e-01
4.790156781673431396e-01
5.138581395149230957e-01
5.253974199295043945e-01
6.076377034187316895e-01
7.991399168968200684e-01
6.416345834732055664e-01
-1.491431295871734619e-01
-7.718420028686523438e-01
-1.163019180297851562e+00
-1.200397372245788574e+00
-8.148457407951354980e-01
-3.751262128353118896e-01
5.548747181892395020e-01
4.635030627250671387e-01
4.556494355201721191e-01
4.556494355201721191e-01
4.556494355201721191e-01
4.556494355201721191e-01
4.556494355201721191e-01
4.556494355201721191e-01
4.556494355201721191e-01
4.556494355201721191e-01
4.556494355201721191e-01
4.556494355201721191e-01
4.556494355201721191e-01
4.556494355201721191e-01
4.556494355201721191e-01
4.556494355201721191e-01
4.556494355201721191e-01
4.556494355201721191e-01
4.556494355201721191e-01
4.676421284675598145e-01
5.981956124305725098e-01
6.250064373016357422e-01
1.640669703483581543e-01
-4.259444475173950195e-01
-1.012220859527587891e+00
-1.050211071968078613e+00
-9.500791430473327637e-01
-8.479385375976562500e-01
5.432009696960449219e-03
4.279271364212036133e-01
4.556494355201721191e-01
4.556494355201721191e-01
4.556494355201721191e-01
4.556494355201721191e-01
4.556494355201721191e-01
4.556494355201721191e-01
4.556494355201721191e-01
4.556494355201721191e-01
4.556494355201721191e-01
4.575829207897186279e-01
4.582428336143493652e-01
4.565824866294860840e-01
4.568244516849517822e-01
4.580079317092895508e-01
4.571060836315155029e-01
4.556494355201721191e-01
4.556494355201721191e-01
4.556494355201721191e-01
4.936031401157379150e-01
3.780786693096160889e-01
5.544390995055437088e-03
-5.389713048934936523e-01
-1.097410678863525391e+00
-9.729699492454528809e-01
-1.043432116508483887e+00
-8.721361160278320312e-01
-4.080247581005096436e-01
3.998906016349792480e-01
4.556494355201721191e-01
4.556494355201721191e-01
4.556494355201721191e-01
4.556494355201721191e-01
4.556494355201721191e-01
4.556494355201721191e-01
4.556494355201721191e-01
4.556494355201721191e-01
4.691823720932006836e-01
4.882040917873382568e-01
4.868049323558807373e-01
4.801167249679565430e-01
4.869267642498016357e-01
4.899094104766845703e-01
4.717771112918853760e-01
4.585623741149902344e-01
4.556494355201721191e-01
4.614493846893310547e-01
5.763038992881774902e-01
4.587374925613403320e-01
3.261659294366836548e-02
-5.896508097648620605e-01
-1.163173556327819824e+00
-8.638239502906799316e-01
-1.126591682434082031e+00
-8.769291043281555176e-01
-7.646768689155578613e-01
3.731641769409179688e-01
4.556494355201721191e-01
4.556494355201721191e-01
4.556494355201721191e-01
4.556494355201721191e-01
4.556494355201721191e-01
4.556494355201721191e-01
4.556494355201721191e-01
4.556494355201721191e-01
6.705319881439208984e-01
8.947596549987792969e-01
9.650806784629821777e-01
1.015614271163940430e+00
1.183929324150085449e+00
1.181534528732299805e+00
1.028898358345031738e+00
8.298676013946533203e-01
8.545731306076049805e-01
9.124832153320312500e-01
9.198274016380310059e-01
7.810497879981994629e-01
5.088146328926086426e-01
4.267056286334991455e-02
-5.404112935066223145e-01
-9.056835174560546875e-01
-1.336568474769592285e+00
-1.158476114273071289e+00
-9.706770181655883789e-01
3.606073856353759766e-01
4.556494355201721191e-01
4.556494355201721191e-01
4.556494355201721191e-01
4.556494355201721191e-01
4.556494355201721191e-01
4.556494355201721191e-01
4.556494355201721191e-01
4.556494355201721191e-01
5.472786426544189453e-01
1.006689190864562988e+00
1.491191267967224121e+00
1.979871630668640137e+00
2.443912744522094727e+00
2.551703691482543945e+00
2.380648374557495117e+00
2.203103303909301758e+00
1.904175162315368652e+00
1.898351788520812988e+00
1.560741901397705078e+00
1.095806360244750977e+00
5.890479087829589844e-01
1.042225491255521774e-02
3.589610010385513306e-02
-6.126353740692138672e-01
-1.037310600280761719e+00
-6.875616908073425293e-01
-6.578159332275390625e-01
3.801303803920745850e-01
4.556494355201721191e-01
4.556494355201721191e-01
4.556494355201721191e-01
4.556494355201721191e-01
4.556494355201721191e-01
4.556494355201721191e-01
4.556494355201721191e-01
4.556494355201721191e-01
-1.935724020004272461e-01
-6.639080643653869629e-01
-6.602398753166198730e-01
-3.647194206714630127e-01
5.929545685648918152e-02
6.801154613494873047e-01
1.279519438743591309e+00
1.916366457939147949e+00
1.869847655296325684e+00
1.623383402824401855e+00
1.056448817253112793e+00
4.309779778122901917e-02
-7.951571941375732422e-01
-1.348278522491455078e+00
-1.128380417823791504e+00
-9.512879848480224609e-01
-1.180715084075927734e+00
5.555786658078432083e-03
1.948271095752716064e-01
4.306389689445495605e-01
4.556494355201721191e-01
4.556494355201721191e-01
4.556494355201721191e-01
4.556494355201721191e-01
4.556494355201721191e-01
4.556494355201721191e-01
4.556494355201721191e-01
4.556494355201721191e-01
-3.331342041492462158e-01
-1.724725961685180664e+00
-2.818117141723632812e+00
-3.667926549911499023e+00
-4.436464309692382812e+00
-4.268076419830322266e+00
-3.315931320190429688e+00
-2.416856288909912109e+00
-1.795238852500915527e+00
-1.970714330673217773e+00
-2.198142290115356445e+00
-2.564140796661376953e+00
-3.046673059463500977e+00
-2.734148502349853516e+00
-2.336385011672973633e+00
-1.668279647827148438e+00
-1.008184313774108887e+00
-4.043040871620178223e-01
4.218360185623168945e-01
4.496349692344665527e-01
4.556494355201721191e-01
4.556494355201721191e-01
4.556494355201721191e-01
4.556494355201721191e-01
4.556494355201721191e-01
4.556494355201721191e-01
4.556494355201721191e-01
4.556494355201721191e-01
2.819962799549102783e-01
-1.097387522459030151e-01
-1.164729475975036621e+00
-2.216043710708618164e+00
-3.644660234451293945e+00
-4.834757328033447266e+00
-5.322400093078613281e+00
-5.523772239685058594e+00
-5.408409595489501953e+00
-4.912314414978027344e+00
-4.795418739318847656e+00
-3.980348587036132812e+00
-3.324343919754028320e+00
-2.356989145278930664e+00
-1.614820599555969238e+00
-1.217501163482666016e+00
-1.267607510089874268e-01
1.617960631847381592e-02
4.595535099506378174e-01
4.554387927055358887e-01
4.556494355201721191e-01
4.556494355201721191e-01
4.556494355201721191e-01
4.556494355201721191e-01
4.556494355201721191e-01
4.556494355201721191e-01
4.556494355201721191e-01
4.556494355201721191e-01
6.284628510475158691e-01
1.136238336563110352e+00
9.718443155288696289e-01
7.498366832733154297e-01
-2.675935253500938416e-02
-1.204984903335571289e+00
-2.412170648574829102e+00
-3.202742338180541992e+00
-3.574758768081665039e+00
-3.185969114303588867e+00
-2.763237953186035156e+00
-1.930763125419616699e+00
-1.007861614227294922e+00
-4.795372486114501953e-01
-2.361628413200378418e-01
1.800649613142013550e-02
2.909005582332611084e-01
3.558464050292968750e-01
4.556494355201721191e-01
4.556494355201721191e-01
4.556494355201721191e-01
4.556494355201721191e-01
4.556494355201721191e-01
4.556494355201721191e-01
4.556494355201721191e-01
4.556494355201721191e-01
4.556494355201721191e-01
4.556494355201721191e-01
5.380980372428894043e-01
8.696195483207702637e-01
1.051094770431518555e+00
1.432341694831848145e+00
1.583906292915344238e+00
1.646337985992431641e+00
1.434059619903564453e+00
1.172616600990295410e+00
9.881840944290161133e-01
7.558695673942565918e-01
8.639693260192871094e-01
8.402927517890930176e-01
9.438114166259765625e-01
8.625530004501342773e-01
6.482489705085754395e-01
5.897309780120849609e-01
4.375626444816589355e-01
4.522794187068939209e-01
4.556494355201721191e-01
4.556494355201721191e-01
4.556494355201721191e-01
4.556494355201721191e-01
4.556494355201721191e-01
