4.456121325492858887e-01
4.457359313964843750e-01
4.458602368831634521e-01
4.459850490093231201e-01
4.461102485656738281e-01
4.462360143661499023e-01
4.463621973991394043e-01
4.464888572692871094e-01
4.466160833835601807e-01
4.467436969280242920e-01
4.498117864131927490e-01
4.499509632587432861e-01
4.500905573368072510e-01
4.502307474613189697e-01
4.503712952136993408e-01
4.505123496055603027e-01
4.506539106369018555e-01
4.507959485054016113e-01
4.509384334087371826e-01
4.510814547538757324e-01
4.545023739337921143e-01
4.546568691730499268e-01
4.548118114471435547e-01
4.549672901630401611e-01
4.551232457160949707e-01
4.552796185016632080e-01
4.554364681243896484e-01
4.555938243865966797e-01
4.557516872882843018e-01
4.559099674224853516e-01
4.596838057041168213e-01
4.598536491394042969e-01
4.600238800048828125e-01
4.601947367191314697e-01
4.603660404682159424e-01
4.605376720428466797e-01
4.607099294662475586e-01
4.608826637268066406e-01
4.610558152198791504e-01
4.612295627593994141e-01
4.653560817241668701e-01
4.655412733554840088e-01
4.657268524169921875e-01
4.659129679203033447e-01
4.660996198654174805e-01
4.662867784500122070e-01
4.664742946624755859e-01
4.666623175144195557e-01
4.668508470058441162e-01
4.670398533344268799e-01
4.715192317962646484e-01
4.717198014259338379e-01
4.719207286834716797e-01
4.721221923828125000e-01
4.723241925239562988e-01
4.725266098976135254e-01
4.727295041084289551e-01
4.729328751564025879e-01
4.731367528438568115e-01
4.733411073684692383e-01
4.781732559204101562e-01
4.783891141414642334e-01
4.786055088043212891e-01
4.788222908973693848e-01
4.790395796298980713e-01
4.792573451995849609e-01
4.794756174087524414e-01
4.796943068504333496e-01
4.799135029315948486e-01
4.801332354545593262e-01
4.853182137012481689e-01
4.855493903160095215e-01
4.857811331748962402e-01
4.860132038593292236e-01
4.862458705902099609e-01
4.864789545536041260e-01
4.867125451564788818e-01
4.869466125965118408e-01
4.871811270713806152e-01
4.874161481857299805e-01
4.929539561271667480e-01
4.932005107402801514e-01
4.934475123882293701e-01
4.936950206756591797e-01
4.939430654048919678e-01
4.941914081573486328e-01
4.944403171539306641e-01
4.946896731853485107e-01
4.949396252632141113e-01
4.951899349689483643e-01
5.010806322097778320e-01
5.013425946235656738e-01
5.016047954559326172e-01
5.018677115440368652e-01
5.021310448646545410e-01
5.023948550224304199e-01
5.026590228080749512e-01
5.029237866401672363e-01
5.031889677047729492e-01
5.034546852111816406e-01
