-3.305815327581738141e+27
-3.584305675288578652e+27
-3.884773621458789313e+27
-4.208826541583976879e+27
-4.558188689726199128e+27
-3.693555498804850603e+28
-3.961810943574205660e+28
-4.248298500860623844e+28
-4.554187428605263678e+28
-4.880691374994222661e+28
-3.043795460799191064e+29
-3.237785931338311849e+29
-3.443347899812397099e+29
-3.661130974954830360e+29
-3.891807243963453642e+29
-1.976563794155883239e+30
-2.088689850536410673e+30
-2.206771377735814674e+30
-2.331099726876622367e+30
-2.461982871811380580e+30
-1.060285367778461481e+31
-1.114444640034287061e+31
-1.171192706040235407e+31
-1.230645380889825602e+31
-1.292924040735346955e+31
