-1.092437585150508911e+24
-1.119602577526867364e+24
-1.147356064273733574e+24
-1.175701792385997514e+24
-1.204652083712239669e+24
-1.234217026315625349e+24
-1.264411608175714444e+24
-1.295240152748149229e+24
-1.326720097970686882e+24
-1.358852308534455859e+24
-2.307979516876918515e+24
-2.359698999112829367e+24
-2.412395438208706446e+24
-2.466103421809687957e+24
-2.520831740942246528e+24
-2.576591348360675924e+24
-2.633407896568453646e+24
-2.691302714613414922e+24
-2.750260526285623711e+24
-2.810334654204668080e+24
-4.535199764659888917e+24
-4.626972604656970088e+24
-4.720301023994142047e+24
-4.815207216410368477e+24
-4.911724040168530671e+24
-5.009863024483674700e+24
-5.109676050823507870e+24
-5.211119308170855121e+24
-5.314260242433735955e+24
-5.419116723895471778e+24
-8.355168533035855817e+24
-8.508011913362337824e+24
-8.663159407315776614e+24
-8.820647908384319608e+24
-8.980449746451856240e+24
-9.142651390631232024e+24
-9.307284546263823648e+24
-9.474356130878658754e+24
-9.643907073189150884e+24
-9.815917197068969418e+24
-1.452221771877191822e+25
-1.476228134030416511e+25
-1.500552010766009926e+25
-1.525190980948812392e+25
-1.550167065379561900e+25
-1.575456629167414010e+25
-1.601087457720629746e+25
-1.627051826465128244e+25
-1.653345469591342456e+25
-1.679985565629691027e+25
-2.393136460935001371e+25
-2.428793325476579170e+25
-2.464875618053356896e+25
-2.501383569249635469e+25
-2.538290200702207091e+25
-2.575623182527182324e+25
-2.613387356994880518e+25
-2.651580648846593380e+25
-2.690203058082320911e+25
-2.729257812882276010e+25
-3.753208214544879892e+25
-3.803467521695206172e+25
-3.854229963790142880e+25
-3.905492082065176196e+25
-3.957222286471079892e+25
-4.009455625821594015e+25
-4.062222998413042030e+25
-4.115481976734054405e+25
-4.169301736074907550e+25
-4.223574362982770265e+25
-5.618255667239441725e+25
-5.685373223214430243e+25
-5.753088453697406950e+25
-5.821363542863020743e+25
-5.890110407508319657e+25
-5.959487689632337595e+25
-6.029410995380937336e+25
-6.099867873201869126e+25
-6.170879075682215888e+25
-6.242475501118301085e+25
-8.043425129842740653e+25
-8.128495979487466993e+25
-8.214020619036406587e+25
-8.300035941977706855e+25
-8.386743017821771231e+25
-8.473926019662937314e+25
-8.561661501489110998e+25
-8.649955919660718081e+25
-8.738753933945537436e+25
-8.828178215191659229e+25
-1.102791647483057953e+26
-1.112946303394473955e+26
-1.123153071357898187e+26
-1.133415271787263916e+26
-1.143707263708308686e+26
-1.154047309397665470e+26
-1.164449705081991392e+26
-1.174879494181266772e+26
-1.185360104060465223e+26
-1.195879913270820306e+26
