-2.945401383760691200e+16
-2.374887563434393600e+16
-1.885756286671257600e+16
-1.472013711861350400e+16
-1.126323497992192000e+16
-8.421197674971136000e+15
-6.128426557636608000e+15
-4.320146810208256000e+15
-2.930622079172608000e+15
-1.895314172674048000e+15
-3.364901791727616000e+16
-4.472039348686028800e+16
-5.846272546596454400e+16
-7.535478030152499200e+16
-9.589362314864230400e+16
-1.206775000019763200e+17
-1.502852350140743680e+17
-1.854035848656322560e+17
-2.267993042982010880e+17
-2.753211991085547520e+17
-6.750816676591173632e+18
-7.501197628420390912e+18
-8.321324451090137088e+18
-9.214401121483751424e+18
-1.018735126432133939e+19
-1.124507705219534029e+19
-1.239245042112842957e+19
-1.363888648918925312e+19
-1.498650291577290752e+19
-1.644658618773851341e+19
-1.038452844374901391e+20
-1.113778538814300488e+20
-1.193864063070806999e+20
-1.278843293680218931e+20
-1.368962873090878996e+20
-1.464563298063676867e+20
-1.565886285234862817e+20
-1.673195453512312422e+20
-1.786833938484822016e+20
-1.907073715348638269e+20
-7.470521100073812623e+20
-7.888403072623103181e+20
-8.326758831290885079e+20
-8.786066883537566433e+20
-9.267837342613199913e+20
-9.772653565407018353e+20
-1.030221354971602878e+21
-1.085610423101190832e+21
-1.143609960533537587e+21
-1.204404263009644446e+21
-3.665608933731156886e+21
-3.835847251445575320e+21
-4.013136517326595686e+21
-4.197704163155400196e+21
-4.389707814918946816e+21
-4.589628231877457347e+21
-4.797570967147198284e+21
-5.013833258303576080e+21
-5.238884887082720821e+21
-5.472685321087986172e+21
-1.419961543791855062e+22
-1.477033860429670410e+22
-1.536127730350221689e+22
-1.597403706880224657e+22
-1.660814952583554662e+22
-1.726549605334645106e+22
-1.794558350717576282e+22
-1.865020882357480273e+22
-1.937914907436201594e+22
-2.013404469570167217e+22
-4.670743972140910903e+22
-4.837608193014503362e+22
-5.009749731931448567e+22
-5.187462223587451077e+22
-5.370892935690325905e+22
-5.560047722919588633e+22
-5.755443598512461395e+22
-5.956802240011972693e+22
-6.164687948451432052e+22
-6.378940395684105080e+22
-1.360880621720232473e+23
-1.404816568748955916e+23
-1.450074052052334957e+23
-1.496632805432046429e+23
-1.544535793228535447e+23
-1.593861197931333162e+23
-1.644577854631018171e+23
-1.696776195608108073e+23
-1.750491348939696358e+23
-1.805718450738185466e+23
-3.607340427255314729e+23
-3.714088708790922311e+23
-3.823668133196280082e+23
-3.936205521836894795e+23
-4.051781218930118739e+23
-4.170450708823361119e+23
-4.292206785757218142e+23
-4.417220946805500076e+23
-4.545681982864586294e+23
-4.677287972615457876e+23
