1.930921673774719238e-01
1.928581595420837402e-01
1.926229298114776611e-01
1.923865228891372681e-01
1.921489089727401733e-01
1.919100731611251831e-01
1.916700750589370728e-01
1.914288997650146484e-01
1.911864876747131348e-01
1.909429132938385010e-01
1.850103139877319336e-01
1.847380250692367554e-01
1.844645440578460693e-01
1.841898560523986816e-01
1.839139759540557861e-01
1.836369037628173828e-01
1.833586394786834717e-01
1.830791682004928589e-01
1.827985197305679321e-01
1.825166642665863037e-01
1.757039874792098999e-01
1.753934323787689209e-01
1.750816851854324341e-01
1.747687458992004395e-01
1.744545847177505493e-01
1.741392612457275391e-01
1.738227307796478271e-01
1.735049933195114136e-01
1.731860786676406860e-01
1.728659570217132568e-01
1.651731878519058228e-01
1.648243665695190430e-01
1.644743680953979492e-01
1.641231328248977661e-01
1.637707203626632690e-01
1.634171307086944580e-01
1.630623340606689453e-01
1.627063453197479248e-01
1.623491346836090088e-01
1.619907915592193604e-01
1.534179151058197021e-01
1.530308425426483154e-01
1.526425629854202271e-01
1.522530764341354370e-01
1.518623828887939453e-01
1.514705568552017212e-01
1.510774940252304077e-01
1.506832391023635864e-01
1.502877622842788696e-01
1.498911082744598389e-01
1.404381841421127319e-01
1.400128155946731567e-01
1.395862400531768799e-01
1.391585320234298706e-01
1.387296169996261597e-01
1.382994800806045532e-01
1.378681361675262451e-01
1.374356150627136230e-01
1.370018869638442993e-01
1.365669816732406616e-01
1.262339800596237183e-01
1.257703751325607300e-01
1.253055185079574585e-01
1.248395219445228577e-01
1.243723407387733459e-01
1.239039376378059387e-01
1.234343200922012329e-01
1.229635477066040039e-01
1.224915906786918640e-01
1.220183745026588440e-01
1.108052507042884827e-01
1.103033870458602905e-01
1.098003089427947998e-01
1.092960610985755920e-01
1.087905764579772949e-01
1.082839071750640869e-01
1.077760756015777588e-01
1.072670221328735352e-01
1.067567467689514160e-01
1.062453165650367737e-01
9.415211528539657593e-02
9.361194074153900146e-02
9.307061135768890381e-02
9.252810478210449219e-02
9.198434650897979736e-02
9.143943339586257935e-02
9.089332818984985352e-02
9.034600853919982910e-02
8.979750424623489380e-02
8.924779295921325684e-02
7.627449184656143188e-02
7.569605857133865356e-02
7.511648535728454590e-02
7.453566044569015503e-02
7.395365089178085327e-02
7.337048649787902832e-02
7.278608530759811401e-02
7.220055162906646729e-02
7.161374390125274658e-02
7.102580368518829346e-02
