6.143965500000000000e+06
6.205284000000000000e+06
6.267053000000000000e+06
6.329282000000000000e+06
6.391973000000000000e+06
6.455124500000000000e+06
6.518740500000000000e+06
6.582822000000000000e+06
6.647369000000000000e+06
6.712387500000000000e+06
8.343010500000000000e+06
8.420016000000000000e+06
8.497551000000000000e+06
8.575617000000000000e+06
8.654216000000000000e+06
8.733351000000000000e+06
8.813028000000000000e+06
8.893243000000000000e+06
8.974004000000000000e+06
9.055301000000000000e+06
1.108155200000000000e+07
1.117669400000000000e+07
1.127244500000000000e+07
1.136880400000000000e+07
1.146578000000000000e+07
1.156336500000000000e+07
1.166157500000000000e+07
1.176040700000000000e+07
1.185986000000000000e+07
1.195993700000000000e+07
1.444061900000000000e+07
1.455651100000000000e+07
1.467310900000000000e+07
1.479038700000000000e+07
1.490837000000000000e+07
1.502705300000000000e+07
1.514645600000000000e+07
1.526655600000000000e+07
1.538735800000000000e+07
1.550888200000000000e+07
1.850682400000000000e+07
1.864627200000000000e+07
1.878650800000000000e+07
1.892753400000000000e+07
1.906934600000000000e+07
1.921194800000000000e+07
1.935534800000000000e+07
1.949954600000000000e+07
1.964454200000000000e+07
1.979034800000000000e+07
2.337240200000000000e+07
2.353839000000000000e+07
2.370524600000000000e+07
2.387298800000000000e+07
2.404161600000000000e+07
2.421112600000000000e+07
2.438154000000000000e+07
2.455284600000000000e+07
2.472504200000000000e+07
2.489814600000000000e+07
2.913520000000000000e+07
2.933085800000000000e+07
2.952749000000000000e+07
2.972511400000000000e+07
2.992373000000000000e+07
3.012332400000000000e+07
3.032391400000000000e+07
3.052551000000000000e+07
3.072809600000000000e+07
3.093167800000000000e+07
3.589866400000000000e+07
3.612732400000000000e+07
3.635706400000000000e+07
3.658790400000000000e+07
3.681983600000000000e+07
3.705286800000000000e+07
3.728697600000000000e+07
3.752220000000000000e+07
3.775853200000000000e+07
3.799597600000000000e+07
4.377185600000000000e+07
4.403702000000000000e+07
4.430336400000000000e+07
4.457090800000000000e+07
4.483966400000000000e+07
4.510962800000000000e+07
4.538084400000000000e+07
4.565320400000000000e+07
4.592682000000000000e+07
4.620168400000000000e+07
5.286940800000000000e+07
5.317472400000000000e+07
5.348135600000000000e+07
5.378932800000000000e+07
5.409859200000000000e+07
5.440922400000000000e+07
5.472114800000000000e+07
5.503441600000000000e+07
5.534903600000000000e+07
5.566498400000000000e+07
