1.173348100000000000e+07
1.185886700000000000e+07
1.198525800000000000e+07
1.211267200000000000e+07
1.224109300000000000e+07
1.237054600000000000e+07
1.250102700000000000e+07
1.263253500000000000e+07
1.276509200000000000e+07
1.289869100000000000e+07
1.627322900000000000e+07
1.643363300000000000e+07
1.659522700000000000e+07
1.675801900000000000e+07
1.692201000000000000e+07
1.708721600000000000e+07
1.725363000000000000e+07
1.742125600000000000e+07
1.759010800000000000e+07
1.776019600000000000e+07
2.202582200000000000e+07
2.222728200000000000e+07
2.243012200000000000e+07
2.263436000000000000e+07
2.283998600000000000e+07
2.304703000000000000e+07
2.325547600000000000e+07
2.346533000000000000e+07
2.367662200000000000e+07
2.388933600000000000e+07
2.919161400000000000e+07
2.944063400000000000e+07
2.969125000000000000e+07
2.994345400000000000e+07
3.019728800000000000e+07
3.045272200000000000e+07
3.070979600000000000e+07
3.096848400000000000e+07
3.122882800000000000e+07
3.149080200000000000e+07
3.798639200000000000e+07
3.828995200000000000e+07
3.859534800000000000e+07
3.890256400000000000e+07
3.921162800000000000e+07
3.952252400000000000e+07
3.983527200000000000e+07
4.014990000000000000e+07
4.046636800000000000e+07
4.078470000000000000e+07
4.864137600000000000e+07
4.900697200000000000e+07
4.937461200000000000e+07
4.974434800000000000e+07
5.011616800000000000e+07
5.049004400000000000e+07
5.086603200000000000e+07
5.124414400000000000e+07
5.162434800000000000e+07
5.200664800000000000e+07
6.140320000000000000e+07
6.183879200000000000e+07
6.227669600000000000e+07
6.271691600000000000e+07
6.315948400000000000e+07
6.360438800000000000e+07
6.405164400000000000e+07
6.450127200000000000e+07
6.495327600000000000e+07
6.540765600000000000e+07
7.653408800000000000e+07
7.704808000000000000e+07
7.756467200000000000e+07
7.808384800000000000e+07
7.860569600000000000e+07
7.913008800000000000e+07
7.965712000000000000e+07
8.018679200000000000e+07
8.071913600000000000e+07
8.125412000000000000e+07
9.431152800000000000e+07
9.491287200000000000e+07
9.551708000000000000e+07
9.612417600000000000e+07
9.673419200000000000e+07
9.734710400000000000e+07
9.796290400000000000e+07
9.858167200000000000e+07
9.920340000000000000e+07
9.982803200000000000e+07
1.150284560000000000e+08
1.157265920000000000e+08
1.164278640000000000e+08
1.171323280000000000e+08
1.178399920000000000e+08
1.185508320000000000e+08
1.192649280000000000e+08
1.199822800000000000e+08
1.207028240000000000e+08
1.214266400000000000e+08
