-3.170329093933105469e+00
-3.198731899261474609e+00
-3.227134227752685547e+00
-3.255536794662475586e+00
-3.283940076828002930e+00
-3.312342166900634766e+00
-3.340744733810424805e+00
-3.369148015975952148e+00
-3.397550344467163086e+00
-3.425952911376953125e+00
-4.079213142395019531e+00
-4.107615470886230469e+00
-4.136018276214599609e+00
-4.164421081542968750e+00
-4.192823410034179688e+00
-4.221226692199707031e+00
-4.249629497528076172e+00
-4.278032302856445312e+00
-4.306434631347656250e+00
-4.334836959838867188e+00
-4.988096237182617188e+00
-5.016499519348144531e+00
-5.044902801513671875e+00
-5.073304176330566406e+00
-5.101706981658935547e+00
-5.130109786987304688e+00
-5.158512115478515625e+00
-5.186914920806884766e+00
-5.215317249298095703e+00
-5.243721485137939453e+00
-5.896980285644531250e+00
-5.925383567810058594e+00
-5.953786373138427734e+00
-5.982188224792480469e+00
-6.010591506958007812e+00
-6.038992404937744141e+00
-6.067395687103271484e+00
-6.095798492431640625e+00
-6.124201297760009766e+00
-6.152604103088378906e+00
-6.805864810943603516e+00
-6.834268093109130859e+00
-6.862670421600341797e+00
-6.891072750091552734e+00
-6.919476032257080078e+00
-6.947877883911132812e+00
-6.976280212402343750e+00
-7.004682540893554688e+00
-7.033084392547607422e+00
-7.061488151550292969e+00
-7.714749813079833984e+00
-7.743153095245361328e+00
-7.771552562713623047e+00
-7.799957275390625000e+00
-7.828358173370361328e+00
-7.856762409210205078e+00
-7.885165214538574219e+00
-7.913567066192626953e+00
-7.941970348358154297e+00
-7.970371723175048828e+00
-8.623631477355957031e+00
-8.652034759521484375e+00
-8.680438041687011719e+00
-8.708840370178222656e+00
-8.737242698669433594e+00
-8.765647888183593750e+00
-8.794048309326171875e+00
-8.822451591491699219e+00
-8.850853919982910156e+00
-8.879255294799804688e+00
-9.532516479492187500e+00
-9.560917854309082031e+00
-9.589320182800292969e+00
-9.617723464965820312e+00
-9.646128654479980469e+00
-9.674530982971191406e+00
-9.702931404113769531e+00
-9.731334686279296875e+00
-9.759737968444824219e+00
-9.788139343261718750e+00
-1.044140052795410156e+01
-1.046980190277099609e+01
-1.049820613861083984e+01
-1.052660751342773438e+01
-1.055500984191894531e+01
-1.058341312408447266e+01
-1.061181735992431641e+01
-1.064021778106689453e+01
-1.066862106323242188e+01
-1.069702434539794922e+01
-1.135028362274169922e+01
-1.137868404388427734e+01
-1.140708827972412109e+01
-1.143549156188964844e+01
-1.146389389038085938e+01
-1.149229717254638672e+01
-1.152069950103759766e+01
-1.154910373687744141e+01
-1.157750415802001953e+01
-1.160590839385986328e+01
