-1.584939479827880859e+00
-1.609767436981201172e+00
-1.634595274925231934e+00
-1.659423232078552246e+00
-1.684251308441162109e+00
-1.709079265594482422e+00
-1.733907341957092285e+00
-1.758735537528991699e+00
-1.783563375473022461e+00
-1.808391690254211426e+00
-2.379435062408447266e+00
-2.404262542724609375e+00
-2.429090976715087891e+00
-2.453918695449829102e+00
-2.478747606277465820e+00
-2.503574848175048828e+00
-2.528402328491210938e+00
-2.553231000900268555e+00
-2.578059196472167969e+00
-2.602886438369750977e+00
-3.173930168151855469e+00
-3.198758840560913086e+00
-3.223586559295654297e+00
-3.248414516448974609e+00
-3.273242712020874023e+00
-3.298069953918457031e+00
-3.322898149490356445e+00
-3.347726345062255859e+00
-3.372554063796997070e+00
-3.397381782531738281e+00
-3.968425512313842773e+00
-3.993252992630004883e+00
-4.018081665039062500e+00
-4.042909622192382812e+00
-4.067738056182861328e+00
-4.092565536499023438e+00
-4.117394447326660156e+00
-4.142221450805664062e+00
-4.167049884796142578e+00
-4.191877841949462891e+00
-4.762921333312988281e+00
-4.787749290466308594e+00
-4.812577247619628906e+00
-4.837405681610107422e+00
-4.862233638763427734e+00
-4.887061119079589844e+00
-4.911889076232910156e+00
-4.936717033386230469e+00
-4.961544513702392578e+00
-4.986373424530029297e+00
-5.557415962219238281e+00
-5.582245349884033203e+00
-5.607071876525878906e+00
-5.631902217864990234e+00
-5.656729221343994141e+00
-5.681556701660156250e+00
-5.706383705139160156e+00
-5.731212139129638672e+00
-5.756041049957275391e+00
-5.780868530273437500e+00
-6.351912975311279297e+00
-6.376740455627441406e+00
-6.401568412780761719e+00
-6.426395893096923828e+00
-6.451224803924560547e+00
-6.476050853729248047e+00
-6.500879287719726562e+00
-6.525708675384521484e+00
-6.550536632537841797e+00
-6.575363159179687500e+00
-7.146407604217529297e+00
-7.171236991882324219e+00
-7.196062564849853516e+00
-7.220892906188964844e+00
-7.245718955993652344e+00
-7.270546913146972656e+00
-7.295375347137451172e+00
-7.320203304290771484e+00
-7.345031738281250000e+00
-7.369858741760253906e+00
-7.940903186798095703e+00
-7.965731620788574219e+00
-7.990561008453369141e+00
-8.015386581420898438e+00
-8.040216445922851562e+00
-8.065042495727539062e+00
-8.089871406555175781e+00
-8.114697456359863281e+00
-8.139525413513183594e+00
-8.164355278015136719e+00
-8.735400199890136719e+00
-8.760224342346191406e+00
-8.785055160522460938e+00
-8.809884071350097656e+00
-8.834711074829101562e+00
-8.859537124633789062e+00
-8.884366989135742188e+00
-8.909193992614746094e+00
-8.934023857116699219e+00
-8.958848953247070312e+00
