-3.711841817900830897e+22
-3.844746420604254762e+22
-3.981971551610196512e+22
-4.123595348372191026e+22
-4.269810114594327023e+22
-4.420700968309561806e+22
-4.576398063547126383e+22
-4.737041011895469238e+22
-4.902799148700579502e+22
-5.073748134436197001e+22
-1.084282502974063436e+23
-1.119336811105656976e+23
-1.155416318656425136e+23
-1.192545435136348264e+23
-1.230746948759540854e+23
-1.270054006019260353e+23
-1.310502185352562989e+23
-1.352103646478442661e+23
-1.394907748848815351e+23
-1.438924940814816557e+23
-2.870233033651853942e+23
-2.954732452164340705e+23
-3.041489435098035750e+23
-3.130540371537928231e+23
-3.221949032454741715e+23
-3.315755770101137439e+23
-3.412031561207242765e+23
-3.510836573864079361e+23
-3.612221248387473778e+23
-3.716246473444388063e+23
-6.995414639884797403e+23
-7.184341004540959900e+23
-7.377876172911788268e+23
-7.576089320287558917e+23
-7.779129605887930359e+23
-7.987069087306940521e+23
-8.200043953397321087e+23
-8.418122658873408089e+23
-8.641383746512702868e+23
-8.870020330667227071e+23
-1.589113070858594958e+24
-1.628715203965899772e+24
-1.669208833626641831e+24
-1.710612983045647147e+24
-1.752933416830438755e+24
-1.796212793076687108e+24
-1.840435691459268089e+24
-1.885644049497911772e+24
-1.931862222659402978e+24
-1.979091796210810540e+24
-3.397328497374179721e+24
-3.475859745660475103e+24
-3.556022666106165325e+24
-3.637863663801810813e+24
-3.721394267962457635e+24
-3.806629178337289528e+24
-3.893647946510124366e+24
-3.982438178574787624e+24
-4.073064726365913437e+24
-4.165532489799896385e+24
-6.888499040615833753e+24
-7.036826427408770740e+24
-7.188037847345481755e+24
-7.342212275549032367e+24
-7.499353747244688700e+24
-7.659462838893203056e+24
-7.822724594396064836e+24
-7.989049662336667008e+24
-8.158542958571928796e+24
-8.331293258057704926e+24
-1.333109185426691416e+25
-1.359964416617799623e+25
-1.387303990132993168e+25
-1.415134131748396926e+25
-1.443457608475621953e+25
-1.472307393869700007e+25
-1.501661121253441713e+25
-1.531529166920388533e+25
-1.561937817480845504e+25
-1.592890416407175986e+25
-2.475328465582724413e+25
-2.522105719204837094e+25
-2.569689095542970882e+25
-2.618046773963598629e+25
-2.667250927352908723e+25
-2.717257052940823340e+25
-2.768115418104943338e+25
-2.819824639339463189e+25
-2.872398090533836332e+25
-2.925852143173428185e+25
-4.429092766888181278e+25
-4.507891262379244527e+25
-4.587914160508200248e+25
-4.669177602176112935e+25
-4.751738772289611090e+25
-4.835626724470610804e+25
-4.920828084829658638e+25
-5.007372829325874371e+25
-5.095257729779045102e+25
-5.184529364217956949e+25
