4.633591015625000000e+04
4.390786718750000000e+04
4.144794140625000000e+04
3.895915625000000000e+04
3.643739843750000000e+04
3.388246875000000000e+04
3.129455859375000000e+04
2.867518359375000000e+04
2.602384960937500000e+04
2.333736914062500000e+04
-4.790432031250000000e+04
-5.143491015625000000e+04
-5.499856250000000000e+04
-5.860157421875000000e+04
-6.224135156250000000e+04
-6.592317968750000000e+04
-6.964030468750000000e+04
-7.339409375000000000e+04
-7.718661718750000000e+04
-8.101985937500000000e+04
-1.802895937500000000e+05
-1.851033281250000000e+05
-1.899676718750000000e+05
-1.948715156250000000e+05
-1.998236562500000000e+05
-2.048199218750000000e+05
-2.098557500000000000e+05
-2.149444843750000000e+05
-2.200678750000000000e+05
-2.252425937500000000e+05
-3.570493750000000000e+05
-3.633551250000000000e+05
-3.697177500000000000e+05
-3.761282187500000000e+05
-3.825863750000000000e+05
-3.890976562500000000e+05
-3.956595312500000000e+05
-4.022705625000000000e+05
-4.089334375000000000e+05
-4.156458437500000000e+05
-5.847487500000000000e+05
-5.927599375000000000e+05
-6.008285625000000000e+05
-6.089480000000000000e+05
-6.171293125000000000e+05
-6.253666250000000000e+05
-6.336715625000000000e+05
-6.420222500000000000e+05
-6.504307500000000000e+05
-6.589078125000000000e+05
-8.702982500000000000e+05
-8.802315000000000000e+05
-8.902306875000000000e+05
-9.002943750000000000e+05
-9.104172500000000000e+05
-9.206105625000000000e+05
-9.308655000000000000e+05
-9.411829375000000000e+05
-9.515711875000000000e+05
-9.620146875000000000e+05
-1.220958000000000000e+06
-1.233045750000000000e+06
-1.245198000000000000e+06
-1.257434125000000000e+06
-1.269731500000000000e+06
-1.282113125000000000e+06
-1.294556375000000000e+06
-1.307081000000000000e+06
-1.319669750000000000e+06
-1.332337750000000000e+06
-1.644288750000000000e+06
-1.658781750000000000e+06
-1.673345375000000000e+06
-1.687991750000000000e+06
-1.702719875000000000e+06
-1.717517625000000000e+06
-1.732412375000000000e+06
-1.747370000000000000e+06
-1.762419750000000000e+06
-1.777537250000000000e+06
-2.148258750000000000e+06
-2.165391750000000000e+06
-2.182625000000000000e+06
-2.199937750000000000e+06
-2.217333750000000000e+06
-2.234828500000000000e+06
-2.252398250000000000e+06
-2.270062000000000000e+06
-2.287818500000000000e+06
-2.305653750000000000e+06
-2.741122000000000000e+06
-2.761179500000000000e+06
-2.781324250000000000e+06
-2.801567000000000000e+06
-2.821909500000000000e+06
-2.842348500000000000e+06
-2.862870750000000000e+06
-2.883492750000000000e+06
-2.904232250000000000e+06
-2.925028500000000000e+06
