1.096187591552734375e+00
3.109521865844726562e+00
2.672281026840209961e+00
9.715410470962524414e-01
1.249777793884277344e+00
4.105727195739746094e+00
2.614049434661865234e+00
4.827891588211059570e-01
1.363015532493591309e+00
7.487324476242065430e-01
4.656626582145690918e-01
2.479552507400512695e+00
4.515159606933593750e+00
4.297745227813720703e+00
3.368016004562377930e+00
4.939361572265625000e+00
6.098101615905761719e+00
1.950340032577514648e+00
8.370378613471984863e-01
6.865560412406921387e-01
1.468933224678039551e+00
1.998521447181701660e+00
2.083616256713867188e+00
1.077412605285644531e+00
1.468500018119812012e+00
9.166397452354431152e-01
3.192253828048706055e+00
1.424956440925598145e+00
2.815194129943847656e-01
8.223532438278198242e-01
-6.012945771217346191e-01
-2.945060431957244873e-01
-2.343807697296142578e+00
-4.029972553253173828e+00
6.649839282035827637e-01
5.223844051361083984e+00
4.902762889862060547e+00
6.460650563240051270e-01
-1.482361912727355957e+00
8.490548729896545410e-01
-4.716780483722686768e-01
-1.872149854898452759e-01
1.245394349098205566e+00
5.148273110389709473e-01
1.399759531021118164e+00
4.384456157684326172e+00
6.305666923522949219e+00
3.218531608581542969e+00
-1.512008547782897949e+00
2.130341827869415283e-01
4.445145726203918457e-01
-1.260564625263214111e-01
5.628287196159362793e-01
2.328999996185302734e+00
2.695007801055908203e+00
2.258202314376831055e+00
2.216789722442626953e+00
4.055691242218017578e+00
8.854562640190124512e-01
-2.545289695262908936e-01
3.550660312175750732e-01
-6.099098827689886093e-03
-1.043412208557128906e+00
-8.088256120681762695e-01
-9.834883809089660645e-01
-7.484915256500244141e-01
4.200405776500701904e-01
3.396446466445922852e+00
3.271832704544067383e+00
-8.165040053427219391e-03
-2.083312571048736572e-01
8.521836996078491211e-02
-5.161526799201965332e-01
-1.259913086891174316e+00
-2.165190219879150391e+00
-4.608163535594940186e-01
4.703178882598876953e+00
5.554318428039550781e+00
4.061008930206298828e+00
-3.694341182708740234e-01
6.791893839836120605e-01
1.454021453857421875e+00
1.338877677917480469e+00
1.095214366912841797e+00
1.094887852668762207e+00
4.958594217896461487e-02
3.509876251220703125e+00
5.864997386932373047e+00
4.885284423828125000e+00
-2.585394084453582764e-01
9.973258525133132935e-02
1.124055981636047363e+00
3.404020071029663086e+00
3.440386533737182617e+00
2.969248294830322266e+00
7.201960086822509766e-01
2.243542194366455078e+00
4.722660064697265625e+00
3.397887945175170898e+00
-7.720539569854736328e-01
