-1.915465750000000000e+06
-1.940778500000000000e+06
-1.966341250000000000e+06
-1.992156250000000000e+06
-2.018224625000000000e+06
-2.044548250000000000e+06
-2.071127750000000000e+06
-2.097966500000000000e+06
-2.125064750000000000e+06
-2.152425250000000000e+06
-2.180049000000000000e+06
-2.207938500000000000e+06
-2.236094500000000000e+06
-2.264518000000000000e+06
-2.857897250000000000e+06
-2.892057250000000000e+06
-2.926521750000000000e+06
-2.961294500000000000e+06
-2.996376000000000000e+06
-3.031768000000000000e+06
-3.067473000000000000e+06
-3.103492000000000000e+06
-3.139828500000000000e+06
-3.176482250000000000e+06
-3.213455750000000000e+06
-3.250752000000000000e+06
-3.288372750000000000e+06
-3.326317750000000000e+06
-4.111689500000000000e+06
-4.156548500000000000e+06
-4.201775000000000000e+06
-4.247370000000000000e+06
-4.293334000000000000e+06
-4.339671000000000000e+06
-4.386382000000000000e+06
-4.433469000000000000e+06
-4.480936000000000000e+06
-4.528780000000000000e+06
-4.577008000000000000e+06
-4.625620000000000000e+06
-4.674618000000000000e+06
-4.724004000000000000e+06
-5.738891500000000000e+06
-5.796482500000000000e+06
-5.854505000000000000e+06
-5.912962000000000000e+06
-5.971855500000000000e+06
-6.031189000000000000e+06
-6.090964000000000000e+06
-6.151182000000000000e+06
-6.211847000000000000e+06
-6.272958000000000000e+06
-6.334518000000000000e+06
-6.396531000000000000e+06
-6.458997500000000000e+06
-6.521922000000000000e+06
-7.807200000000000000e+06
-7.879726000000000000e+06
-7.952757000000000000e+06
-8.026295000000000000e+06
-8.100342000000000000e+06
-8.174900000000000000e+06
-8.249973000000000000e+06
-8.325561000000000000e+06
-8.401668000000000000e+06
-8.478296000000000000e+06
-8.555446000000000000e+06
-8.633120000000000000e+06
-8.711324000000000000e+06
-8.790057000000000000e+06
-1.038995000000000000e+07
-1.047979600000000000e+07
-1.057022500000000000e+07
-1.066123700000000000e+07
-1.075283600000000000e+07
-1.084502300000000000e+07
-1.093780400000000000e+07
-1.103117900000000000e+07
-1.112515100000000000e+07
-1.121972200000000000e+07
-1.131489200000000000e+07
-1.141067000000000000e+07
-1.150705300000000000e+07
-1.160404200000000000e+07
-1.356612900000000000e+07
-1.367585300000000000e+07
-1.378624300000000000e+07
-1.389730200000000000e+07
-1.400902600000000000e+07
-1.412142600000000000e+07
-1.423450100000000000e+07
-1.434825400000000000e+07
-1.446268800000000000e+07
-1.457780300000000000e+07
-1.469360500000000000e+07
-1.481009200000000000e+07
-1.492727500000000000e+07
-1.504515000000000000e+07
-1.742035600000000000e+07
-1.755269800000000000e+07
-1.768579000000000000e+07
-1.781964200000000000e+07
-1.795424400000000000e+07
-1.808961000000000000e+07
-1.822574400000000000e+07
-1.836264400000000000e+07
-1.850031400000000000e+07
-1.863875400000000000e+07
-1.877797400000000000e+07
-1.891797200000000000e+07
-1.905874400000000000e+07
-1.920030600000000000e+07
-2.204290800000000000e+07
-2.220077600000000000e+07
-2.235948800000000000e+07
-2.251905000000000000e+07
-2.267946600000000000e+07
-2.284073400000000000e+07
-2.300286400000000000e+07
-2.316585400000000000e+07
-2.332971200000000000e+07
-2.349443600000000000e+07
-2.366003000000000000e+07
-2.382649600000000000e+07
-2.399384000000000000e+07
-2.416206600000000000e+07
-2.752969600000000000e+07
-2.771618000000000000e+07
-2.790360200000000000e+07
-2.809197600000000000e+07
-2.828130600000000000e+07
-2.847158800000000000e+07
-2.866283400000000000e+07
-2.885503600000000000e+07
-2.904820600000000000e+07
-2.924234000000000000e+07
-2.943744800000000000e+07
-2.963353800000000000e+07
-2.983059600000000000e+07
-3.002864400000000000e+07
-3.398228000000000000e+07
-3.420064000000000000e+07
-3.442004000000000000e+07
-3.464051200000000000e+07
-3.486203600000000000e+07
-3.508461600000000000e+07
-3.530827200000000000e+07
-3.553298000000000000e+07
-3.575876800000000000e+07
-3.598561600000000000e+07
-3.621356000000000000e+07
-3.644258400000000000e+07
-3.667269200000000000e+07
-3.690388000000000000e+07
-4.150785600000000000e+07
-4.176153200000000000e+07
-4.201638000000000000e+07
-4.227238400000000000e+07
-4.252955200000000000e+07
-4.278790000000000000e+07
-4.304742400000000000e+07
-4.330811200000000000e+07
-4.357000000000000000e+07
-4.383306400000000000e+07
-4.409731600000000000e+07
-4.436277600000000000e+07
-4.462942400000000000e+07
-4.489728000000000000e+07
-5.021927200000000000e+07
-5.051189600000000000e+07
-5.080578800000000000e+07
-5.110096000000000000e+07
-5.139740800000000000e+07
-5.169516800000000000e+07
-5.199420400000000000e+07
-5.229453200000000000e+07
-5.259616800000000000e+07
-5.289909600000000000e+07
-5.320334000000000000e+07
-5.350890000000000000e+07
-5.381578000000000000e+07
-5.412396400000000000e+07
-6.023501200000000000e+07
-6.057036800000000000e+07
-6.090711200000000000e+07
-6.124526000000000000e+07
-6.158481600000000000e+07
-6.192577200000000000e+07
-6.226815200000000000e+07
-6.261194800000000000e+07
-6.295716800000000000e+07
-6.330381600000000000e+07
-6.365188000000000000e+07
-6.400139200000000000e+07
-6.435234000000000000e+07
-6.470474400000000000e+07
