-6.469709000000000000e+06
-6.539847500000000000e+06
-6.610558000000000000e+06
-6.681849000000000000e+06
-6.753725500000000000e+06
-6.826182500000000000e+06
-6.899228000000000000e+06
-6.972866000000000000e+06
-7.047095000000000000e+06
-7.121921500000000000e+06
-9.015470000000000000e+06
-9.105633000000000000e+06
-9.196472000000000000e+06
-9.288001000000000000e+06
-9.380217000000000000e+06
-9.473125000000000000e+06
-9.566725000000000000e+06
-9.661025000000000000e+06
-9.756026000000000000e+06
-9.851731000000000000e+06
-1.225585900000000000e+07
-1.236956900000000000e+07
-1.248407400000000000e+07
-1.259937600000000000e+07
-1.271548900000000000e+07
-1.283240700000000000e+07
-1.295013200000000000e+07
-1.306866600000000000e+07
-1.318803000000000000e+07
-1.330820700000000000e+07
-1.630812700000000000e+07
-1.644919500000000000e+07
-1.659118300000000000e+07
-1.673409800000000000e+07
-1.687794200000000000e+07
-1.702271400000000000e+07
-1.716842600000000000e+07
-1.731507200000000000e+07
-1.746266800000000000e+07
-1.761120200000000000e+07
-2.129873800000000000e+07
-2.147127400000000000e+07
-2.164485600000000000e+07
-2.181949800000000000e+07
-2.199520200000000000e+07
-2.217197200000000000e+07
-2.234981200000000000e+07
-2.252872000000000000e+07
-2.270871000000000000e+07
-2.288978000000000000e+07
-2.736340600000000000e+07
-2.757178200000000000e+07
-2.778135400000000000e+07
-2.799213600000000000e+07
-2.820411600000000000e+07
-2.841730800000000000e+07
-2.863170800000000000e+07
-2.884732000000000000e+07
-2.906415200000000000e+07
-2.928222200000000000e+07
-3.464700000000000000e+07
-3.489590800000000000e+07
-3.514616400000000000e+07
-3.539778000000000000e+07
-3.565074000000000000e+07
-3.590506000000000000e+07
-3.616073200000000000e+07
-3.641779200000000000e+07
-3.667622000000000000e+07
-3.693602000000000000e+07
-4.330366400000000000e+07
-4.359806400000000000e+07
-4.389398000000000000e+07
-4.419138400000000000e+07
-4.449034000000000000e+07
-4.479077200000000000e+07
-4.509275600000000000e+07
-4.539626000000000000e+07
-4.570132000000000000e+07
-4.600790000000000000e+07
-5.349673600000000000e+07
-5.384186800000000000e+07
-5.418870400000000000e+07
-5.453719200000000000e+07
-5.488738000000000000e+07
-5.523923600000000000e+07
-5.559280400000000000e+07
-5.594809600000000000e+07
-5.630507200000000000e+07
-5.666376000000000000e+07
-6.539873200000000000e+07
-6.580015600000000000e+07
-6.620345600000000000e+07
-6.660859200000000000e+07
-6.701559600000000000e+07
-6.742447200000000000e+07
-6.783520000000000000e+07
-6.824784000000000000e+07
-6.866234400000000000e+07
-6.907876800000000000e+07
