-1.279352569580078125e+02
-1.281516723632812500e+02
-1.283681030273437500e+02
-1.285845031738281250e+02
-1.288009185791015625e+02
-1.290173492431640625e+02
-1.292337646484375000e+02
-1.294501800537109375e+02
-1.296665954589843750e+02
-1.298830108642578125e+02
-1.300994415283203125e+02
-1.303158569335937500e+02
-1.305322570800781250e+02
-1.307486877441406250e+02
-1.309651031494140625e+02
-1.311815185546875000e+02
-1.313979492187500000e+02
-1.316143493652343750e+02
-1.318307647705078125e+02
-1.320471801757812500e+02
-1.322635955810546875e+02
-1.324800109863281250e+02
-1.326964416503906250e+02
-1.329128723144531250e+02
-1.331292724609375000e+02
-1.333457031250000000e+02
-1.335621032714843750e+02
-1.337785186767578125e+02
-1.348606109619140625e+02
-1.350770263671875000e+02
-1.352934417724609375e+02
-1.355098571777343750e+02
-1.357262725830078125e+02
-1.359426879882812500e+02
-1.361591033935546875e+02
-1.363755340576171875e+02
-1.365919494628906250e+02
-1.368083648681640625e+02
-1.370247955322265625e+02
-1.372411956787109375e+02
-1.374576110839843750e+02
-1.376740264892578125e+02
-1.378904418945312500e+02
-1.381068725585937500e+02
-1.383232727050781250e+02
-1.385396881103515625e+02
-1.387561187744140625e+02
-1.389725341796875000e+02
-1.391889495849609375e+02
-1.394053649902343750e+02
-1.396217803955078125e+02
-1.398382110595703125e+02
-1.400546264648437500e+02
-1.402710418701171875e+02
-1.404874572753906250e+02
-1.407038726806640625e+02
-1.417859497070312500e+02
-1.420023651123046875e+02
-1.422187957763671875e+02
-1.424352111816406250e+02
-1.426516113281250000e+02
-1.428680419921875000e+02
-1.430844573974609375e+02
-1.433008728027343750e+02
-1.435173034667968750e+02
-1.437337036132812500e+02
-1.439501342773437500e+02
-1.441665496826171875e+02
-1.443829803466796875e+02
-1.445993804931640625e+02
-1.448157958984375000e+02
-1.450322113037109375e+02
-1.452486267089843750e+02
-1.454650573730468750e+02
-1.456814575195312500e+02
-1.458978881835937500e+02
-1.461142883300781250e+02
-1.463307037353515625e+02
-1.465471343994140625e+02
-1.467635498046875000e+02
-1.469799804687500000e+02
-1.471963806152343750e+02
-1.474127960205078125e+02
-1.476292114257812500e+02
-1.487113037109375000e+02
-1.489277191162109375e+02
-1.491441345214843750e+02
-1.493605499267578125e+02
-1.495769653320312500e+02
-1.497933807373046875e+02
-1.500098114013671875e+02
-1.502262268066406250e+02
-1.504426422119140625e+02
-1.506590576171875000e+02
-1.508754730224609375e+02
-1.510918884277343750e+02
-1.513083038330078125e+02
-1.515247192382812500e+02
-1.517411346435546875e+02
-1.519575653076171875e+02
-1.521739807128906250e+02
-1.523903961181640625e+02
-1.526068115234375000e+02
-1.528232269287109375e+02
-1.530396423339843750e+02
-1.532560577392578125e+02
-1.534724731445312500e+02
-1.536888885498046875e+02
-1.539053192138671875e+02
-1.541217346191406250e+02
-1.543381500244140625e+02
-1.545545654296875000e+02
-1.556366577148437500e+02
-1.558530731201171875e+02
-1.560694732666015625e+02
-1.562858886718750000e+02
-1.565023193359375000e+02
-1.567187347412109375e+02
-1.569351654052734375e+02
-1.571515808105468750e+02
-1.573679809570312500e+02
-1.575843963623046875e+02
-1.578008117675781250e+02
-1.580172424316406250e+02
-1.582336578369140625e+02
-1.584500732421875000e+02
-1.586664886474609375e+02
-1.588829040527343750e+02
-1.590993347167968750e+02
-1.593157501220703125e+02
-1.595321655273437500e+02
-1.597485656738281250e+02
-1.599649963378906250e+02
-1.601814117431640625e+02
-1.603978271484375000e+02
-1.606142425537109375e+02
-1.608306579589843750e+02
-1.610470733642578125e+02
-1.612634887695312500e+02
-1.614799041748046875e+02
-1.625620117187500000e+02
-1.627783966064453125e+02
-1.629948272705078125e+02
-1.632112426757812500e+02
-1.634276580810546875e+02
-1.636440734863281250e+02
-1.638604888916015625e+02
-1.640769195556640625e+02
-1.642933349609375000e+02
-1.645097503662109375e+02
-1.647261657714843750e+02
-1.649425811767578125e+02
-1.651589965820312500e+02
-1.653754119873046875e+02
-1.655918273925781250e+02
-1.658082580566406250e+02
-1.660246887207031250e+02
-1.662411041259765625e+02
-1.664575195312500000e+02
-1.666739044189453125e+02
-1.668903503417968750e+02
-1.671067504882812500e+02
-1.673231811523437500e+02
-1.675395965576171875e+02
-1.677560119628906250e+02
-1.679724273681640625e+02
-1.681888427734375000e+02
-1.684052581787109375e+02
-1.694873504638671875e+02
-1.697037506103515625e+02
-1.699201965332031250e+02
-1.701365966796875000e+02
-1.703530120849609375e+02
-1.705694274902343750e+02
-1.707858428955078125e+02
-1.710022583007812500e+02
-1.712186737060546875e+02
-1.714350891113281250e+02
-1.716515045166015625e+02
-1.718679199218750000e+02
-1.720843353271484375e+02
-1.723007507324218750e+02
-1.725171813964843750e+02
-1.727335968017578125e+02
-1.729500274658203125e+02
-1.731664428710937500e+02
-1.733828582763671875e+02
-1.735992736816406250e+02
-1.738156890869140625e+02
-1.740321044921875000e+02
-1.742485351562500000e+02
-1.744649353027343750e+02
-1.746813507080078125e+02
-1.748977661132812500e+02
-1.751141815185546875e+02
-1.753305969238281250e+02
-1.764126892089843750e+02
-1.766291198730468750e+02
-1.768455352783203125e+02
-1.770619354248046875e+02
-1.772783660888671875e+02
-1.774947662353515625e+02
-1.777111968994140625e+02
-1.779276123046875000e+02
-1.781440124511718750e+02
-1.783604431152343750e+02
-1.785768585205078125e+02
-1.787932739257812500e+02
-1.790096893310546875e+02
-1.792261199951171875e+02
-1.794425201416015625e+02
-1.796589508056640625e+02
-1.798753662109375000e+02
-1.800917816162109375e+02
-1.803082122802734375e+02
-1.805246124267578125e+02
-1.807410278320312500e+02
-1.809574584960937500e+02
-1.811738739013671875e+02
-1.813902740478515625e+02
-1.816067047119140625e+02
-1.818231048583984375e+02
-1.820395355224609375e+02
-1.822559509277343750e+02
-1.833380432128906250e+02
-1.835544586181640625e+02
-1.837708740234375000e+02
-1.839872894287109375e+02
-1.842037048339843750e+02
-1.844201202392578125e+02
-1.846365356445312500e+02
-1.848529510498046875e+02
-1.850693664550781250e+02
-1.852857818603515625e+02
-1.855021972656250000e+02
-1.857186126708984375e+02
-1.859350280761718750e+02
-1.861514434814453125e+02
-1.863678741455078125e+02
-1.865842895507812500e+02
-1.868007049560546875e+02
-1.870171356201171875e+02
-1.872335510253906250e+02
-1.874499664306640625e+02
-1.876663818359375000e+02
-1.878827972412109375e+02
-1.880992126464843750e+02
-1.883156280517578125e+02
-1.885320434570312500e+02
-1.887484588623046875e+02
-1.889648742675781250e+02
-1.891812896728515625e+02
-1.902633972167968750e+02
-1.904798126220703125e+02
-1.906962280273437500e+02
-1.909126281738281250e+02
-1.911290435791015625e+02
-1.913454742431640625e+02
-1.915618896484375000e+02
-1.917783050537109375e+02
-1.919947204589843750e+02
-1.922111206054687500e+02
-1.924275512695312500e+02
-1.926439666748046875e+02
-1.928603820800781250e+02
-1.930768127441406250e+02
-1.932932128906250000e+02
-1.935096435546875000e+02
-1.937260589599609375e+02
-1.939424743652343750e+02
-1.941589050292968750e+02
-1.943753051757812500e+02
-1.945917205810546875e+02
-1.948081359863281250e+02
-1.950245666503906250e+02
-1.952409667968750000e+02
-1.954573974609375000e+02
-1.956737976074218750e+02
-1.958902282714843750e+02
-1.961066436767578125e+02
-1.971887359619140625e+02
-1.974051513671875000e+02
-1.976215515136718750e+02
-1.978379821777343750e+02
-1.980544128417968750e+02
-1.982708129882812500e+02
-1.984872283935546875e+02
-1.987036437988281250e+02
-1.989200744628906250e+02
-1.991364746093750000e+02
-1.993528900146484375e+02
-1.995692901611328125e+02
-1.997857208251953125e+02
-2.000021362304687500e+02
-2.002185668945312500e+02
-2.004349822998046875e+02
-2.006513977050781250e+02
-2.008678131103515625e+02
-2.010842437744140625e+02
-2.013006591796875000e+02
-2.015170593261718750e+02
-2.017334899902343750e+02
-2.019499206542968750e+02
-2.021663208007812500e+02
-2.023827514648437500e+02
-2.025991516113281250e+02
-2.028155517578125000e+02
-2.030319824218750000e+02
-2.041140899658203125e+02
-2.043305053710937500e+02
-2.045469207763671875e+02
-2.047633209228515625e+02
-2.049797363281250000e+02
-2.051961517333984375e+02
-2.054125671386718750e+02
-2.056289978027343750e+02
-2.058453979492187500e+02
-2.060618286132812500e+02
-2.062782440185546875e+02
-2.064946594238281250e+02
-2.067110748291015625e+02
-2.069275054931640625e+02
-2.071439056396484375e+02
-2.073603363037109375e+02
-2.075767517089843750e+02
-2.077931823730468750e+02
-2.080095977783203125e+02
-2.082259979248046875e+02
-2.084424285888671875e+02
-2.086588287353515625e+02
-2.088752593994140625e+02
-2.090916748046875000e+02
-2.093080902099609375e+02
-2.095245056152343750e+02
-2.097409057617187500e+02
-2.099573516845703125e+02
-2.110394287109375000e+02
-2.112558441162109375e+02
-2.114722442626953125e+02
-2.116886749267578125e+02
-2.119050903320312500e+02
-2.121215057373046875e+02
-2.123379364013671875e+02
-2.125543365478515625e+02
-2.127707519531250000e+02
-2.129871673583984375e+02
-2.132035827636718750e+02
-2.134199981689453125e+02
-2.136364135742187500e+02
-2.138528442382812500e+02
-2.140692596435546875e+02
-2.142856750488281250e+02
-2.145020904541015625e+02
-2.147185211181640625e+02
-2.149349365234375000e+02
-2.151513366699218750e+02
-2.153677673339843750e+02
-2.155841827392578125e+02
-2.158005828857421875e+02
-2.160170135498046875e+02
-2.162334136962890625e+02
-2.164498291015625000e+02
-2.166662597656250000e+02
-2.168826599121093750e+02
-2.179647827148437500e+02
-2.181811981201171875e+02
-2.183976135253906250e+02
-2.186140289306640625e+02
-2.188304443359375000e+02
-2.190468597412109375e+02
-2.192632904052734375e+02
-2.194796905517578125e+02
-2.196961059570312500e+02
-2.199125213623046875e+02
-2.201289367675781250e+02
-2.203453674316406250e+02
-2.205617675781250000e+02
-2.207781982421875000e+02
-2.209946136474609375e+02
-2.212110290527343750e+02
-2.214274444580078125e+02
-2.216438751220703125e+02
-2.218602905273437500e+02
-2.220766906738281250e+02
-2.222931060791015625e+02
-2.225095367431640625e+02
-2.227259368896484375e+02
-2.229423370361328125e+02
-2.231587829589843750e+02
-2.233751831054687500e+02
-2.235916137695312500e+02
-2.238080139160156250e+02
-2.248901214599609375e+02
-2.251065368652343750e+02
-2.253229522705078125e+02
-2.255393676757812500e+02
-2.257557983398437500e+02
-2.259721984863281250e+02
-2.261886138916015625e+02
-2.264050598144531250e+02
-2.266214447021484375e+02
-2.268378753662109375e+02
-2.270542755126953125e+02
-2.272706909179687500e+02
-2.274871215820312500e+02
-2.277035217285156250e+02
-2.279199523925781250e+02
-2.281363677978515625e+02
-2.283527832031250000e+02
-2.285692138671875000e+02
-2.287856292724609375e+02
-2.290020294189453125e+02
-2.292184600830078125e+02
-2.294348602294921875e+02
-2.296512908935546875e+02
-2.298677062988281250e+02
-2.300841064453125000e+02
-2.303005218505859375e+02
-2.305169525146484375e+02
-2.307333679199218750e+02
-2.318154602050781250e+02
-2.320318756103515625e+02
-2.322483062744140625e+02
-2.324647216796875000e+02
-2.326811218261718750e+02
-2.328975524902343750e+02
-2.331139831542968750e+02
-2.333303985595703125e+02
-2.335467987060546875e+02
-2.337632141113281250e+02
-2.339796295166015625e+02
-2.341960449218750000e+02
-2.344124755859375000e+02
-2.346288757324218750e+02
-2.348452911376953125e+02
-2.350617218017578125e+02
-2.352781219482421875e+02
-2.354945678710937500e+02
-2.357109680175781250e+02
-2.359273834228515625e+02
-2.361438140869140625e+02
-2.363602142333984375e+02
-2.365766448974609375e+02
-2.367930755615234375e+02
-2.370094757080078125e+02
-2.372258911132812500e+02
-2.374422912597656250e+02
-2.376587219238281250e+02
-2.387408142089843750e+02
-2.389572296142578125e+02
-2.391736450195312500e+02
-2.393900604248046875e+02
-2.396064910888671875e+02
-2.398228912353515625e+02
-2.400393066406250000e+02
-2.402557220458984375e+02
-2.404721527099609375e+02
-2.406885528564453125e+02
-2.409049682617187500e+02
-2.411213989257812500e+02
-2.413377990722656250e+02
-2.415542297363281250e+02
-2.417706451416015625e+02
-2.419870605468750000e+02
-2.422034912109375000e+02
-2.424198913574218750e+02
-2.426363220214843750e+02
-2.428527221679687500e+02
-2.430691375732421875e+02
-2.432855682373046875e+02
-2.435019683837890625e+02
-2.437183990478515625e+02
-2.439348144531250000e+02
-2.441512145996093750e+02
-2.443676452636718750e+02
-2.445840606689453125e+02
-2.456661529541015625e+02
-2.458825836181640625e+02
-2.460989990234375000e+02
-2.463154144287109375e+02
-2.465318298339843750e+02
-2.467482299804687500e+02
-2.469646759033203125e+02
-2.471810760498046875e+02
-2.473974914550781250e+02
-2.476139221191406250e+02
-2.478303222656250000e+02
-2.480467376708984375e+02
-2.482631683349609375e+02
-2.484795837402343750e+02
-2.486959838867187500e+02
-2.489124145507812500e+02
-2.491288299560546875e+02
-2.493452453613281250e+02
-2.495616760253906250e+02
-2.497780914306640625e+02
-2.499944915771484375e+02
-2.502109375000000000e+02
-2.504273376464843750e+02
-2.506437377929687500e+02
-2.508601531982421875e+02
-2.510765838623046875e+02
-2.512929992675781250e+02
-2.515093994140625000e+02
-2.525915069580078125e+02
-2.528079071044921875e+02
-2.530243530273437500e+02
-2.532407531738281250e+02
-2.534571685791015625e+02
-2.536735992431640625e+02
-2.538899993896484375e+02
-2.541064147949218750e+02
-2.543228302001953125e+02
-2.545392456054687500e+02
-2.547556610107421875e+02
-2.549720764160156250e+02
-2.551885070800781250e+02
-2.554049072265625000e+02
-2.556213531494140625e+02
-2.558377532958984375e+02
-2.560541687011718750e+02
-2.562705688476562500e+02
-2.564869995117187500e+02
-2.567033996582031250e+02
-2.569198303222656250e+02
-2.571362609863281250e+02
-2.573526611328125000e+02
-2.575690917968750000e+02
-2.577854919433593750e+02
-2.580019226074218750e+02
-2.582183227539062500e+02
-2.584347839355468750e+02
-2.595168457031250000e+02
-2.597332763671875000e+02
-2.599497070312500000e+02
-2.601661071777343750e+02
-2.603825073242187500e+02
-2.605989074707031250e+02
-2.608153381347656250e+02
-2.610317687988281250e+02
-2.612481994628906250e+02
-2.614645996093750000e+02
-2.616810302734375000e+02
-2.618974304199218750e+02
-2.621138610839843750e+02
-2.623302917480468750e+02
-2.625466918945312500e+02
-2.627630920410156250e+02
-2.629795227050781250e+02
-2.631959533691406250e+02
-2.634123535156250000e+02
-2.636287841796875000e+02
-2.638451843261718750e+02
-2.640615844726562500e+02
-2.642780456542968750e+02
-2.644944458007812500e+02
-2.647108459472656250e+02
-2.649272766113281250e+02
-2.651437072753906250e+02
-2.653601074218750000e+02
-2.664421997070312500e+02
-2.666586303710937500e+02
-2.668750305175781250e+02
-2.670914611816406250e+02
-2.673078613281250000e+02
-2.675242614746093750e+02
-2.677406921386718750e+02
-2.679571228027343750e+02
-2.681735229492187500e+02
-2.683899536132812500e+02
-2.686063537597656250e+02
-2.688227844238281250e+02
-2.690392150878906250e+02
-2.692556152343750000e+02
-2.694720153808593750e+02
-2.696884460449218750e+02
-2.699048767089843750e+02
-2.701212768554687500e+02
-2.703376770019531250e+02
-2.705541076660156250e+02
-2.707705078125000000e+02
-2.709869384765625000e+02
-2.712033691406250000e+02
-2.714197692871093750e+02
-2.716361999511718750e+02
-2.718526306152343750e+02
-2.720690307617187500e+02
-2.722854309082031250e+02
-2.733675231933593750e+02
-2.735839538574218750e+02
-2.738003845214843750e+02
-2.740168151855468750e+02
-2.742332153320312500e+02
-2.744496154785156250e+02
-2.746660461425781250e+02
-2.748824462890625000e+02
-2.750988769531250000e+02
-2.753153076171875000e+02
-2.755317077636718750e+02
-2.757481384277343750e+02
-2.759645690917968750e+02
-2.761809692382812500e+02
-2.763973999023437500e+02
-2.766138000488281250e+02
-2.768302001953125000e+02
-2.770466308593750000e+02
-2.772630310058593750e+02
-2.774794616699218750e+02
-2.776958923339843750e+02
-2.779122924804687500e+02
-2.781287231445312500e+02
-2.783451232910156250e+02
-2.785615539550781250e+02
-2.787779846191406250e+02
-2.789943847656250000e+02
-2.792108154296875000e+02
-2.802928771972656250e+02
-2.805093078613281250e+02
-2.807257385253906250e+02
-2.809421386718750000e+02
-2.811585693359375000e+02
-2.813749694824218750e+02
-2.815914001464843750e+02
-2.818078002929687500e+02
-2.820242309570312500e+02
-2.822406311035156250e+02
-2.824570617675781250e+02
-2.826734619140625000e+02
-2.828898925781250000e+02
-2.831063232421875000e+02
-2.833227233886718750e+02
-2.835391235351562500e+02
-2.837555541992187500e+02
-2.839719848632812500e+02
-2.841883850097656250e+02
-2.844047851562500000e+02
-2.846212158203125000e+02
-2.848376159667968750e+02
-2.850540466308593750e+02
-2.852704772949218750e+02
-2.854869079589843750e+02
-2.857033081054687500e+02
-2.859197387695312500e+02
-2.861361694335937500e+02
-2.872182617187500000e+02
-2.874346618652343750e+02
-2.876510620117187500e+02
-2.878674926757812500e+02
-2.880839233398437500e+02
-2.883003234863281250e+02
-2.885167541503906250e+02
-2.887331542968750000e+02
-2.889495849609375000e+02
-2.891659851074218750e+02
-2.893824157714843750e+02
-2.895988159179687500e+02
-2.898152465820312500e+02
-2.900316772460937500e+02
-2.902480773925781250e+02
-2.904644775390625000e+02
-2.906809082031250000e+02
-2.908973083496093750e+02
-2.911137390136718750e+02
-2.913301391601562500e+02
-2.915465393066406250e+02
-2.917630004882812500e+02
-2.919794006347656250e+02
-2.921958312988281250e+02
-2.924122314453125000e+02
-2.926286621093750000e+02
-2.928450927734375000e+02
-2.930614929199218750e+02
-2.941435852050781250e+02
-2.943599853515625000e+02
-2.945764160156250000e+02
-2.947928466796875000e+02
-2.950092468261718750e+02
-2.952256774902343750e+02
-2.954420776367187500e+02
-2.956585083007812500e+02
-2.958749084472656250e+02
-2.960913391113281250e+02
-2.963077392578125000e+02
-2.965241699218750000e+02
-2.967405700683593750e+02
-2.969570007324218750e+02
-2.971734008789062500e+02
-2.973898315429687500e+02
-2.976062316894531250e+02
-2.978226623535156250e+02
-2.980390625000000000e+02
-2.982554931640625000e+02
-2.984718933105468750e+02
-2.986883239746093750e+02
-2.989047546386718750e+02
-2.991211547851562500e+02
-2.993375854492187500e+02
-2.995540161132812500e+02
-2.997704162597656250e+02
-2.999868469238281250e+02
-3.010689392089843750e+02
-3.012853698730468750e+02
-3.015018005371093750e+02
-3.017182006835937500e+02
-3.019346008300781250e+02
-3.021510314941406250e+02
-3.023674316406250000e+02
-3.025838623046875000e+02
-3.028002624511718750e+02
-3.030166625976562500e+02
-3.032331237792968750e+02
-3.034495239257812500e+02
-3.036659545898437500e+02
-3.038823547363281250e+02
-3.040987548828125000e+02
-3.043151855468750000e+02
-3.045316162109375000e+02
-3.047480163574218750e+02
-3.049644165039062500e+02
-3.051808166503906250e+02
-3.053972473144531250e+02
-3.056136779785156250e+02
-3.058300781250000000e+02
-3.060465087890625000e+02
-3.062629394531250000e+02
-3.064793701171875000e+02
-3.066957702636718750e+02
-3.069122009277343750e+02
-3.079942626953125000e+02
-3.082106933593750000e+02
-3.084270935058593750e+02
-3.086435241699218750e+02
-3.088599548339843750e+02
-3.090763549804687500e+02
-3.092927856445312500e+02
-3.095091857910156250e+02
-3.097256164550781250e+02
-3.099420166015625000e+02
-3.101584167480468750e+02
-3.103748474121093750e+02
-3.105912475585937500e+02
-3.108077087402343750e+02
-3.110241088867187500e+02
-3.112405090332031250e+02
-3.114569396972656250e+02
-3.116733703613281250e+02
-3.118897705078125000e+02
-3.121062011718750000e+02
-3.123226013183593750e+02
-3.125390014648437500e+02
-3.127554321289062500e+02
-3.129718627929687500e+02
-3.131882934570312500e+02
-3.134046936035156250e+02
-3.136211242675781250e+02
-3.138375549316406250e+02
-3.149196166992187500e+02
-3.151360473632812500e+02
-3.153524780273437500e+02
-3.155688781738281250e+02
-3.157853088378906250e+02
-3.160017089843750000e+02
-3.162181396484375000e+02
-3.164345397949218750e+02
-3.166509704589843750e+02
-3.168673706054687500e+02
-3.170837707519531250e+02
-3.173002319335937500e+02
-3.175166320800781250e+02
-3.177330322265625000e+02
-3.179494628906250000e+02
-3.181658630371093750e+02
-3.183822937011718750e+02
-3.185986938476562500e+02
-3.188151245117187500e+02
-3.190315246582031250e+02
-3.192479248046875000e+02
-3.194643859863281250e+02
-3.196807861328125000e+02
-3.198972167968750000e+02
-3.201136169433593750e+02
-3.203300476074218750e+02
-3.205464782714843750e+02
-3.207629089355468750e+02
