-1.360921936035156250e+02
-1.510812072753906250e+02
-1.643616943359375000e+02
-1.082056503295898438e+02
-9.058397674560546875e+01
-6.612648773193359375e+01
-1.004644622802734375e+02
-1.464649047851562500e+02
-1.137482147216796875e+02
-1.597219848632812500e+02
-8.377471923828125000e+01
-7.818354034423828125e+01
-1.370047302246093750e+02
-6.997678375244140625e+01
-1.048512039184570312e+02
-1.347370605468750000e+02
-1.392468719482421875e+02
-1.651136016845703125e+02
-1.137415466308593750e+02
-1.094335098266601562e+02
-1.107229232788085938e+02
-6.597241973876953125e+01
-1.005871276855468750e+02
-1.669997100830078125e+02
-1.369212341308593750e+02
-1.269784088134765625e+02
-1.198274917602539062e+02
-7.840948486328125000e+01
-1.596394500732421875e+02
-1.331988677978515625e+02
-1.412315979003906250e+02
-1.273641586303710938e+02
-1.076997070312500000e+02
-9.275746917724609375e+01
-1.012987594604492188e+02
-1.090385360717773438e+02
-1.024142913818359375e+02
-6.776629638671875000e+01
-1.089540786743164062e+02
-1.359022674560546875e+02
-1.281038208007812500e+02
-1.217425994873046875e+02
-1.068972091674804688e+02
-1.060968551635742188e+02
-1.144568328857421875e+02
-1.429518585205078125e+02
-2.250226135253906250e+02
-1.151645812988281250e+02
-1.258598327636718750e+02
-7.120149230957031250e+01
-6.350837326049804688e+01
-1.438137664794921875e+02
-1.458243408203125000e+02
-1.367684173583984375e+02
-1.412541046142578125e+02
-1.301664733886718750e+02
-1.365549011230468750e+02
-1.247640533447265625e+02
-1.556921844482421875e+02
-1.467542114257812500e+02
-5.858766555786132812e+01
-1.015795364379882812e+02
-1.442160797119140625e+02
-1.404862823486328125e+02
-1.550300750732421875e+02
-1.376224365234375000e+02
-1.126412506103515625e+02
-7.929090118408203125e+01
-1.482472534179687500e+02
-1.132649307250976562e+02
-1.401286315917968750e+02
-1.297556762695312500e+02
-1.132101364135742188e+02
-1.158988647460937500e+02
-1.386985168457031250e+02
-1.675254211425781250e+02
-8.844444274902343750e+01
-1.195132141113281250e+02
-1.544824371337890625e+02
-7.187947082519531250e+01
-7.768331146240234375e+01
-1.529295501708984375e+02
-1.430799407958984375e+02
-1.149180984497070312e+02
-1.035833358764648438e+02
-1.483385009765625000e+02
-9.107832336425781250e+01
-1.530871276855468750e+02
-1.060820693969726562e+02
-9.162783050537109375e+01
-1.206054534912109375e+02
-1.433951263427734375e+02
-1.232370758056640625e+02
-1.079857406616210938e+02
-1.267136993408203125e+02
-1.168341751098632812e+02
-9.538105773925781250e+01
-1.267817306518554688e+02
-1.551778717041015625e+02
-9.692145538330078125e+01
-1.374273681640625000e+02
-1.360863037109375000e+02
-1.110693664550781250e+02
-1.514539489746093750e+02
-1.623783264160156250e+02
-9.257187652587890625e+01
-1.730631408691406250e+02
-1.101288070678710938e+02
-7.482536315917968750e+01
-2.043474578857421875e+02
-1.376565399169921875e+02
-1.602543792724609375e+02
-1.332785949707031250e+02
-1.626327514648437500e+02
-1.386759033203125000e+02
-1.326537628173828125e+02
-7.903898620605468750e+01
-1.069386825561523438e+02
-1.015822143554687500e+02
-1.399137420654296875e+02
-1.956655426025390625e+02
-1.487902679443359375e+02
-1.154625854492187500e+02
-9.781227874755859375e+01
-1.358075866699218750e+02
-1.481970672607421875e+02
-1.355675659179687500e+02
-9.226038360595703125e+01
-1.336708068847656250e+02
-2.012631225585937500e+02
-1.091444091796875000e+02
-1.197478561401367188e+02
-1.582405700683593750e+02
-1.168925323486328125e+02
-1.100505905151367188e+02
-9.268725585937500000e+01
-1.213468322753906250e+02
-1.594957885742187500e+02
-1.783609771728515625e+02
-1.553855895996093750e+02
-1.316858367919921875e+02
-1.537307281494140625e+02
-1.185406112670898438e+02
-1.054727783203125000e+02
-1.129825897216796875e+02
-1.186469573974609375e+02
-5.509517288208007812e+01
-1.071679306030273438e+02
-1.390298919677734375e+02
-1.192384948730468750e+02
-1.899463500976562500e+02
-1.499696197509765625e+02
-9.377276611328125000e+01
-1.180942153930664062e+02
-1.162509307861328125e+02
-1.517006683349609375e+02
-1.448150329589843750e+02
-1.574285736083984375e+02
-1.331217498779296875e+02
-1.361236724853515625e+02
-1.527156066894531250e+02
-1.091803894042968750e+02
-1.306959075927734375e+02
-4.448118972778320312e+01
-1.199685745239257812e+02
-1.460002899169921875e+02
-1.233249282836914062e+02
-1.356006469726562500e+02
-1.608443756103515625e+02
-1.736380615234375000e+02
-1.111401596069335938e+02
-1.283283233642578125e+02
-7.662684631347656250e+01
-1.157433700561523438e+02
-1.002930908203125000e+02
-1.032802505493164062e+02
-1.412244110107421875e+02
-1.454936065673828125e+02
-1.454611663818359375e+02
-1.414066009521484375e+02
-1.278014373779296875e+02
-8.179549407958984375e+01
-6.055992126464843750e+01
-1.300566406250000000e+02
-1.758938903808593750e+02
-7.486081695556640625e+01
-1.219577636718750000e+02
-1.269250259399414062e+02
-1.502394866943359375e+02
-1.123362655639648438e+02
-1.073442840576171875e+02
-9.687639617919921875e+01
-1.066317214965820312e+02
-1.134659347534179688e+02
-1.240421371459960938e+02
-1.417834777832031250e+02
-1.215778656005859375e+02
-9.660983276367187500e+01
-1.563977508544921875e+02
-8.632820129394531250e+01
-8.024623870849609375e+01
-5.227903747558593750e+01
-9.157048034667968750e+01
-1.229203643798828125e+02
-1.005758590698242188e+02
-1.494317779541015625e+02
-1.921280670166015625e+02
-1.824792022705078125e+02
-1.314094085693359375e+02
-1.109108581542968750e+02
-5.662538909912109375e+01
-1.053870697021484375e+02
-1.121766357421875000e+02
-6.724856567382812500e+01
-1.380686492919921875e+02
-1.463740081787109375e+02
-1.044391021728515625e+02
-1.489566497802734375e+02
-1.518760223388671875e+02
-6.398780822753906250e+01
-8.204199981689453125e+01
-6.929035949707031250e+01
-1.085198745727539062e+02
-1.288835449218750000e+02
-1.118819580078125000e+02
-1.222918624877929688e+02
-1.558923034667968750e+02
-1.132658538818359375e+02
-6.555212402343750000e+01
-8.298571777343750000e+01
-1.132376403808593750e+02
-1.532972412109375000e+02
-1.178141326904296875e+02
-1.331434783935546875e+02
-2.068305664062500000e+02
-1.468186645507812500e+02
-1.330182952880859375e+02
-1.104806442260742188e+02
-1.002403717041015625e+02
-1.573730468750000000e+02
-1.301954956054687500e+02
-9.112899017333984375e+01
-1.293653106689453125e+02
-1.610671997070312500e+02
-1.396407928466796875e+02
-1.126303405761718750e+02
-1.471746673583984375e+02
-1.082522583007812500e+02
-1.118726577758789062e+02
-9.020664978027343750e+01
-9.832008361816406250e+01
-9.583220672607421875e+01
-1.143754959106445312e+02
-1.186462860107421875e+02
-1.288364257812500000e+02
-1.354392242431640625e+02
-1.359541473388671875e+02
-7.235753631591796875e+01
-3.406692504882812500e+01
-1.385857238769531250e+02
-1.327218322753906250e+02
-1.545344085693359375e+02
-2.085323638916015625e+02
-1.311247100830078125e+02
-9.289740753173828125e+01
-6.419887542724609375e+01
-1.123564300537109375e+02
-1.288373413085937500e+02
-5.248472595214843750e+01
-1.344011688232421875e+02
-1.217353057861328125e+02
-1.070658721923828125e+02
-1.669823913574218750e+02
-1.284319915771484375e+02
-1.384515991210937500e+02
-1.194526672363281250e+02
-8.929423522949218750e+01
-9.162268066406250000e+01
-8.848470306396484375e+01
-1.317003173828125000e+02
-9.638317108154296875e+01
-1.013860549926757812e+02
-1.344097442626953125e+02
-9.589555358886718750e+01
-1.111566238403320312e+02
-1.231289367675781250e+02
-8.136258697509765625e+01
-1.464164733886718750e+02
-9.811248016357421875e+01
-1.435939025878906250e+02
-1.794464569091796875e+02
-1.598471374511718750e+02
-1.406133880615234375e+02
-9.425252532958984375e+01
-1.073685760498046875e+02
-1.210739746093750000e+02
-1.112990188598632812e+02
-1.048148498535156250e+02
-1.344577941894531250e+02
-8.374683380126953125e+01
-1.420359344482421875e+02
-1.419270324707031250e+02
-1.464498138427734375e+02
-1.728946228027343750e+02
-8.510717773437500000e+01
-6.451885223388671875e+01
-1.403869934082031250e+02
-1.062773361206054688e+02
-1.543075714111328125e+02
-1.489532775878906250e+02
-1.090876007080078125e+02
-6.467980194091796875e+01
-1.134361038208007812e+02
-1.306301879882812500e+02
-1.207698898315429688e+02
-1.093227233886718750e+02
-1.446665954589843750e+02
-1.632787170410156250e+02
-7.197351074218750000e+01
-8.894918060302734375e+01
-1.568068695068359375e+02
-7.550095367431640625e+01
-9.626191711425781250e+01
-1.295552520751953125e+02
-1.234352645874023438e+02
-1.686392364501953125e+02
-1.198361434936523438e+02
-1.079223022460937500e+02
-1.254235610961914062e+02
-1.542644805908203125e+02
-1.410700073242187500e+02
-1.124371337890625000e+02
-1.151483230590820312e+02
-1.039913787841796875e+02
-8.923858642578125000e+01
-6.469757843017578125e+01
-1.698619232177734375e+02
-1.679373931884765625e+02
-1.573453369140625000e+02
-6.657544708251953125e+01
-9.984461212158203125e+01
-9.590411376953125000e+01
-8.750165557861328125e+01
-1.529817199707031250e+02
-1.302525634765625000e+02
-1.585897979736328125e+02
-1.233536148071289062e+02
-5.385556030273437500e+01
-1.163478012084960938e+02
-1.226283035278320312e+02
-1.144844131469726562e+02
-4.939509582519531250e+01
-1.271936111450195312e+02
-1.265856933593750000e+02
-1.702944335937500000e+02
-1.163756179809570312e+02
-1.090520935058593750e+02
-1.499081115722656250e+02
-1.234595718383789062e+02
-1.479670562744140625e+02
-9.078810882568359375e+01
-6.683883666992187500e+01
-1.526623840332031250e+02
-9.730741882324218750e+01
-1.867055816650390625e+02
-1.109324340820312500e+02
-8.704791259765625000e+01
-8.439241027832031250e+01
-7.870381164550781250e+01
-8.575145721435546875e+01
-1.417169342041015625e+02
-1.804770507812500000e+02
-1.289223022460937500e+02
-1.387253723144531250e+02
-8.182577514648437500e+01
-1.048955993652343750e+02
-1.386698760986328125e+02
-1.124671249389648438e+02
-1.121601486206054688e+02
-1.105026550292968750e+02
-1.351835021972656250e+02
-1.456374969482421875e+02
-1.224459838867187500e+02
-1.485440216064453125e+02
-1.232386398315429688e+02
-1.574830322265625000e+02
-1.587601623535156250e+02
-8.251492309570312500e+01
-8.323358917236328125e+01
-1.015709152221679688e+02
-1.433301086425781250e+02
-1.532488708496093750e+02
-1.736620178222656250e+02
-1.608485260009765625e+02
-7.205020904541015625e+01
-6.078538513183593750e+01
-1.179130783081054688e+02
-1.461283264160156250e+02
-1.433134307861328125e+02
-1.320553894042968750e+02
-1.481847991943359375e+02
-1.402171630859375000e+02
-1.027550888061523438e+02
-1.329526062011718750e+02
-1.578842773437500000e+02
-1.125255432128906250e+02
-1.321655120849609375e+02
-8.799485015869140625e+01
-8.167759704589843750e+01
-9.434037780761718750e+01
-1.120851440429687500e+02
-1.476883392333984375e+02
-1.117482833862304688e+02
-1.523253936767578125e+02
-1.787142486572265625e+02
-9.851713562011718750e+01
-1.118022842407226562e+02
-1.044531860351562500e+02
-8.210336303710937500e+01
-1.077364425659179688e+02
-1.375567016601562500e+02
-9.463720703125000000e+01
-9.766175079345703125e+01
-1.466844787597656250e+02
-1.566723480224609375e+02
-1.013142013549804688e+02
-1.211163711547851562e+02
-1.586908721923828125e+02
-7.714762878417968750e+01
-1.355480651855468750e+02
-1.004788665771484375e+02
-1.425087432861328125e+02
-1.561046447753906250e+02
-2.004382934570312500e+02
-1.478530426025390625e+02
-1.063878555297851562e+02
-1.374653778076171875e+02
-1.032952728271484375e+02
-1.042945327758789062e+02
-9.371378326416015625e+01
-1.155281143188476562e+02
-1.392293395996093750e+02
-1.169195709228515625e+02
-1.814223022460937500e+02
-1.006218872070312500e+02
-8.903387451171875000e+01
-1.499532165527343750e+02
-1.318964385986328125e+02
-1.851020507812500000e+02
-9.024815368652343750e+01
-7.808638000488281250e+01
-1.009250106811523438e+02
-1.502758636474609375e+02
-1.683921356201171875e+02
-1.359728240966796875e+02
-1.711702270507812500e+02
-1.796634368896484375e+02
-8.855635070800781250e+01
-1.085279769897460938e+02
-1.211600646972656250e+02
-1.524589691162109375e+02
-1.502114105224609375e+02
-1.742220153808593750e+02
-1.076940689086914062e+02
-1.304519653320312500e+02
-1.604398193359375000e+02
-1.305703277587890625e+02
-8.520989227294921875e+01
-4.630000305175781250e+01
-7.462694549560546875e+01
-1.710880279541015625e+02
-1.568540039062500000e+02
-1.325008239746093750e+02
-1.074722137451171875e+02
-1.030982971191406250e+02
-1.409878387451171875e+02
-1.651418151855468750e+02
-1.581404571533203125e+02
-1.183792953491210938e+02
-1.126211624145507812e+02
-1.555244140625000000e+02
-1.434175109863281250e+02
-1.123630371093750000e+02
-1.546603546142578125e+02
-8.781914520263671875e+01
-1.217879333496093750e+02
-1.448459777832031250e+02
-1.520576629638671875e+02
-1.160167388916015625e+02
-1.562057037353515625e+02
-1.379472045898437500e+02
-9.087385559082031250e+01
-1.295828247070312500e+02
-9.848656463623046875e+01
-1.445475158691406250e+02
-9.712158203125000000e+01
-7.395944976806640625e+01
-1.342114105224609375e+02
-8.800473785400390625e+01
-1.596246185302734375e+02
-1.061213226318359375e+02
-1.243998336791992188e+02
-1.238939895629882812e+02
-8.736093139648437500e+01
-1.039512557983398438e+02
-1.761292266845703125e+02
-1.519112701416015625e+02
-1.088821258544921875e+02
-1.276696319580078125e+02
-1.449799194335937500e+02
-1.233252792358398438e+02
-1.226931152343750000e+02
-1.559117736816406250e+02
-1.204667739868164062e+02
-1.023610534667968750e+02
-9.592848968505859375e+01
-1.008140106201171875e+02
-1.598970184326171875e+02
-1.496466217041015625e+02
-1.117643508911132812e+02
-1.348465576171875000e+02
-9.927694702148437500e+01
-8.836982727050781250e+01
-1.170697555541992188e+02
-7.788793182373046875e+01
-8.417639160156250000e+01
-1.530138244628906250e+02
-1.526546630859375000e+02
-1.232055053710937500e+02
-1.075026397705078125e+02
-1.134459228515625000e+02
-1.217696228027343750e+02
-1.116601791381835938e+02
-1.552338256835937500e+02
-1.778761291503906250e+02
-1.486551971435546875e+02
-7.277115631103515625e+01
-6.357753753662109375e+01
-1.384953765869140625e+02
-1.167537612915039062e+02
-9.431139373779296875e+01
-1.069052352905273438e+02
-9.882655334472656250e+01
-9.424276733398437500e+01
-1.163501281738281250e+02
-1.349346923828125000e+02
-1.157734375000000000e+02
-1.248964614868164062e+02
-9.901586914062500000e+01
-1.364770812988281250e+02
-9.707321166992187500e+01
-8.879125213623046875e+01
-1.283040924072265625e+02
-5.818436431884765625e+01
-1.150519561767578125e+02
-1.415835113525390625e+02
-1.095200042724609375e+02
-1.606001129150390625e+02
-1.552318420410156250e+02
-1.320448760986328125e+02
-1.086622390747070312e+02
-1.063077545166015625e+02
-1.225806961059570312e+02
-1.471495513916015625e+02
-1.289414215087890625e+02
-7.427722930908203125e+01
-9.593017578125000000e+01
-1.251707534790039062e+02
-1.264253845214843750e+02
-1.010484237670898438e+02
-8.826660919189453125e+01
-9.018979644775390625e+01
-1.196446380615234375e+02
-1.216708602905273438e+02
-1.219530029296875000e+02
-1.123543701171875000e+02
-1.352182006835937500e+02
-1.494441375732421875e+02
-1.060704345703125000e+02
-1.042362365722656250e+02
-1.097915420532226562e+02
-1.265193862915039062e+02
-9.333992004394531250e+01
-1.388106994628906250e+02
-1.614486236572265625e+02
-1.569726257324218750e+02
-1.639210205078125000e+02
-1.429709625244140625e+02
-1.180012054443359375e+02
-9.848165130615234375e+01
-1.086310119628906250e+02
-1.227260360717773438e+02
-9.049993133544921875e+01
-1.262206649780273438e+02
-9.159331512451171875e+01
-2.772496414184570312e+01
-1.500253906250000000e+02
-1.665610046386718750e+02
-1.374478302001953125e+02
-7.585159301757812500e+01
-1.324255676269531250e+02
-1.601911315917968750e+02
-1.206829223632812500e+02
-1.295897979736328125e+02
-9.081398010253906250e+01
-1.283603668212890625e+02
-1.458170318603515625e+02
-1.132439575195312500e+02
-8.975167846679687500e+01
-9.203077697753906250e+01
-6.875635528564453125e+01
-6.424420166015625000e+01
-1.365198059082031250e+02
-1.504445037841796875e+02
-1.646336059570312500e+02
-1.757298126220703125e+02
-1.292706604003906250e+02
-1.427836761474609375e+02
-1.434724884033203125e+02
-1.632566223144531250e+02
-1.144114608764648438e+02
-1.062132339477539062e+02
-1.035762252807617188e+02
-5.222780609130859375e+01
-1.338955993652343750e+02
-1.283263549804687500e+02
-9.699217224121093750e+01
-1.656118469238281250e+02
-1.353022308349609375e+02
-1.513852691650390625e+02
-9.481101226806640625e+01
-1.054321212768554688e+02
-1.235136413574218750e+02
-1.055112838745117188e+02
-1.483217926025390625e+02
-1.670823669433593750e+02
-9.020083618164062500e+01
-8.971949005126953125e+01
-5.092883682250976562e+01
-9.879425811767578125e+01
-1.171989517211914062e+02
-1.791914672851562500e+02
-1.627414703369140625e+02
-1.143578262329101562e+02
-9.204338073730468750e+01
-1.115222167968750000e+02
-1.859443969726562500e+02
-1.178401870727539062e+02
-8.495739746093750000e+01
-1.508020629882812500e+02
-1.110048522949218750e+02
-1.348860473632812500e+02
-1.603842468261718750e+02
-1.045821685791015625e+02
-1.800882568359375000e+02
-1.778870239257812500e+02
-1.467310333251953125e+02
-1.612642059326171875e+02
-5.069688796997070312e+01
-8.291329193115234375e+01
-1.761170501708984375e+02
-1.334420928955078125e+02
-1.213012771606445312e+02
-1.249369659423828125e+02
-1.200203170776367188e+02
-1.072184524536132812e+02
-8.472630310058593750e+01
-1.279548339843750000e+02
-1.612182159423828125e+02
-1.253082962036132812e+02
-1.522211914062500000e+02
-1.512741546630859375e+02
-1.032402038574218750e+02
-1.726002807617187500e+02
-1.160967636108398438e+02
-1.311633148193359375e+02
-1.080166625976562500e+02
-5.431925964355468750e+01
-1.103004684448242188e+02
-1.265671310424804688e+02
-1.451386871337890625e+02
-1.636338500976562500e+02
-1.024641647338867188e+02
-2.052545013427734375e+02
-1.665800476074218750e+02
-1.310792083740234375e+02
-1.146887664794921875e+02
-8.933484649658203125e+01
-1.125414199829101562e+02
-1.177041168212890625e+02
-9.243981170654296875e+01
-9.225616455078125000e+01
-1.483154296875000000e+02
-8.054221343994140625e+01
-2.814253807067871094e+01
-1.145206222534179688e+02
-1.315348358154296875e+02
-1.615523071289062500e+02
-1.203258438110351562e+02
-1.446639404296875000e+02
-1.183996200561523438e+02
-1.094860534667968750e+02
-1.815868377685546875e+02
-1.274145889282226562e+02
-1.182639465332031250e+02
-1.162882537841796875e+02
-1.085715637207031250e+02
-1.490678253173828125e+02
-1.277274627685546875e+02
-1.280496978759765625e+02
-1.254426040649414062e+02
-1.733567504882812500e+02
-1.629388427734375000e+02
-1.104558563232421875e+02
-5.566160964965820312e+01
-6.318371963500976562e+01
-1.137050704956054688e+02
-9.453684234619140625e+01
-1.870444030761718750e+02
-1.251000442504882812e+02
-1.315584869384765625e+02
-1.270280609130859375e+02
-7.928462219238281250e+01
-1.321515502929687500e+02
-1.296405639648437500e+02
-1.730725402832031250e+02
-1.780092773437500000e+02
-1.125526962280273438e+02
-1.493902435302734375e+02
-1.744623565673828125e+02
-1.236177902221679688e+02
-1.287469787597656250e+02
-7.406482696533203125e+01
-9.188482666015625000e+01
-1.037674255371093750e+02
-1.810100097656250000e+02
-1.679359893798828125e+02
-1.270441818237304688e+02
-1.442895355224609375e+02
-2.001560058593750000e+02
-1.014002685546875000e+02
-9.237309265136718750e+01
-1.064551315307617188e+02
-1.168841629028320312e+02
-1.315461273193359375e+02
-1.251534423828125000e+02
-1.339571075439453125e+02
-1.334480438232421875e+02
-1.296594543457031250e+02
-1.034251632690429688e+02
-7.807183837890625000e+01
-9.607836914062500000e+01
-1.520648651123046875e+02
-1.693216094970703125e+02
-1.455475311279296875e+02
-1.676642303466796875e+02
-1.418896026611328125e+02
-1.359959716796875000e+02
-1.170320358276367188e+02
-1.457731933593750000e+02
-1.166585311889648438e+02
-7.944329071044921875e+01
-1.448998565673828125e+02
-1.630752563476562500e+02
-1.220329818725585938e+02
-1.336842193603515625e+02
-1.424275512695312500e+02
-1.487845611572265625e+02
-1.335823364257812500e+02
-4.815616226196289062e+01
-8.175949096679687500e+01
-1.356268005371093750e+02
-1.451130828857421875e+02
-1.437325439453125000e+02
-1.469147644042968750e+02
-1.228920211791992188e+02
-1.099407043457031250e+02
-9.859445953369140625e+01
-8.246990966796875000e+01
-9.619897460937500000e+01
-8.688184356689453125e+01
-1.828994750976562500e+02
-1.564341125488281250e+02
-8.473203277587890625e+01
