7.479404807090759277e-01
7.438267469406127930e-01
7.397129535675048828e-01
7.355986237525939941e-01
7.314848899841308594e-01
7.273709774017333984e-01
7.232570052146911621e-01
7.191430330276489258e-01
7.150288224220275879e-01
7.109148502349853516e-01
6.162939667701721191e-01
6.121799945831298828e-01
6.080661416053771973e-01
6.039522290229797363e-01
5.998381972312927246e-01
5.957242250442504883e-01
5.916104316711425781e-01
5.874963998794555664e-01
5.833824872970581055e-01
5.792686939239501953e-01
4.846475422382354736e-01
4.805336296558380127e-01
4.764196872711181641e-01
4.723056256771087646e-01
4.681914448738098145e-01
4.640775918960571289e-01
4.599638581275939941e-01
4.558499455451965332e-01
4.517360925674438477e-01
4.476219713687896729e-01
3.530009984970092773e-01
3.488870859146118164e-01
3.447733819484710693e-01
3.406591713428497314e-01
3.365451395511627197e-01
3.324310183525085449e-01
3.283174335956573486e-01
3.242034018039703369e-01
3.200895190238952637e-01
3.159754574298858643e-01
2.213544696569442749e-01
2.172405719757080078e-01
2.131267338991165161e-01
2.090125232934951782e-01
2.048986256122589111e-01
2.007848024368286133e-01
1.966709345579147339e-01
1.925569176673889160e-01
1.884429603815078735e-01
1.843288093805313110e-01
8.970794081687927246e-02
8.559425175189971924e-02
8.148030191659927368e-02
7.736607640981674194e-02
7.325226813554763794e-02
6.913855671882629395e-02
6.502439081668853760e-02
6.091032177209854126e-02
5.679633468389511108e-02
5.268251523375511169e-02
-4.193831607699394226e-02
-4.605242237448692322e-02
-5.016655102372169495e-02
-5.428028479218482971e-02
-5.839423835277557373e-02
-6.250809878110885620e-02
-6.662201136350631714e-02
-7.073611766099929810e-02
-7.485008984804153442e-02
-7.896395772695541382e-02
-1.735845953226089478e-01
-1.776989847421646118e-01
-1.818131208419799805e-01
-1.859267652034759521e-01
-1.900408864021301270e-01
-1.941545754671096802e-01
-1.982688009738922119e-01
-2.023826241493225098e-01
-2.064967453479766846e-01
-2.106106579303741455e-01
-3.052312433719635010e-01
-3.093455731868743896e-01
-3.134594559669494629e-01
-3.175736367702484131e-01
-3.216874301433563232e-01
-3.258013129234313965e-01
-3.299151957035064697e-01
-3.340293169021606445e-01
-3.381434977054595947e-01
-3.422569632530212402e-01
-4.368783533573150635e-01
-4.409919083118438721e-01
-4.451059997081756592e-01
-4.492202103137969971e-01
-4.533337652683258057e-01
-4.574479460716247559e-01
-4.615619480609893799e-01
-4.656754434108734131e-01
-4.697894752025604248e-01
-4.739035665988922119e-01
