-1.628317385911941528e-01
-1.630204021930694580e-01
-1.632090508937835693e-01
-1.633977293968200684e-01
-1.635864078998565674e-01
-1.637750715017318726e-01
-1.639637351036071777e-01
-1.641524136066436768e-01
-1.643410772085189819e-01
-1.645297408103942871e-01
-1.647184044122695923e-01
-1.649070978164672852e-01
-1.650957614183425903e-01
-1.652844101190567017e-01
-1.654730886220932007e-01
-1.656617671251296997e-01
-1.658504158258438110e-01
-1.660390943288803101e-01
-1.662277728319168091e-01
-1.664164364337921143e-01
-1.666051149368286133e-01
-1.667937785387039185e-01
-1.669824421405792236e-01
-1.671711206436157227e-01
-1.673597544431686401e-01
-1.675484478473663330e-01
-1.677371114492416382e-01
-1.679257750511169434e-01
-1.688691377639770508e-01
-1.690577715635299683e-01
-1.692464649677276611e-01
-1.694351136684417725e-01
-1.696238070726394653e-01
-1.698124855756759644e-01
-1.700011342763900757e-01
-1.701897978782653809e-01
-1.703784763813018799e-01
-1.705671101808547974e-01
-1.707557886838912964e-01
-1.709444671869277954e-01
-1.711331605911254883e-01
-1.713217943906784058e-01
-1.715104877948760986e-01
-1.716991364955902100e-01
-1.718878149986267090e-01
-1.720764786005020142e-01
-1.722651720046997070e-01
-1.724538356065750122e-01
-1.726424843072891235e-01
-1.728311628103256226e-01
-1.730198562145233154e-01
-1.732084900140762329e-01
-1.733971387147903442e-01
-1.735858321189880371e-01
-1.737744957208633423e-01
-1.739631444215774536e-01
-1.749065220355987549e-01
-1.750951707363128662e-01
-1.752838343381881714e-01
-1.754725277423858643e-01
-1.756611615419387817e-01
-1.758498549461364746e-01
-1.760385185480117798e-01
-1.762272119522094727e-01
-1.764158755540847778e-01
-1.766045093536376953e-01
-1.767932027578353882e-01
-1.769818514585494995e-01
-1.771705448627471924e-01
-1.773592233657836914e-01
-1.775478869676589966e-01
-1.777365207672119141e-01
-1.779252141714096069e-01
-1.781138777732849121e-01
-1.783025413751602173e-01
-1.784912049770355225e-01
-1.786798983812332153e-01
-1.788685470819473267e-01
-1.790572404861450195e-01
-1.792459040880203247e-01
-1.794345527887344360e-01
-1.796232610940933228e-01
-1.798118799924850464e-01
-1.800005584955215454e-01
-1.809439063072204590e-01
-1.811325848102569580e-01
-1.813212782144546509e-01
-1.815099418163299561e-01
-1.816985607147216797e-01
-1.818872094154357910e-01
-1.820759028196334839e-01
-1.822645664215087891e-01
-1.824532747268676758e-01
-1.826419681310653687e-01
-1.828306168317794800e-01
-1.830192506313323975e-01
-1.832079291343688965e-01
-1.833965778350830078e-01
-1.835852712392807007e-01
-1.837739497423171997e-01
-1.839626431465148926e-01
-1.841512471437454224e-01
-1.843399405479431152e-01
-1.845285892486572266e-01
-1.847172826528549194e-01
-1.849059611558914185e-01
-1.850946247577667236e-01
-1.852832883596420288e-01
-1.854719668626785278e-01
-1.856606304645538330e-01
-1.858492940664291382e-01
-1.860379874706268311e-01
-1.869812905788421631e-01
-1.871699392795562744e-01
-1.873586475849151611e-01
-1.875473409891128540e-01
-1.877359896898269653e-01
-1.879245936870574951e-01
-1.881133019924163818e-01
-1.883019804954528809e-01
-1.884906440973281860e-01
-1.886792927980422974e-01
-1.888680309057235718e-01
-1.890566796064376831e-01
-1.892453432083129883e-01
-1.894340068101882935e-01
-1.896226406097412109e-01
-1.898113340139389038e-01
-1.900000274181365967e-01
-1.901886761188507080e-01
-1.903773546218872070e-01
-1.905660033226013184e-01
-1.907546371221542358e-01
-1.909433305263519287e-01
-1.911319792270660400e-01
-1.913206875324249268e-01
-1.915093511343002319e-01
-1.916980296373367310e-01
-1.918866783380508423e-01
-1.920753717422485352e-01
-1.930187046527862549e-01
-1.932073682546615601e-01
-1.933960616588592529e-01
-1.935847401618957520e-01
-1.937733143568038940e-01
-1.939620077610015869e-01
-1.941507160663604736e-01
-1.943393796682357788e-01
-1.945280283689498901e-01
-1.947167217731475830e-01
-1.949054151773452759e-01
-1.950940340757369995e-01
-1.952827423810958862e-01
-1.954714506864547729e-01
-1.956600695848464966e-01
-1.958487629890441895e-01
-1.960374116897583008e-01
-1.962260603904724121e-01
-1.964147090911865234e-01
-1.966034471988677979e-01
-1.967920809984207153e-01
-1.969806998968124390e-01
-1.971693783998489380e-01
-1.973581165075302124e-01
-1.975467205047607422e-01
-1.977354139089584351e-01
-1.979240626096725464e-01
-1.981127560138702393e-01
-1.990560889244079590e-01
-1.992447823286056519e-01
-1.994334608316421509e-01
-1.996220797300338745e-01
-1.998107880353927612e-01
-1.999994665384292603e-01
-2.001881003379821777e-01
-2.003767490386962891e-01
-2.005653828382492065e-01
-2.007540762424468994e-01
-2.009427845478057861e-01
-2.011314034461975098e-01
-2.013201266527175903e-01
-2.015087306499481201e-01
-2.016974240541458130e-01
-2.018861323595046997e-01
-2.020747661590576172e-01
-2.022634893655776978e-01
-2.024521827697753906e-01
-2.026408165693283081e-01
-2.028294950723648071e-01
-2.030181437730789185e-01
-2.032068073749542236e-01
-2.033954858779907227e-01
-2.035841196775436401e-01
-2.037728130817413330e-01
-2.039614468812942505e-01
-2.041501402854919434e-01
-2.050934880971908569e-01
-2.052821666002273560e-01
-2.054708749055862427e-01
-2.056594938039779663e-01
-2.058481723070144653e-01
-2.060368359088897705e-01
-2.062254399061203003e-01
-2.064141631126403809e-01
-2.066028118133544922e-01
-2.067914605140686035e-01
-2.069801241159439087e-01
-2.071688026189804077e-01
-2.073574960231781006e-01
-2.075461596250534058e-01
-2.077348828315734863e-01
-2.079234868288040161e-01
-2.081122249364852905e-01
-2.083009034395217896e-01
-2.084895223379135132e-01
-2.086782157421112061e-01
-2.088669091463088989e-01
-2.090555578470230103e-01
-2.092441916465759277e-01
-2.094328254461288452e-01
-2.096215635538101196e-01
-2.098101973533630371e-01
-2.099987715482711792e-01
-2.101875245571136475e-01
-2.111309170722961426e-01
-2.113196104764938354e-01
-2.115082293748855591e-01
-2.116968929767608643e-01
-2.118855863809585571e-01
-2.120742201805114746e-01
-2.122629135847091675e-01
-2.124515175819396973e-01
-2.126402407884597778e-01
-2.128288894891738892e-01
-2.130175530910491943e-01
-2.132063060998916626e-01
-2.133949100971221924e-01
-2.135835886001586914e-01
-2.137722820043563843e-01
-2.139609307050704956e-01
-2.141495048999786377e-01
-2.143382728099822998e-01
-2.145268917083740234e-01
-2.147155404090881348e-01
-2.149042785167694092e-01
-2.150929421186447144e-01
-2.152816355228424072e-01
-2.154702842235565186e-01
-2.156589478254318237e-01
-2.158475667238235474e-01
-2.160362899303436279e-01
-2.162249833345413208e-01
-2.171682417392730713e-01
-2.173569500446319580e-01
-2.175456285476684570e-01
-2.177342474460601807e-01
-2.179230302572250366e-01
-2.181116044521331787e-01
-2.183003425598144531e-01
-2.184889316558837891e-01
-2.186776101589202881e-01
-2.188663035631179810e-01
-2.190549522638320923e-01
-2.192436307668685913e-01
-2.194322496652603149e-01
-2.196209132671356201e-01
-2.198096960783004761e-01
-2.199983298778533936e-01
-2.201869934797286987e-01
-2.203756570816040039e-01
-2.205643355846405029e-01
-2.207529395818710327e-01
-2.209416180849075317e-01
-2.211303561925888062e-01
-2.213190197944641113e-01
-2.215076386928558350e-01
-2.216963917016983032e-01
-2.218849360942840576e-01
-2.220736891031265259e-01
-2.222622781991958618e-01
-2.232056409120559692e-01
-2.233943194150924683e-01
-2.235830277204513550e-01
-2.237716615200042725e-01
-2.239603251218795776e-01
-2.241490036249160767e-01
-2.243376821279525757e-01
-2.245263308286666870e-01
-2.247150689363479614e-01
-2.249037474393844604e-01
-2.250923514366149902e-01
-2.252810746431350708e-01
-2.254697084426879883e-01
-2.256584018468856812e-01
-2.258470207452774048e-01
-2.260356843471527100e-01
-2.262243777513504028e-01
-2.264129817485809326e-01
-2.266016453504562378e-01
-2.267904132604598999e-01
-2.269790023565292358e-01
-2.271676957607269287e-01
-2.273564487695693970e-01
-2.275450676679611206e-01
-2.277337163686752319e-01
-2.279223501682281494e-01
-2.281110137701034546e-01
-2.282997965812683105e-01
-2.292429953813552856e-01
-2.294316440820693970e-01
-2.296203970909118652e-01
-2.298091053962707520e-01
-2.299977242946624756e-01
-2.301863729953765869e-01
-2.303751111030578613e-01
-2.305637896060943604e-01
-2.307524532079696655e-01
-2.309410870075225830e-01
-2.311297506093978882e-01
-2.313184589147567749e-01
-2.315070033073425293e-01
-2.316957116127014160e-01
-2.318844050168991089e-01
-2.320731133222579956e-01
-2.322618067264556885e-01
-2.324504852294921875e-01
-2.326390743255615234e-01
-2.328277826309204102e-01
-2.330164909362792969e-01
-2.332051098346710205e-01
-2.333937585353851318e-01
-2.335823774337768555e-01
-2.337710708379745483e-01
-2.339598387479782104e-01
-2.341484576463699341e-01
-2.343371212482452393e-01
-2.352804541587829590e-01
-2.354691475629806519e-01
-2.356577664613723755e-01
-2.358463853597640991e-01
-2.360351085662841797e-01
-2.362237572669982910e-01
-2.364124357700347900e-01
-2.366011142730712891e-01
-2.367898374795913696e-01
-2.369784861803054810e-01
-2.371671050786972046e-01
-2.373558431863784790e-01
-2.375445216894149780e-01
-2.377331703901290894e-01
-2.379218339920043945e-01
-2.381104826927185059e-01
-2.382991164922714233e-01
-2.384878247976303101e-01
-2.386765331029891968e-01
-2.388651221990585327e-01
-2.390538454055786133e-01
-2.392425090074539185e-01
-2.394312173128128052e-01
-2.396198213100433350e-01
-2.398084700107574463e-01
-2.399971634149551392e-01
-2.401858717203140259e-01
-2.403745353221893311e-01
-2.413178235292434692e-01
-2.415065318346023560e-01
-2.416952699422836304e-01
-2.418838888406753540e-01
-2.420725077390670776e-01
-2.422612011432647705e-01
-2.424498498439788818e-01
-2.426385879516601562e-01
-2.428271323442459106e-01
-2.430158108472824097e-01
-2.432044595479965210e-01
-2.433931827545166016e-01
-2.435818314552307129e-01
-2.437704950571060181e-01
-2.439591437578201294e-01
-2.441478520631790161e-01
-2.443365454673767090e-01
-2.445252537727355957e-01
-2.447139322757720947e-01
-2.449025809764862061e-01
-2.450912594795227051e-01
-2.452798634767532349e-01
-2.454686164855957031e-01
-2.456572055816650391e-01
-2.458459138870239258e-01
-2.460346519947052002e-01
-2.462232112884521484e-01
-2.464119791984558105e-01
-2.473552972078323364e-01
-2.475438863039016724e-01
-2.477325648069381714e-01
-2.479212880134582520e-01
-2.481099069118499756e-01
-2.482986003160476685e-01
-2.484872043132781982e-01
-2.486758977174758911e-01
-2.488645017147064209e-01
-2.490532249212265015e-01
-2.492419630289077759e-01
-2.494306117296218872e-01
-2.496193200349807739e-01
-2.498079538345336914e-01
-2.499966323375701904e-01
-2.501853108406066895e-01
-2.503738999366760254e-01
-2.505626082420349121e-01
-2.507512271404266357e-01
-2.509400248527526855e-01
-2.511285543441772461e-01
-2.513171434402465820e-01
-2.515058815479278564e-01
-2.516945302486419678e-01
-2.518832087516784668e-01
-2.520719468593597412e-01
-2.522606253623962402e-01
-2.524493634700775146e-01
-2.533926665782928467e-01
-2.535812258720397949e-01
-2.537699639797210693e-01
-2.539586722850799561e-01
-2.541472017765045166e-01
-2.543359696865081787e-01
-2.545247673988342285e-01
-2.547132670879364014e-01
-2.549020946025848389e-01
-2.550907135009765625e-01
-2.552793025970458984e-01
-2.554680407047271729e-01
-2.556567192077636719e-01
-2.558453977108001709e-01
-2.560339272022247314e-01
-2.562226653099060059e-01
-2.564112544059753418e-01
-2.565999925136566162e-01
-2.567887008190155029e-01
-2.569773495197296143e-01
-2.571659386157989502e-01
-2.573547363281250000e-01
-2.575433850288391113e-01
-2.577320039272308350e-01
-2.579206526279449463e-01
-2.581094205379486084e-01
-2.582980394363403320e-01
-2.584866881370544434e-01
-2.594301402568817139e-01
-2.596186101436614990e-01
-2.598074674606323242e-01
-2.599959671497344971e-01
-2.601847350597381592e-01
-2.603733241558074951e-01
-2.605620026588439941e-01
-2.607507705688476562e-01
-2.609394192695617676e-01
-2.611281275749206543e-01
-2.613167762756347656e-01
-2.615053653717041016e-01
-2.616941034793853760e-01
-2.618827819824218750e-01
-2.620713710784912109e-01
-2.622600495815277100e-01
-2.624486684799194336e-01
-2.626374661922454834e-01
-2.628261446952819824e-01
-2.630147337913513184e-01
-2.632035315036773682e-01
-2.633920907974243164e-01
-2.635807693004608154e-01
-2.637694776058197021e-01
-2.639581263065338135e-01
-2.641467154026031494e-01
-2.643354237079620361e-01
-2.645239531993865967e-01
-2.654675245285034180e-01
-2.656561732292175293e-01
-2.658447325229644775e-01
-2.660334110260009766e-01
-2.662220597267150879e-01
-2.664107382297515869e-01
-2.665993869304656982e-01
-2.667880654335021973e-01
-2.669766247272491455e-01
-2.671654820442199707e-01
-2.673539817333221436e-01
-2.675428688526153564e-01
-2.677314281463623047e-01
-2.679201960563659668e-01
-2.681088447570800781e-01
-2.682975530624389648e-01
-2.684862017631530762e-01
-2.686747312545776367e-01
-2.688634991645812988e-01
-2.690520882606506348e-01
-2.692409157752990723e-01
-2.694294154644012451e-01
-2.696181237697601318e-01
-2.698067426681518555e-01
-2.699955403804779053e-01
-2.701840996742248535e-01
-2.703727781772613525e-01
-2.705613970756530762e-01
-2.715049088001251221e-01
-2.716935575008392334e-01
-2.718821465969085693e-01
-2.720708549022674561e-01
-2.722595632076263428e-01
-2.724481523036956787e-01
-2.726369202136993408e-01
-2.728255689144134521e-01
-2.730142176151275635e-01
-2.732028365135192871e-01
-2.733915448188781738e-01
-2.735801637172698975e-01
-2.737688720226287842e-01
-2.739574909210205078e-01
-2.741462290287017822e-01
-2.743349671363830566e-01
-2.745235860347747803e-01
-2.747122049331665039e-01
-2.749009430408477783e-01
-2.750895321369171143e-01
-2.752781510353088379e-01
-2.754668295383453369e-01
-2.756554782390594482e-01
-2.758441865444183350e-01
-2.760328948497772217e-01
-2.762215435504913330e-01
-2.764101922512054443e-01
-2.765989303588867188e-01
-2.775422632694244385e-01
-2.777308225631713867e-01
-2.779196202754974365e-01
-2.781082391738891602e-01
-2.782968282699584961e-01
-2.784855961799621582e-01
-2.786742448806762695e-01
-2.788628339767456055e-01
-2.790515422821044922e-01
-2.792401909828186035e-01
-2.794288992881774902e-01
-2.796174287796020508e-01
-2.798061966896057129e-01
-2.799948453903198242e-01
-2.801834940910339355e-01
-2.803721427917480469e-01
-2.805609107017517090e-01
-2.807495594024658203e-01
-2.809383273124694824e-01
-2.811268866062164307e-01
-2.813156545162200928e-01
-2.815043032169342041e-01
-2.816929221153259277e-01
-2.818816006183624268e-01
-2.820701599121093750e-01
-2.822590172290802002e-01
-2.824475765228271484e-01
-2.826362550258636475e-01
-2.835796177387237549e-01
-2.837682068347930908e-01
-2.839569747447967529e-01
-2.841456234455108643e-01
-2.843342423439025879e-01
-2.845230400562286377e-01
-2.847116589546203613e-01
-2.849003672599792480e-01
-2.850890159606933594e-01
-2.852776646614074707e-01
-2.854663431644439697e-01
-2.856551110744476318e-01
-2.858436703681945801e-01
-2.860323488712310791e-01
-2.862211167812347412e-01
-2.864096760749816895e-01
-2.865982949733734131e-01
-2.867870032787322998e-01
-2.869756817817687988e-01
-2.871642112731933594e-01
-2.873530387878417969e-01
-2.875417172908782959e-01
-2.877303361892700195e-01
-2.879189848899841309e-01
-2.881077229976654053e-01
-2.882962822914123535e-01
-2.884850203990936279e-01
-2.886736094951629639e-01
-2.896170318126678467e-01
-2.898057997226715088e-01
-2.899942696094512939e-01
-2.901830077171325684e-01
-2.903717160224914551e-01
-2.905603945255279541e-01
-2.907490432262420654e-01
-2.909376323223114014e-01
-2.911263704299926758e-01
-2.913149893283843994e-01
-2.915034890174865723e-01
-2.916923165321350098e-01
-2.918809056282043457e-01
-2.920696437358856201e-01
-2.922584414482116699e-01
-2.924470007419586182e-01
-2.926356196403503418e-01
-2.928243875503540039e-01
-2.930130660533905029e-01
-2.932016849517822266e-01
-2.933903932571411133e-01
-2.935790121555328369e-01
-2.937676012516021729e-01
-2.939563691616058350e-01
-2.941449880599975586e-01
-2.943336963653564453e-01
-2.945224642753601074e-01
-2.947110235691070557e-01
-2.956544756889343262e-01
-2.958432435989379883e-01
-2.960316836833953857e-01
-2.962203025817871094e-01
-2.964091002941131592e-01
-2.965977489948272705e-01
-2.967863976955413818e-01
-2.969750761985778809e-01
-2.971637547016143799e-01
-2.973523139953613281e-01
-2.975412309169769287e-01
-2.977298498153686523e-01
-2.979184687137603760e-01
-2.981071770191192627e-01
-2.982958257198333740e-01
-2.984844446182250977e-01
-2.986732125282287598e-01
-2.988618910312652588e-01
-2.990505695343017578e-01
-2.992391884326934814e-01
-2.994278073310852051e-01
-2.996164560317993164e-01
-2.998050451278686523e-01
-2.999938428401947021e-01
-3.001823723316192627e-01
-3.003711700439453125e-01
-3.005596399307250977e-01
-3.007484078407287598e-01
-3.016916811466217041e-01
-3.018805682659149170e-01
-3.020691573619842529e-01
-3.022576570510864258e-01
-3.024464845657348633e-01
-3.026351928710937500e-01
-3.028239309787750244e-01
-3.030124604701995850e-01
-3.032011687755584717e-01
-3.033897876739501953e-01
-3.035784959793090820e-01
-3.037672638893127441e-01
-3.039558529853820801e-01
-3.041444122791290283e-01
-3.043330609798431396e-01
-3.045216500759124756e-01
-3.047104477882385254e-01
-3.048992753028869629e-01
-3.050877451896667480e-01
-3.052764534950256348e-01
-3.054651021957397461e-01
-3.056537806987762451e-01
-3.058424890041351318e-01
-3.060311079025268555e-01
-3.062197566032409668e-01
-3.064085543155670166e-01
-3.065971434116363525e-01
-3.067858815193176270e-01
-3.077291846275329590e-01
-3.079178929328918457e-01
-3.081067204475402832e-01
-3.082953691482543945e-01
-3.084839582443237305e-01
-3.086725473403930664e-01
-3.088611364364624023e-01
-3.090499043464660645e-01
-3.092384636402130127e-01
-3.094271719455718994e-01
-3.096159994602203369e-01
-3.098045587539672852e-01
-3.099932372570037842e-01
-3.101820349693298340e-01
-3.103704750537872314e-01
-3.105593621730804443e-01
-3.107478022575378418e-01
-3.109367191791534424e-01
-3.111252784729003906e-01
-3.113139569759368896e-01
-3.115026056766510010e-01
-3.116914033889770508e-01
-3.118798434734344482e-01
-3.120686411857604980e-01
-3.122571408748626709e-01
-3.124460279941558838e-01
-3.126347064971923828e-01
-3.128233551979064941e-01
-3.137667179107666016e-01
-3.139552772045135498e-01
-3.141439557075500488e-01
-3.143326938152313232e-01
-3.145211338996887207e-01
-3.147099316120147705e-01
-3.148986101150512695e-01
-3.150872588157653809e-01
-3.152759373188018799e-01
-3.154645860195159912e-01
-3.156532943248748779e-01
-3.158419132232666016e-01
-3.160306215286254883e-01
-3.162194192409515381e-01
-3.164079487323760986e-01
-3.165966868400573730e-01
-3.167852759361267090e-01
-3.169738054275512695e-01
-3.171625733375549316e-01
-3.173511028289794922e-01
-3.175399005413055420e-01
-3.177284300327301025e-01
-3.179172277450561523e-01
-3.181060254573822021e-01
-3.182945549488067627e-01
-3.184834122657775879e-01
-3.186720013618469238e-01
-3.188605308532714844e-01
-3.198039829730987549e-01
-3.199928700923919678e-01
-3.201813101768493652e-01
-3.203700482845306396e-01
-3.205587565898895264e-01
-3.207474052906036377e-01
-3.209360837936401367e-01
-3.211246430873870850e-01
-3.213132619857788086e-01
-3.215020596981048584e-01
-3.216907680034637451e-01
-3.218792974948883057e-01
-3.220680952072143555e-01
-3.222565054893493652e-01
-3.224453628063201904e-01
-3.226338922977447510e-01
-3.228227794170379639e-01
-3.230113387107849121e-01
-3.232000172138214111e-01
-3.233888149261474609e-01
-3.235774040222167969e-01
-3.237661421298980713e-01
-3.239547312259674072e-01
-3.241433799266815186e-01
-3.243321776390075684e-01
-3.245207071304321289e-01
-3.247093558311462402e-01
-3.248981535434722900e-01
-3.258411884307861328e-01
-3.260300159454345703e-01
-3.262186050415039062e-01
-3.264074027538299561e-01
-3.265961408615112305e-01
-3.267847299575805664e-01
-3.269735574722290039e-01
-3.271619975566864014e-01
-3.273507356643676758e-01
-3.275393247604370117e-01
-3.277280330657958984e-01
-3.279167711734771729e-01
-3.281054794788360596e-01
-3.282940089702606201e-01
-3.284827768802642822e-01
-3.286714255809783936e-01
-3.288600742816925049e-01
-3.290487825870513916e-01
-3.292373716831207275e-01
-3.294261991977691650e-01
-3.296146988868713379e-01
-3.298033773899078369e-01
-3.299920260906219482e-01
-3.301807641983032227e-01
-3.303693830966949463e-01
-3.305581212043762207e-01
-3.307466804981231689e-01
-3.309353888034820557e-01
