1.372024500000000000e+07
1.385257000000000000e+07
1.398585600000000000e+07
1.412009800000000000e+07
1.425530000000000000e+07
1.439146900000000000e+07
1.452861500000000000e+07
1.466673400000000000e+07
1.480582700000000000e+07
1.494591500000000000e+07
1.845067400000000000e+07
1.861582400000000000e+07
1.878207600000000000e+07
1.894944600000000000e+07
1.911792600000000000e+07
1.928753000000000000e+07
1.945825000000000000e+07
1.963010600000000000e+07
1.980309000000000000e+07
1.997722200000000000e+07
2.430808400000000000e+07
2.451106000000000000e+07
2.471530200000000000e+07
2.492082600000000000e+07
2.512761800000000000e+07
2.533570000000000000e+07
2.554507400000000000e+07
2.575573200000000000e+07
2.596768600000000000e+07
2.618095000000000000e+07
3.145814600000000000e+07
3.170431400000000000e+07
3.195192000000000000e+07
3.220097200000000000e+07
3.245147600000000000e+07
3.270343800000000000e+07
3.295686000000000000e+07
3.321176400000000000e+07
3.346812000000000000e+07
3.372597200000000000e+07
4.007782000000000000e+07
4.037290000000000000e+07
4.066958400000000000e+07
4.096791600000000000e+07
4.126786800000000000e+07
4.156947200000000000e+07
4.187272400000000000e+07
4.217763200000000000e+07
4.248418800000000000e+07
4.279241200000000000e+07
5.035544000000000000e+07
5.070546800000000000e+07
5.105732400000000000e+07
5.141100400000000000e+07
5.176652000000000000e+07
5.212387200000000000e+07
5.248307200000000000e+07
5.284412400000000000e+07
5.320701600000000000e+07
5.357178800000000000e+07
6.249056800000000000e+07
6.290199200000000000e+07
6.331544000000000000e+07
6.373093600000000000e+07
6.414846800000000000e+07
6.456801600000000000e+07
6.498964800000000000e+07
6.541331600000000000e+07
6.583905600000000000e+07
6.626687200000000000e+07
7.669413600000000000e+07
7.717373600000000000e+07
7.765556000000000000e+07
7.813964800000000000e+07
7.862598400000000000e+07
7.911457600000000000e+07
7.960544800000000000e+07
8.009856000000000000e+07
8.059400800000000000e+07
8.109175200000000000e+07
9.318840800000000000e+07
9.374328800000000000e+07
9.430062400000000000e+07
9.486044800000000000e+07
9.542276800000000000e+07
9.598755200000000000e+07
9.655484800000000000e+07
9.712466400000000000e+07
9.769700000000000000e+07
9.827184800000000000e+07
1.122068960000000000e+08
1.128445200000000000e+08
1.134848800000000000e+08
1.141279280000000000e+08
1.147737440000000000e+08
1.154222640000000000e+08
1.160735600000000000e+08
1.167275520000000000e+08
1.173843360000000000e+08
1.180439120000000000e+08
