3.616019250000000000e+06
3.638292000000000000e+06
3.660632500000000000e+06
3.683035250000000000e+06
3.705501500000000000e+06
3.728030500000000000e+06
3.750625500000000000e+06
3.773281000000000000e+06
3.796001750000000000e+06
3.818780000000000000e+06
4.359529000000000000e+06
4.383749500000000000e+06
4.408021500000000000e+06
4.432353500000000000e+06
4.456742500000000000e+06
4.481186000000000000e+06
4.505688000000000000e+06
4.530250500000000000e+06
4.554860000000000000e+06
4.579532000000000000e+06
5.161556500000000000e+06
5.187472500000000000e+06
5.213435500000000000e+06
5.239445500000000000e+06
5.265505500000000000e+06
5.291612500000000000e+06
5.317774500000000000e+06
5.343974000000000000e+06
5.370222500000000000e+06
5.396519000000000000e+06
6.013404000000000000e+06
6.040718500000000000e+06
6.068071000000000000e+06
6.095463000000000000e+06
6.122885000000000000e+06
6.150347000000000000e+06
6.177849500000000000e+06
6.205389000000000000e+06
6.232967000000000000e+06
6.260576000000000000e+06
6.904620500000000000e+06
6.932980000000000000e+06
6.961364000000000000e+06
6.989766000000000000e+06
7.018207500000000000e+06
7.046658000000000000e+06
7.075145000000000000e+06
7.103656000000000000e+06
7.132183000000000000e+06
7.160741000000000000e+06
7.823002000000000000e+06
7.851980500000000000e+06
7.880982000000000000e+06
7.910003000000000000e+06
7.939020000000000000e+06
7.968052000000000000e+06
7.997100000000000000e+06
8.026159500000000000e+06
8.055228000000000000e+06
8.084305500000000000e+06
8.754518000000000000e+06
8.783680000000000000e+06
8.812842000000000000e+06
8.842000000000000000e+06
8.871135000000000000e+06
8.900265000000000000e+06
8.929405000000000000e+06
8.958530000000000000e+06
8.987676000000000000e+06
9.016783000000000000e+06
9.683491000000000000e+06
9.712283000000000000e+06
9.741074000000000000e+06
9.769847000000000000e+06
9.798564000000000000e+06
9.827291000000000000e+06
9.855991000000000000e+06
9.884659000000000000e+06
9.913302000000000000e+06
9.941932000000000000e+06
1.059233800000000000e+07
1.062023500000000000e+07
1.064806100000000000e+07
1.067582800000000000e+07
1.070360100000000000e+07
1.073131000000000000e+07
1.075898000000000000e+07
1.078661200000000000e+07
1.081418900000000000e+07
1.084174900000000000e+07
1.146185600000000000e+07
1.148815100000000000e+07
1.151440000000000000e+07
1.154061200000000000e+07
1.156672200000000000e+07
1.159277700000000000e+07
1.161881300000000000e+07
1.164474300000000000e+07
1.167062600000000000e+07
1.169643400000000000e+07
