-9.212384223937988281e-01
-9.210464954376220703e-01
-9.208524823188781738e-01
-9.206563830375671387e-01
-9.204581975936889648e-01
-9.202580451965332031e-01
-9.200556874275207520e-01
-9.198513627052307129e-01
-9.196449518203735352e-01
-9.194365143775939941e-01
-9.140710234642028809e-01
-9.138129353523254395e-01
-9.135528206825256348e-01
-9.132906198501586914e-01
-9.130263328552246094e-01
-9.127599596977233887e-01
-9.124915599822998047e-01
-9.122210741043090820e-01
-9.119485020637512207e-01
-9.116739630699157715e-01
-9.047874212265014648e-01
-9.044632315635681152e-01
-9.041369557380676270e-01
-9.038085937500000000e-01
-9.034781455993652344e-01
-9.031456708908081055e-01
-9.028111696243286133e-01
-9.024745225906372070e-01
-9.021358489990234375e-01
-9.017950892448425293e-01
-8.933874964714050293e-01
-8.929972648620605469e-01
-8.926047682762145996e-01
-8.922103643417358398e-01
-8.918138146400451660e-01
-8.914151787757873535e-01
-8.910144567489624023e-01
-8.906117081642150879e-01
-8.902069330215454102e-01
-8.898000717163085938e-01
-8.798714876174926758e-01
-8.794149756431579590e-01
-8.789564371109008789e-01
-8.784958720207214355e-01
-8.780331015586853027e-01
-8.775684833526611328e-01
-8.771016001701354980e-01
-8.766326904296875000e-01
-8.761618137359619141e-01
-8.756887316703796387e-01
-8.642391562461853027e-01
-8.637164831161499023e-01
-8.631918430328369141e-01
-8.626651167869567871e-01
-8.621363043785095215e-01
-8.616054654121398926e-01
-8.610725402832031250e-01
-8.605374693870544434e-01
-8.600003719329833984e-01
-8.594611883163452148e-01
-8.464905619621276855e-01
-8.459019064903259277e-01
-8.453110456466674805e-01
-8.447180986404418945e-01
-8.441231846809387207e-01
-8.435261845588684082e-01
-8.429270982742309570e-01
-8.423259258270263672e-01
-8.417227864265441895e-01
-8.411175012588500977e-01
-8.266257643699645996e-01
-8.259709477424621582e-01
-8.253139257431030273e-01
-8.246548771858215332e-01
-8.239938616752624512e-01
-8.233307003974914551e-01
-8.226653933525085449e-01
-8.219981789588928223e-01
-8.213289380073547363e-01
-8.206574916839599609e-01
-8.046446442604064941e-01
-8.039236664772033691e-01
-8.032005429267883301e-01
-8.024755120277404785e-01
-8.017482757568359375e-01
-8.010189533233642578e-01
-8.002876639366149902e-01
-7.995541691780090332e-01
-7.988187670707702637e-01
-7.980812191963195801e-01
-7.805473804473876953e-01
-7.797603011131286621e-01
-7.789709568023681641e-01
-7.781797647476196289e-01
-7.773863673210144043e-01
-7.765911221504211426e-01
-7.757935523986816406e-01
-7.749939560890197754e-01
-7.741923928260803223e-01
-7.733887434005737305e-01
