2.866211831569671631e-01
2.865333855152130127e-01
2.864454984664916992e-01
2.863576710224151611e-01
2.862698733806610107e-01
2.861819863319396973e-01
2.860942780971527100e-01
2.860064506530761719e-01
2.859187126159667969e-01
2.858310341835021973e-01
2.838192880153656006e-01
2.837321758270263672e-01
2.836449742317199707e-01
2.835577726364135742e-01
2.834705710411071777e-01
2.833834290504455566e-01
2.832963764667510986e-01
2.832092344760894775e-01
2.831221520900726318e-01
2.830350697040557861e-01
2.810390591621398926e-01
2.809525728225708008e-01
2.808659672737121582e-01
2.807795107364654541e-01
2.806931138038635254e-01
2.806066274642944336e-01
2.805202007293701172e-01
2.804338634014129639e-01
2.803474366664886475e-01
2.802610695362091064e-01
2.782806754112243652e-01
2.781948447227478027e-01
2.781091332435607910e-01
2.780233323574066162e-01
2.779373824596405029e-01
2.778517603874206543e-01
2.777660191059112549e-01
2.776803374290466309e-01
2.775945961475372314e-01
2.775089144706726074e-01
2.755443751811981201e-01
2.754590511322021484e-01
2.753740251064300537e-01
2.752889096736907959e-01
2.752037346363067627e-01
2.751187086105346680e-01
2.750336527824401855e-01
2.749485969543457031e-01
2.748635709285736084e-01
2.747786343097686768e-01
2.728297114372253418e-01
2.727453112602233887e-01
2.726608514785766602e-01
2.725763916969299316e-01
2.724919617176055908e-01
2.724077403545379639e-01
2.723233401775360107e-01
2.722389400005340576e-01
2.721546590328216553e-01
2.720703482627868652e-01
2.701372504234313965e-01
2.700535058975219727e-01
2.699697613716125488e-01
2.698860168457031250e-01
2.698022425174713135e-01
2.697185277938842773e-01
2.696349024772644043e-01
2.695512175559997559e-01
2.694676220417022705e-01
2.693840563297271729e-01
2.674667537212371826e-01
2.673836946487426758e-01
2.673006653785705566e-01
2.672175467014312744e-01
2.671345770359039307e-01
2.670516669750213623e-01
2.669685482978820801e-01
2.668855786323547363e-01
2.668026685714721680e-01
2.667196989059448242e-01
2.648184001445770264e-01
2.647359669208526611e-01
2.646535634994506836e-01
2.645712196826934814e-01
2.644888460636138916e-01
2.644065618515014648e-01
2.643243074417114258e-01
2.642419934272766113e-01
2.641597390174865723e-01
2.640775740146636963e-01
2.621920406818389893e-01
2.621104717254638672e-01
2.620287835597991943e-01
2.619471251964569092e-01
2.618654370307922363e-01
2.617838978767395020e-01
2.617021501064300537e-01
2.616207301616668701e-01
2.615390717983245850e-01
2.614574730396270752e-01
