-6.373336911201477051e-01
-6.498986482620239258e-01
-6.624636054039001465e-01
-6.750283241271972656e-01
-6.875931620597839355e-01
-7.001579403877258301e-01
-7.127228379249572754e-01
-7.252877950668334961e-01
-7.378525137901306152e-01
-7.504177689552307129e-01
-1.039410233497619629e+00
-1.051975131034851074e+00
-1.064539909362792969e+00
-1.077104806900024414e+00
-1.089669942855834961e+00
-1.102234959602355957e+00
-1.114799380302429199e+00
-1.127364397048950195e+00
-1.139929413795471191e+00
-1.152494430541992188e+00
-1.441487193107604980e+00
-1.454051256179809570e+00
-1.466616511344909668e+00
-1.479181647300720215e+00
-1.491745710372924805e+00
-1.504310846328735352e+00
-1.516876101493835449e+00
-1.529440641403198242e+00
-1.542006015777587891e+00
-1.554571032524108887e+00
-1.843563318252563477e+00
-1.856127619743347168e+00
-1.868693351745605469e+00
-1.881258010864257812e+00
-1.893823027610778809e+00
-1.906388163566589355e+00
-1.918952822685241699e+00
-1.931517481803894043e+00
-1.944082736968994141e+00
-1.956647515296936035e+00
-2.245639801025390625e+00
-2.258204460144042969e+00
-2.270769357681274414e+00
-2.283334255218505859e+00
-2.295898914337158203e+00
-2.308462858200073242e+00
-2.321029186248779297e+00
-2.333593368530273438e+00
-2.346158504486083984e+00
-2.358724117279052734e+00
-2.647715568542480469e+00
-2.660281181335449219e+00
-2.672846078872680664e+00
-2.685411453247070312e+00
-2.697976589202880859e+00
-2.710540771484375000e+00
-2.723106145858764648e+00
-2.735670566558837891e+00
-2.748235464096069336e+00
-2.760800361633300781e+00
-3.049792766571044922e+00
-3.062358140945434570e+00
-3.074923515319824219e+00
-3.087487936019897461e+00
-3.100052595138549805e+00
-3.112617254257202148e+00
-3.125182390213012695e+00
-3.137746572494506836e+00
-3.150311708450317383e+00
-3.162878036499023438e+00
-3.451869249343872070e+00
-3.464435577392578125e+00
-3.476998567581176758e+00
-3.489563941955566406e+00
-3.502129554748535156e+00
-3.514694213867187500e+00
-3.527259349822998047e+00
-3.539822101593017578e+00
-3.552387952804565430e+00
-3.564952850341796875e+00
-3.853945732116699219e+00
-3.866510391235351562e+00
-3.879074811935424805e+00
-3.891640186309814453e+00
-3.904204607009887695e+00
-3.916770458221435547e+00
-3.929335355758666992e+00
-3.941900014877319336e+00
-3.954466342926025391e+00
-3.967029333114624023e+00
-4.256022453308105469e+00
-4.268586635589599609e+00
-4.281151294708251953e+00
-4.293715476989746094e+00
-4.306281566619873047e+00
-4.318846702575683594e+00
-4.331410408020019531e+00
-4.343976497650146484e+00
-4.356540203094482422e+00
-4.369106769561767578e+00
