-1.708438250000000000e+06
-1.720038625000000000e+06
-1.731698750000000000e+06
-1.743416500000000000e+06
-1.755194375000000000e+06
-1.767032500000000000e+06
-1.778929875000000000e+06
-1.790887000000000000e+06
-1.802904375000000000e+06
-1.814982000000000000e+06
-1.827121125000000000e+06
-1.839320125000000000e+06
-1.851579250000000000e+06
-1.863901250000000000e+06
-1.876283750000000000e+06
-1.888727750000000000e+06
-1.901234500000000000e+06
-1.913801500000000000e+06
-1.926431625000000000e+06
-1.939124000000000000e+06
-1.951879125000000000e+06
-1.964697000000000000e+06
-1.977578625000000000e+06
-1.990523500000000000e+06
-2.003530125000000000e+06
-2.016602250000000000e+06
-2.029736375000000000e+06
-2.042935250000000000e+06
-2.109899000000000000e+06
-2.123486750000000000e+06
-2.137139750000000000e+06
-2.150858750000000000e+06
-2.164643500000000000e+06
-2.178494250000000000e+06
-2.192411500000000000e+06
-2.206396500000000000e+06
-2.220447250000000000e+06
-2.234564500000000000e+06
-2.248750250000000000e+06
-2.263001500000000000e+06
-2.277321500000000000e+06
-2.291708750000000000e+06
-2.306164750000000000e+06
-2.320689750000000000e+06
-2.335280750000000000e+06
-2.349942000000000000e+06
-2.364673000000000000e+06
-2.379472250000000000e+06
-2.394340750000000000e+06
-2.409278750000000000e+06
-2.424286500000000000e+06
-2.439365250000000000e+06
-2.454513250000000000e+06
-2.469731750000000000e+06
-2.485020750000000000e+06
-2.500380500000000000e+06
-2.578250750000000000e+06
-2.594040250000000000e+06
-2.609903500000000000e+06
-2.625838250000000000e+06
-2.641844750000000000e+06
-2.657926500000000000e+06
-2.674080000000000000e+06
-2.690307250000000000e+06
-2.706609750000000000e+06
-2.722983500000000000e+06
-2.739434000000000000e+06
-2.755957500000000000e+06
-2.772556750000000000e+06
-2.789228750000000000e+06
-2.805977000000000000e+06
-2.822800250000000000e+06
-2.839699000000000000e+06
-2.856675250000000000e+06
-2.873724500000000000e+06
-2.890852750000000000e+06
-2.908054500000000000e+06
-2.925334750000000000e+06
-2.942692750000000000e+06
-2.960126500000000000e+06
-2.977639000000000000e+06
-2.995226750000000000e+06
-3.012893250000000000e+06
-3.030637750000000000e+06
-3.120540250000000000e+06
-3.138758000000000000e+06
-3.157055000000000000e+06
-3.175432250000000000e+06
-3.193889000000000000e+06
-3.212426750000000000e+06
-3.231046000000000000e+06
-3.249744750000000000e+06
-3.268524500000000000e+06
-3.287385750000000000e+06
-3.306328250000000000e+06
-3.325352500000000000e+06
-3.344459000000000000e+06
-3.363647500000000000e+06
-3.382918250000000000e+06
-3.402273250000000000e+06
-3.421709750000000000e+06
-3.441229500000000000e+06
-3.460832500000000000e+06
-3.480519000000000000e+06
-3.500289750000000000e+06
-3.520144250000000000e+06
-3.540083000000000000e+06
-3.560106500000000000e+06
-3.580216000000000000e+06
-3.600409250000000000e+06
-3.620687750000000000e+06
-3.641052000000000000e+06
-3.744165250000000000e+06
-3.765047500000000000e+06
-3.786015500000000000e+06
-3.807072500000000000e+06
-3.828218500000000000e+06
-3.849451500000000000e+06
-3.870773750000000000e+06
-3.892182750000000000e+06
-3.913679250000000000e+06
-3.935265750000000000e+06
-3.956941750000000000e+06
-3.978709000000000000e+06
-4.000563750000000000e+06
-4.022508500000000000e+06
-4.044543500000000000e+06
-4.066669000000000000e+06
-4.088886750000000000e+06
-4.111193750000000000e+06
-4.133592000000000000e+06
-4.156079500000000000e+06
-4.178662500000000000e+06
-4.201335000000000000e+06
-4.224100500000000000e+06
-4.246958000000000000e+06
-4.269908000000000000e+06
-4.292951000000000000e+06
-4.316087000000000000e+06
-4.339316000000000000e+06
-4.456876500000000000e+06
-4.480668000000000000e+06
-4.504560000000000000e+06
-4.528545500000000000e+06
-4.552626500000000000e+06
-4.576803500000000000e+06
-4.601076000000000000e+06
-4.625448000000000000e+06
-4.649914000000000000e+06
-4.674477500000000000e+06
-4.699137500000000000e+06
-4.723895000000000000e+06
-4.748751000000000000e+06
-4.773704000000000000e+06
-4.798755500000000000e+06
-4.823907000000000000e+06
-4.849157500000000000e+06
-4.874505500000000000e+06
-4.899952500000000000e+06
-4.925495000000000000e+06
-4.951145000000000000e+06
-4.976889500000000000e+06
-5.002737500000000000e+06
-5.028684500000000000e+06
-5.054732000000000000e+06
-5.080881000000000000e+06
-5.107131000000000000e+06
-5.133482500000000000e+06
-5.266775500000000000e+06
-5.293740000000000000e+06
-5.320814000000000000e+06
-5.347985500000000000e+06
-5.375263000000000000e+06
-5.402645000000000000e+06
-5.430130500000000000e+06
-5.457722000000000000e+06
-5.485417500000000000e+06
-5.513218500000000000e+06
-5.541125500000000000e+06
-5.569138000000000000e+06
-5.597256500000000000e+06
-5.625481000000000000e+06
-5.653815000000000000e+06
-5.682253000000000000e+06
-5.710800500000000000e+06
-5.739453500000000000e+06
-5.768214000000000000e+06
-5.797083000000000000e+06
-5.826059000000000000e+06
-5.855144000000000000e+06
-5.884340000000000000e+06
-5.913641000000000000e+06
-5.943053000000000000e+06
-5.972575000000000000e+06
-6.002207000000000000e+06
-6.031948000000000000e+06
-6.182319500000000000e+06
-6.212730000000000000e+06
-6.243250000000000000e+06
-6.273880500000000000e+06
-6.304627000000000000e+06
-6.335483000000000000e+06
-6.366456000000000000e+06
-6.397540000000000000e+06
-6.428736000000000000e+06
-6.460050000000000000e+06
-6.491476500000000000e+06
-6.523017000000000000e+06
-6.554672000000000000e+06
-6.586445000000000000e+06
-6.618328500000000000e+06
-6.650332000000000000e+06
-6.682449500000000000e+06
-6.714683000000000000e+06
-6.747035000000000000e+06
-6.779500000000000000e+06
-6.812083000000000000e+06
-6.844786500000000000e+06
-6.877604500000000000e+06
-6.910539000000000000e+06
-6.943596000000000000e+06
-6.976766500000000000e+06
-7.010060500000000000e+06
-7.043471000000000000e+06
-7.212321500000000000e+06
-7.246452000000000000e+06
-7.280703500000000000e+06
-7.315076500000000000e+06
-7.349571500000000000e+06
-7.384186500000000000e+06
-7.418925000000000000e+06
-7.453786000000000000e+06
-7.488769000000000000e+06
-7.523876000000000000e+06
-7.559104500000000000e+06
-7.594457500000000000e+06
-7.629935500000000000e+06
-7.665536500000000000e+06
-7.701264000000000000e+06
-7.737114500000000000e+06
-7.773089500000000000e+06
-7.809193000000000000e+06
-7.845419500000000000e+06
-7.881771000000000000e+06
-7.918249500000000000e+06
-7.954854000000000000e+06
-7.991585000000000000e+06
-8.028443500000000000e+06
-8.065430000000000000e+06
-8.102543000000000000e+06
-8.139784000000000000e+06
-8.177154000000000000e+06
-8.365940000000000000e+06
-8.404085000000000000e+06
-8.442361000000000000e+06
-8.480764000000000000e+06
-8.519300000000000000e+06
-8.557971000000000000e+06
-8.596770000000000000e+06
-8.635701000000000000e+06
-8.674765000000000000e+06
-8.713958000000000000e+06
-8.753289000000000000e+06
-8.792749000000000000e+06
-8.832344000000000000e+06
-8.872075000000000000e+06
-8.911934000000000000e+06
-8.951933000000000000e+06
-8.992063000000000000e+06
-9.032329000000000000e+06
-9.072732000000000000e+06
-9.113264000000000000e+06
-9.153935000000000000e+06
-9.194742000000000000e+06
-9.235688000000000000e+06
-9.276766000000000000e+06
-9.317986000000000000e+06
-9.359337000000000000e+06
-9.400831000000000000e+06
-9.442461000000000000e+06
-9.652687000000000000e+06
-9.695150000000000000e+06
-9.737749000000000000e+06
-9.780495000000000000e+06
-9.823381000000000000e+06
-9.866402000000000000e+06
-9.909568000000000000e+06
-9.952874000000000000e+06
-9.996325000000000000e+06
-1.003991300000000000e+07
-1.008364500000000000e+07
-1.012751800000000000e+07
-1.017153900000000000e+07
-1.021570200000000000e+07
-1.026001000000000000e+07
-1.030446000000000000e+07
-1.034905400000000000e+07
-1.039379200000000000e+07
-1.043867800000000000e+07
-1.048370600000000000e+07
-1.052887700000000000e+07
-1.057420000000000000e+07
-1.061966900000000000e+07
-1.066527800000000000e+07
-1.071104100000000000e+07
-1.075694400000000000e+07
-1.080299400000000000e+07
-1.084919800000000000e+07
-1.108243700000000000e+07
-1.112953000000000000e+07
-1.117677400000000000e+07
-1.122416500000000000e+07
-1.127171000000000000e+07
-1.131940500000000000e+07
-1.136725200000000000e+07
-1.141525400000000000e+07
-1.146340100000000000e+07
-1.151170600000000000e+07
-1.156016000000000000e+07
-1.160876800000000000e+07
-1.165752900000000000e+07
-1.170644600000000000e+07
-1.175551000000000000e+07
-1.180473500000000000e+07
-1.185411200000000000e+07
-1.190364700000000000e+07
-1.195333200000000000e+07
-1.200317100000000000e+07
-1.205317200000000000e+07
-1.210332000000000000e+07
-1.215363400000000000e+07
-1.220409900000000000e+07
-1.225472300000000000e+07
-1.230550300000000000e+07
-1.235643700000000000e+07
-1.240754000000000000e+07
-1.266540100000000000e+07
-1.271745200000000000e+07
-1.276965800000000000e+07
-1.282203400000000000e+07
-1.287456500000000000e+07
-1.292725900000000000e+07
-1.298011900000000000e+07
-1.303313100000000000e+07
-1.308631000000000000e+07
-1.313965200000000000e+07
-1.319315700000000000e+07
-1.324682500000000000e+07
-1.330065600000000000e+07
-1.335465600000000000e+07
-1.340881500000000000e+07
-1.346313900000000000e+07
-1.351762800000000000e+07
-1.357228700000000000e+07
-1.362710600000000000e+07
-1.368208800000000000e+07
-1.373724300000000000e+07
-1.379256200000000000e+07
-1.384804200000000000e+07
-1.390369900000000000e+07
-1.395951600000000000e+07
-1.401550200000000000e+07
-1.407166200000000000e+07
-1.412798300000000000e+07
-1.441216000000000000e+07
-1.446950300000000000e+07
-1.452701700000000000e+07
-1.458470300000000000e+07
-1.464255900000000000e+07
-1.470058900000000000e+07
-1.475879400000000000e+07
-1.481716300000000000e+07
-1.487571000000000000e+07
-1.493443000000000000e+07
-1.499332500000000000e+07
-1.505239700000000000e+07
-1.511163500000000000e+07
-1.517105500000000000e+07
-1.523064600000000000e+07
-1.529041500000000000e+07
-1.535035600000000000e+07
-1.541048000000000000e+07
-1.547077600000000000e+07
-1.553124400000000000e+07
-1.559189300000000000e+07
-1.565272500000000000e+07
-1.571372500000000000e+07
-1.577490300000000000e+07
-1.583627300000000000e+07
-1.589780700000000000e+07
-1.595953200000000000e+07
-1.602142400000000000e+07
-1.633363300000000000e+07
-1.639661500000000000e+07
-1.645978000000000000e+07
-1.652312700000000000e+07
-1.658666200000000000e+07
-1.665037000000000000e+07
-1.671426500000000000e+07
-1.677835600000000000e+07
-1.684261000000000000e+07
-1.690706400000000000e+07
-1.697169200000000000e+07
-1.703651200000000000e+07
-1.710152000000000000e+07
-1.716670400000000000e+07
-1.723208400000000000e+07
-1.729764400000000000e+07
-1.736339400000000000e+07
-1.742933600000000000e+07
-1.749546000000000000e+07
-1.756176800000000000e+07
-1.762827400000000000e+07
-1.769495600000000000e+07
-1.776184000000000000e+07
-1.782890800000000000e+07
-1.789615800000000000e+07
-1.796360600000000000e+07
-1.803124800000000000e+07
-1.809907600000000000e+07
-1.844109800000000000e+07
-1.851008000000000000e+07
-1.857925800000000000e+07
-1.864862600000000000e+07
-1.871818200000000000e+07
-1.878794400000000000e+07
-1.885790000000000000e+07
-1.892804600000000000e+07
-1.899838400000000000e+07
-1.906892200000000000e+07
-1.913965400000000000e+07
-1.921058600000000000e+07
-1.928171800000000000e+07
-1.935303600000000000e+07
-1.942456000000000000e+07
-1.949628600000000000e+07
-1.956819800000000000e+07
-1.964032600000000000e+07
-1.971263600000000000e+07
-1.978515400000000000e+07
-1.985787600000000000e+07
-1.993078600000000000e+07
-2.000390800000000000e+07
-2.007723000000000000e+07
-2.015074600000000000e+07
-2.022446600000000000e+07
-2.029838400000000000e+07
-2.037251400000000000e+07
-2.074619600000000000e+07
-2.082154200000000000e+07
-2.089709800000000000e+07
-2.097285400000000000e+07
-2.104882600000000000e+07
-2.112499000000000000e+07
-2.120136600000000000e+07
-2.127795000000000000e+07
-2.135474600000000000e+07
-2.143174000000000000e+07
-2.150894600000000000e+07
-2.158636600000000000e+07
-2.166398600000000000e+07
-2.174182400000000000e+07
-2.181986800000000000e+07
-2.189811800000000000e+07
-2.197658600000000000e+07
-2.205525400000000000e+07
-2.213414400000000000e+07
-2.221323400000000000e+07
-2.229254000000000000e+07
-2.237206600000000000e+07
-2.245179400000000000e+07
-2.253174400000000000e+07
-2.261190000000000000e+07
-2.269227000000000000e+07
-2.277286000000000000e+07
-2.285366000000000000e+07
-2.326089800000000000e+07
-2.334300000000000000e+07
-2.342531000000000000e+07
-2.350784000000000000e+07
-2.359059000000000000e+07
-2.367354800000000000e+07
-2.375674400000000000e+07
-2.384014200000000000e+07
-2.392376400000000000e+07
-2.400761200000000000e+07
-2.409167000000000000e+07
-2.417595200000000000e+07
-2.426046200000000000e+07
-2.434518800000000000e+07
-2.443013000000000000e+07
-2.451530400000000000e+07
-2.460069600000000000e+07
-2.468631200000000000e+07
-2.477215400000000000e+07
-2.485821600000000000e+07
-2.494449600000000000e+07
-2.503101800000000000e+07
-2.511774600000000000e+07
-2.520470200000000000e+07
-2.529188800000000000e+07
-2.537930600000000000e+07
-2.546694200000000000e+07
-2.555480200000000000e+07
-2.599755200000000000e+07
-2.608677800000000000e+07
-2.617625400000000000e+07
-2.626594200000000000e+07
-2.635586600000000000e+07
-2.644602400000000000e+07
-2.653640200000000000e+07
-2.662701800000000000e+07
-2.671786800000000000e+07
-2.680894800000000000e+07
-2.690026200000000000e+07
-2.699180800000000000e+07
-2.708359400000000000e+07
-2.717560200000000000e+07
-2.726786000000000000e+07
-2.736033600000000000e+07
-2.745305400000000000e+07
-2.754599800000000000e+07
-2.763919400000000000e+07
-2.773261600000000000e+07
-2.782628000000000000e+07
-2.792018600000000000e+07
-2.801431600000000000e+07
-2.810869800000000000e+07
-2.820330200000000000e+07
-2.829816000000000000e+07
-2.839324200000000000e+07
-2.848859200000000000e+07
-2.896883600000000000e+07
-2.906561400000000000e+07
-2.916264000000000000e+07
-2.925989000000000000e+07
-2.935738800000000000e+07
-2.945512600000000000e+07
-2.955312000000000000e+07
-2.965136200000000000e+07
-2.974984800000000000e+07
-2.984856200000000000e+07
-2.994753800000000000e+07
-3.004674600000000000e+07
-3.014621600000000000e+07
-3.024592800000000000e+07
-3.034587800000000000e+07
-3.044607400000000000e+07
-3.054653000000000000e+07
-3.064723800000000000e+07
-3.074817800000000000e+07
-3.084938000000000000e+07
-3.095081800000000000e+07
-3.105250800000000000e+07
-3.115447600000000000e+07
-3.125666400000000000e+07
-3.135910600000000000e+07
-3.146181400000000000e+07
-3.156477400000000000e+07
-3.166797200000000000e+07
-3.218780200000000000e+07
-3.229254000000000000e+07
-3.239751400000000000e+07
-3.250276000000000000e+07
-3.260824600000000000e+07
-3.271399000000000000e+07
-3.282001000000000000e+07
-3.292628200000000000e+07
-3.303279600000000000e+07
-3.313958600000000000e+07
-3.324662200000000000e+07
-3.335392800000000000e+07
-3.346149800000000000e+07
-3.356930800000000000e+07
-3.367738000000000000e+07
-3.378572400000000000e+07
-3.389433600000000000e+07
-3.400319600000000000e+07
-3.411231200000000000e+07
-3.422170800000000000e+07
-3.433135200000000000e+07
-3.444127200000000000e+07
-3.455145600000000000e+07
-3.466189200000000000e+07
-3.477260400000000000e+07
-3.488358400000000000e+07
-3.499481200000000000e+07
-3.510630800000000000e+07
-3.566782800000000000e+07
-3.578094400000000000e+07
-3.589432000000000000e+07
-3.600797600000000000e+07
-3.612188000000000000e+07
-3.623605600000000000e+07
-3.635051600000000000e+07
-3.646523200000000000e+07
-3.658024000000000000e+07
-3.669551600000000000e+07
-3.681104800000000000e+07
-3.692687200000000000e+07
-3.704296400000000000e+07
-3.715931600000000000e+07
-3.727595600000000000e+07
-3.739286000000000000e+07
-3.751002800000000000e+07
-3.762749600000000000e+07
-3.774522000000000000e+07
-3.786324000000000000e+07
-3.798153200000000000e+07
-3.810008800000000000e+07
-3.821893600000000000e+07
-3.833804800000000000e+07
-3.845744800000000000e+07
-3.857712800000000000e+07
-3.869707600000000000e+07
-3.881732000000000000e+07
-3.942268400000000000e+07
-3.954461200000000000e+07
-3.966682400000000000e+07
-3.978929600000000000e+07
-3.991207600000000000e+07
-4.003512000000000000e+07
-4.015846800000000000e+07
-4.028208000000000000e+07
-4.040599200000000000e+07
-4.053017600000000000e+07
-4.065466400000000000e+07
-4.077942000000000000e+07
-4.090447600000000000e+07
-4.102982400000000000e+07
-4.115544400000000000e+07
-4.128135200000000000e+07
-4.140756000000000000e+07
-4.153406400000000000e+07
-4.166084000000000000e+07
-4.178790400000000000e+07
-4.191527200000000000e+07
-4.204292000000000000e+07
-4.217087600000000000e+07
-4.229911600000000000e+07
-4.242765600000000000e+07
-4.255646800000000000e+07
-4.268559200000000000e+07
-4.281501200000000000e+07
-4.346648400000000000e+07
-4.359765200000000000e+07
-4.372911600000000000e+07
-4.386090000000000000e+07
-4.399298000000000000e+07
-4.412534000000000000e+07
-4.425801600000000000e+07
-4.439097200000000000e+07
-4.452424800000000000e+07
-4.465780000000000000e+07
-4.479167600000000000e+07
-4.492583600000000000e+07
-4.506030800000000000e+07
-4.519509200000000000e+07
-4.533014800000000000e+07
-4.546551200000000000e+07
-4.560120000000000000e+07
-4.573716800000000000e+07
-4.587346400000000000e+07
-4.601004000000000000e+07
-4.614692400000000000e+07
-4.628414800000000000e+07
-4.642164400000000000e+07
-4.655946400000000000e+07
-4.669757200000000000e+07
-4.683600800000000000e+07
-4.697474400000000000e+07
-4.711377600000000000e+07
-4.781361200000000000e+07
-4.795450000000000000e+07
-4.809571600000000000e+07
-4.823724800000000000e+07
-4.837906800000000000e+07
-4.852122400000000000e+07
-4.866366400000000000e+07
-4.880644800000000000e+07
-4.894952000000000000e+07
-4.909293200000000000e+07
-4.923663200000000000e+07
-4.938067200000000000e+07
-4.952500400000000000e+07
-4.966967200000000000e+07
-4.981464400000000000e+07
-4.995994400000000000e+07
-5.010554800000000000e+07
-5.025148400000000000e+07
-5.039772400000000000e+07
-5.054430400000000000e+07
-5.069117600000000000e+07
-5.083839600000000000e+07
-5.098593200000000000e+07
-5.113377200000000000e+07
-5.128195200000000000e+07
-5.143044800000000000e+07
-5.157925200000000000e+07
-5.172839600000000000e+07
-5.247894400000000000e+07
-5.263003600000000000e+07
-5.278145600000000000e+07
-5.293317600000000000e+07
-5.308522800000000000e+07
-5.323762800000000000e+07
-5.339033200000000000e+07
-5.354338800000000000e+07
-5.369675200000000000e+07
-5.385044000000000000e+07
-5.400450400000000000e+07
-5.415886000000000000e+07
-5.431356400000000000e+07
-5.446857200000000000e+07
-5.462391600000000000e+07
-5.477962000000000000e+07
-5.493564800000000000e+07
-5.509199200000000000e+07
-5.524867200000000000e+07
-5.540568000000000000e+07
-5.556304400000000000e+07
-5.572074800000000000e+07
-5.587876000000000000e+07
-5.603713200000000000e+07
-5.619584000000000000e+07
-5.635488400000000000e+07
-5.651424800000000000e+07
-5.667396400000000000e+07
-5.747758400000000000e+07
-5.763934400000000000e+07
-5.780142000000000000e+07
-5.796386000000000000e+07
-5.812664800000000000e+07
-5.828975200000000000e+07
-5.845321600000000000e+07
-5.861700400000000000e+07
-5.878116000000000000e+07
-5.894563600000000000e+07
-5.911046000000000000e+07
-5.927564800000000000e+07
-5.944116400000000000e+07
-5.960707200000000000e+07
-5.977327200000000000e+07
-5.993982800000000000e+07
-6.010675200000000000e+07
-6.027402800000000000e+07
-6.044163200000000000e+07
-6.060960000000000000e+07
-6.077789600000000000e+07
-6.094654800000000000e+07
-6.111556800000000000e+07
-6.128494400000000000e+07
-6.145466800000000000e+07
-6.162472400000000000e+07
-6.179515200000000000e+07
-6.196593200000000000e+07
-6.282510400000000000e+07
-6.299802000000000000e+07
-6.317128800000000000e+07
-6.334488800000000000e+07
-6.351887200000000000e+07
-6.369319200000000000e+07
-6.386789600000000000e+07
-6.404292800000000000e+07
-6.421835200000000000e+07
-6.439410400000000000e+07
-6.457022000000000000e+07
-6.474674800000000000e+07
-6.492358800000000000e+07
-6.510078800000000000e+07
-6.527837600000000000e+07
-6.545630400000000000e+07
-6.563461600000000000e+07
-6.581327600000000000e+07
-6.599231600000000000e+07
-6.617170400000000000e+07
-6.635144800000000000e+07
-6.653161200000000000e+07
-6.671210000000000000e+07
-6.689296800000000000e+07
-6.707418400000000000e+07
-6.725579200000000000e+07
-6.743777600000000000e+07
-6.762012000000000000e+07
