-6.501326500000000000e+06
-6.564744500000000000e+06
-6.628624500000000000e+06
-6.692972500000000000e+06
-6.757793500000000000e+06
-6.823085000000000000e+06
-6.888850000000000000e+06
-6.955094000000000000e+06
-7.021814500000000000e+06
-7.089019000000000000e+06
-8.773018000000000000e+06
-8.852489000000000000e+06
-8.932498000000000000e+06
-9.013053000000000000e+06
-9.094155000000000000e+06
-9.175806000000000000e+06
-9.258007000000000000e+06
-9.340762000000000000e+06
-9.424070000000000000e+06
-9.507942000000000000e+06
-1.159694900000000000e+07
-1.169498900000000000e+07
-1.179365200000000000e+07
-1.189294200000000000e+07
-1.199285900000000000e+07
-1.209340800000000000e+07
-1.219458800000000000e+07
-1.229640800000000000e+07
-1.239886100000000000e+07
-1.250195900000000000e+07
-1.505649400000000000e+07
-1.517580600000000000e+07
-1.529582700000000000e+07
-1.541656100000000000e+07
-1.553800900000000000e+07
-1.566018100000000000e+07
-1.578307000000000000e+07
-1.590668300000000000e+07
-1.603102100000000000e+07
-1.615609900000000000e+07
-1.924090800000000000e+07
-1.938437000000000000e+07
-1.952864000000000000e+07
-1.967371400000000000e+07
-1.981959800000000000e+07
-1.996629600000000000e+07
-2.011380600000000000e+07
-2.026213400000000000e+07
-2.041128200000000000e+07
-2.056126200000000000e+07
-2.424532200000000000e+07
-2.441600400000000000e+07
-2.458759200000000000e+07
-2.476008800000000000e+07
-2.493349400000000000e+07
-2.510781200000000000e+07
-2.528303600000000000e+07
-2.545919200000000000e+07
-2.563625400000000000e+07
-2.581424800000000000e+07
-3.017075400000000000e+07
-3.037191200000000000e+07
-3.057408200000000000e+07
-3.077726200000000000e+07
-3.098145000000000000e+07
-3.118667200000000000e+07
-3.139289200000000000e+07
-3.160014200000000000e+07
-3.180842200000000000e+07
-3.201773000000000000e+07
-3.712411200000000000e+07
-3.735918400000000000e+07
-3.759537600000000000e+07
-3.783267600000000000e+07
-3.807111200000000000e+07
-3.831067200000000000e+07
-3.855136400000000000e+07
-3.879319200000000000e+07
-3.903614400000000000e+07
-3.928025600000000000e+07
-4.521817600000000000e+07
-4.549078800000000000e+07
-4.576461200000000000e+07
-4.603969200000000000e+07
-4.631599200000000000e+07
-4.659353600000000000e+07
-4.687233600000000000e+07
-4.715238400000000000e+07
-4.743369600000000000e+07
-4.771626800000000000e+07
-5.457162000000000000e+07
-5.488554400000000000e+07
-5.520082800000000000e+07
-5.551746800000000000e+07
-5.583547600000000000e+07
-5.615484800000000000e+07
-5.647557600000000000e+07
-5.679771600000000000e+07
-5.712120800000000000e+07
-5.744610000000000000e+07
