-6.907810058593750000e+02
-6.926871337890625000e+02
-6.945964965820312500e+02
-6.965100097656250000e+02
-6.984269409179687500e+02
-7.003487548828125000e+02
-7.022735595703125000e+02
-7.042024536132812500e+02
-7.061343994140625000e+02
-7.080719604492187500e+02
-7.100131225585937500e+02
-7.119560546875000000e+02
-7.139056396484375000e+02
-7.158563232421875000e+02
-7.178140258789062500e+02
-7.197734985351562500e+02
-7.217390136718750000e+02
-7.237049560546875000e+02
-7.256771240234375000e+02
-7.276528320312500000e+02
-7.296322021484375000e+02
-7.316154785156250000e+02
-7.336036376953125000e+02
-7.355961303710937500e+02
-7.375909423828125000e+02
-7.395893554687500000e+02
-7.415921630859375000e+02
-7.436004638671875000e+02
-7.536972656250000000e+02
-7.557285156250000000e+02
-7.577635498046875000e+02
-7.598012695312500000e+02
-7.618458251953125000e+02
-7.638922119140625000e+02
-7.659428710937500000e+02
-7.679985961914062500e+02
-7.700587158203125000e+02
-7.721211547851562500e+02
-7.741903686523437500e+02
-7.762612915039062500e+02
-7.783353271484375000e+02
-7.804174804687500000e+02
-7.825003662109375000e+02
-7.845891723632812500e+02
-7.866784667968750000e+02
-7.887755126953125000e+02
-7.908754882812500000e+02
-7.929800415039062500e+02
-7.950876464843750000e+02
-7.972003784179687500e+02
-7.993175048828125000e+02
-8.014378051757812500e+02
-8.035621948242187500e+02
-8.056911010742187500e+02
-8.078243408203125000e+02
-8.099614868164062500e+02
-8.207083740234375000e+02
-8.228707275390625000e+02
-8.250362548828125000e+02
-8.272070312500000000e+02
-8.293816528320312500e+02
-8.315614013671875000e+02
-8.337419433593750000e+02
-8.359298095703125000e+02
-8.381194458007812500e+02
-8.403163452148437500e+02
-8.425166015625000000e+02
-8.447205200195312500e+02
-8.469284667968750000e+02
-8.491413574218750000e+02
-8.513594360351562500e+02
-8.535779418945312500e+02
-8.558038330078125000e+02
-8.580322265625000000e+02
-8.602669677734375000e+02
-8.625041503906250000e+02
-8.647468872070312500e+02
-8.669933471679687500e+02
-8.692437744140625000e+02
-8.714989013671875000e+02
-8.737585449218750000e+02
-8.760225830078125000e+02
-8.782897949218750000e+02
-8.805625000000000000e+02
-8.919875488281250000e+02
-8.942857666015625000e+02
-8.965879516601562500e+02
-8.988948364257812500e+02
-9.012070922851562500e+02
-9.035220947265625000e+02
-9.058416748046875000e+02
-9.081653442382812500e+02
-9.104951171875000000e+02
-9.128264770507812500e+02
-9.151646728515625000e+02
-9.175062255859375000e+02
-9.198540039062500000e+02
-9.222035522460937500e+02
-9.245585937500000000e+02
-9.269185180664062500e+02
-9.292820434570312500e+02
-9.316512451171875000e+02
-9.340220947265625000e+02
-9.364008789062500000e+02
-9.387805786132812500e+02
-9.411674194335937500e+02
-9.435584106445312500e+02
-9.459522094726562500e+02
-9.483525390625000000e+02
-9.507559814453125000e+02
-9.531652221679687500e+02
-9.555784912109375000e+02
-9.677098999023437500e+02
-9.701491088867187500e+02
-9.725930786132812500e+02
-9.750415649414062500e+02
-9.774943847656250000e+02
-9.799526367187500000e+02
-9.824167480468750000e+02
-9.848834838867187500e+02
-9.873534545898437500e+02
-9.898307495117187500e+02
-9.923104248046875000e+02
-9.947957763671875000e+02
-9.972851562500000000e+02
-9.997804565429687500e+02
-1.002277404785156250e+03
-1.004783508300781250e+03
-1.007291259765625000e+03
-1.009804504394531250e+03
-1.012321166992187500e+03
-1.014843566894531250e+03
-1.017369384765625000e+03
-1.019901123046875000e+03
-1.022437011718750000e+03
-1.024977050781250000e+03
-1.027521728515625000e+03
-1.030071655273437500e+03
-1.032625732421875000e+03
-1.035184692382812500e+03
-1.048050781250000000e+03
-1.050637573242187500e+03
-1.053229492187500000e+03
-1.055824829101562500e+03
-1.058427734375000000e+03
-1.061032348632812500e+03
-1.063642700195312500e+03
-1.066258789062500000e+03
-1.068879394531250000e+03
-1.071504394531250000e+03
-1.074133422851562500e+03
-1.076767822265625000e+03
-1.079405639648437500e+03
-1.082049072265625000e+03
-1.084699340820312500e+03
-1.087351562500000000e+03
-1.090008789062500000e+03
-1.092672973632812500e+03
-1.095340698242187500e+03
-1.098013671875000000e+03
-1.100691406250000000e+03
-1.103372680664062500e+03
-1.106060058593750000e+03
-1.108752563476562500e+03
-1.111447875976562500e+03
-1.114148437500000000e+03
-1.116854248046875000e+03
-1.119565551757812500e+03
-1.133193481445312500e+03
-1.135934082031250000e+03
-1.138677856445312500e+03
-1.141427612304687500e+03
-1.144182128906250000e+03
-1.146942626953125000e+03
-1.149705810546875000e+03
-1.152475341796875000e+03
-1.155250244140625000e+03
-1.158029052734375000e+03
-1.160814941406250000e+03
-1.163602905273437500e+03
-1.166397705078125000e+03
-1.169195556640625000e+03
-1.172000488281250000e+03
-1.174807983398437500e+03
-1.177621337890625000e+03
-1.180440307617187500e+03
-1.183265380859375000e+03
-1.186094116210937500e+03
-1.188925659179687500e+03
-1.191766723632812500e+03
-1.194610229492187500e+03
-1.197459472656250000e+03
-1.200311401367187500e+03
-1.203169677734375000e+03
-1.206034301757812500e+03
-1.208902587890625000e+03
-1.223321411132812500e+03
-1.226220336914062500e+03
-1.229124877929687500e+03
-1.232033447265625000e+03
-1.234946655273437500e+03
-1.237864624023437500e+03
-1.240789794921875000e+03
-1.243719726562500000e+03
-1.246654174804687500e+03
-1.249594238281250000e+03
-1.252538085937500000e+03
-1.255489257812500000e+03
-1.258443725585937500e+03
-1.261405639648437500e+03
-1.264367553710937500e+03
-1.267337890625000000e+03
-1.270314819335937500e+03
-1.273293945312500000e+03
-1.276279663085937500e+03
-1.279269165039062500e+03
-1.282267211914062500e+03
-1.285265991210937500e+03
-1.288275390625000000e+03
-1.291285522460937500e+03
-1.294302734375000000e+03
-1.297324584960937500e+03
-1.300351440429687500e+03
-1.303383666992187500e+03
-1.318623535156250000e+03
-1.321685791015625000e+03
-1.324754638671875000e+03
-1.327831420898437500e+03
-1.330910888671875000e+03
-1.333994995117187500e+03
-1.337084716796875000e+03
-1.340178955078125000e+03
-1.343280029296875000e+03
-1.346383911132812500e+03
-1.349496582031250000e+03
-1.352612060546875000e+03
-1.355735229492187500e+03
-1.358860351562500000e+03
-1.361995117187500000e+03
-1.365132324218750000e+03
-1.368275390625000000e+03
-1.371424316406250000e+03
-1.374574951171875000e+03
-1.377734619140625000e+03
-1.380899414062500000e+03
-1.384071166992187500e+03
-1.387241821289062500e+03
-1.390425292968750000e+03
-1.393610717773437500e+03
-1.396802978515625000e+03
-1.399999145507812500e+03
-1.403199584960937500e+03
-1.419289794921875000e+03
-1.422523925781250000e+03
-1.425764282226562500e+03
-1.429010864257812500e+03
-1.432261108398437500e+03
-1.435517333984375000e+03
-1.438779663085937500e+03
-1.442046875000000000e+03
-1.445319213867187500e+03
-1.448595581054687500e+03
-1.451879394531250000e+03
-1.455168945312500000e+03
-1.458463623046875000e+03
-1.461763305664062500e+03
-1.465070556640625000e+03
-1.468381713867187500e+03
-1.471696777343750000e+03
-1.475021118164062500e+03
-1.478346191406250000e+03
-1.481679443359375000e+03
-1.485018798828125000e+03
-1.488362304687500000e+03
-1.491712646484375000e+03
-1.495066650390625000e+03
-1.498429809570312500e+03
-1.501795898437500000e+03
-1.505166992187500000e+03
-1.508546386718750000e+03
-1.525516845703125000e+03
-1.528929321289062500e+03
-1.532347045898437500e+03
-1.535769775390625000e+03
-1.539195434570312500e+03
-1.542630004882812500e+03
-1.546070678710937500e+03
-1.549515625000000000e+03
-1.552968750000000000e+03
-1.556424804687500000e+03
-1.559886596679687500e+03
-1.563354736328125000e+03
-1.566826660156250000e+03
-1.570306274414062500e+03
-1.573790771484375000e+03
-1.577282592773437500e+03
-1.580777709960937500e+03
-1.584279785156250000e+03
-1.587791625976562500e+03
-1.591302734375000000e+03
-1.594822143554687500e+03
-1.598346923828125000e+03
-1.601877807617187500e+03
-1.605415039062500000e+03
-1.608957031250000000e+03
-1.612504150390625000e+03
-1.616057739257812500e+03
-1.619618652343750000e+03
-1.637505249023437500e+03
-1.641099365234375000e+03
-1.644698608398437500e+03
-1.648305541992187500e+03
-1.651917724609375000e+03
-1.655534057617187500e+03
-1.659158569335937500e+03
-1.662789184570312500e+03
-1.666423217773437500e+03
-1.670067016601562500e+03
-1.673713623046875000e+03
-1.677365722656250000e+03
-1.681026489257812500e+03
-1.684690917968750000e+03
-1.688360717773437500e+03
-1.692035766601562500e+03
-1.695719726562500000e+03
-1.699407836914062500e+03
-1.703100952148437500e+03
-1.706802124023437500e+03
-1.710508544921875000e+03
-1.714221679687500000e+03
-1.717940551757812500e+03
-1.721664794921875000e+03
-1.725395629882812500e+03
-1.729130737304687500e+03
-1.732873291015625000e+03
-1.736619262695312500e+03
-1.755451904296875000e+03
-1.759235473632812500e+03
-1.763024047851562500e+03
-1.766820312500000000e+03
-1.770623168945312500e+03
-1.774431518554687500e+03
-1.778244140625000000e+03
-1.782065917968750000e+03
-1.785892944335937500e+03
-1.789723266601562500e+03
-1.793562377929687500e+03
-1.797407836914062500e+03
-1.801261230468750000e+03
-1.805116333007812500e+03
-1.808978027343750000e+03
-1.812846679687500000e+03
-1.816720825195312500e+03
-1.820602905273437500e+03
-1.824489746093750000e+03
-1.828379760742187500e+03
-1.832283813476562500e+03
-1.836188720703125000e+03
-1.840101318359375000e+03
-1.844018310546875000e+03
-1.847945800781250000e+03
-1.851874633789062500e+03
-1.855811523437500000e+03
-1.859753784179687500e+03
-1.879564941406250000e+03
-1.883543945312500000e+03
-1.887529907226562500e+03
-1.891525756835937500e+03
-1.895522094726562500e+03
-1.899527832031250000e+03
-1.903538085937500000e+03
-1.907557739257812500e+03
-1.911579223632812500e+03
-1.915610107421875000e+03
-1.919647338867187500e+03
-1.923688842773437500e+03
-1.927738891601562500e+03
-1.931794189453125000e+03
-1.935856567382812500e+03
-1.939924682617187500e+03
-1.943997192382812500e+03
-1.948076293945312500e+03
-1.952163085937500000e+03
-1.956255615234375000e+03
-1.960355468750000000e+03
-1.964463500976562500e+03
-1.968574462890625000e+03
-1.972692749023437500e+03
-1.976819824218750000e+03
-1.980952758789062500e+03
-1.985084960937500000e+03
-1.989233276367187500e+03
-2.010049072265625000e+03
-2.014231201171875000e+03
-2.018424560546875000e+03
-2.022616943359375000e+03
-2.026819213867187500e+03
-2.031029785156250000e+03
-2.035242919921875000e+03
-2.039464355468750000e+03
-2.043693115234375000e+03
-2.047923706054687500e+03
-2.052165527343750000e+03
-2.056414306640625000e+03
-2.060667724609375000e+03
-2.064928955078125000e+03
-2.069194824218750000e+03
-2.073467529296875000e+03
-2.077749023437500000e+03
-2.082033691406250000e+03
-2.086325683593750000e+03
-2.090627441406250000e+03
-2.094935058593750000e+03
-2.099240234375000000e+03
-2.103564453125000000e+03
-2.107890625000000000e+03
-2.112223876953125000e+03
-2.116561523437500000e+03
-2.120907958984375000e+03
-2.125260498046875000e+03
-2.147123535156250000e+03
-2.151515136718750000e+03
-2.155914794921875000e+03
-2.160321533203125000e+03
-2.164728759765625000e+03
-2.169150146484375000e+03
-2.173576416015625000e+03
-2.178008789062500000e+03
-2.182445312500000000e+03
-2.186891601562500000e+03
-2.191344970703125000e+03
-2.195802001953125000e+03
-2.200269042968750000e+03
-2.204739257812500000e+03
-2.209220947265625000e+03
-2.213702148437500000e+03
-2.218197998046875000e+03
-2.222696044921875000e+03
-2.227204345703125000e+03
-2.231718505859375000e+03
-2.236231689453125000e+03
-2.240762695312500000e+03
-2.245294921875000000e+03
-2.249834228515625000e+03
-2.254380859375000000e+03
-2.258933837890625000e+03
-2.263491210937500000e+03
-2.268062011718750000e+03
-2.290998291015625000e+03
-2.295606445312500000e+03
-2.300220947265625000e+03
-2.304841308593750000e+03
-2.309470947265625000e+03
-2.314104003906250000e+03
-2.318748535156250000e+03
-2.323398925781250000e+03
-2.328053710937500000e+03
-2.332716308593750000e+03
-2.337389648437500000e+03
-2.342064453125000000e+03
-2.346747070312500000e+03
-2.351437255859375000e+03
-2.356139160156250000e+03
-2.360842285156250000e+03
-2.365550537109375000e+03
-2.370273925781250000e+03
-2.374999023437500000e+03
-2.379727539062500000e+03
-2.384470947265625000e+03
-2.389215332031250000e+03
-2.393970703125000000e+03
-2.398730957031250000e+03
-2.403498535156250000e+03
-2.408274169921875000e+03
-2.413053710937500000e+03
-2.417844238281250000e+03
-2.441896484375000000e+03
-2.446729980468750000e+03
-2.451568359375000000e+03
-2.456409667968750000e+03
-2.461262207031250000e+03
-2.466124023437500000e+03
-2.470988037109375000e+03
-2.475863769531250000e+03
-2.480742431640625000e+03
-2.485633789062500000e+03
-2.490523437500000000e+03
-2.495425781250000000e+03
-2.500337646484375000e+03
-2.505256347656250000e+03
-2.510175537109375000e+03
-2.515112060546875000e+03
-2.520045654296875000e+03
-2.524993408203125000e+03
-2.529940917968750000e+03
-2.534898437500000000e+03
-2.539868408203125000e+03
-2.544846435546875000e+03
-2.549822265625000000e+03
-2.554810791015625000e+03
-2.559810791015625000e+03
-2.564808837890625000e+03
-2.569824707031250000e+03
-2.574839843750000000e+03
-2.600033691406250000e+03
-2.605090576171875000e+03
-2.610164794921875000e+03
-2.615239013671875000e+03
-2.620321289062500000e+03
-2.625416503906250000e+03
-2.630505615234375000e+03
-2.635616943359375000e+03
-2.640724121093750000e+03
-2.645845214843750000e+03
-2.650971679687500000e+03
-2.656107177734375000e+03
-2.661248779296875000e+03
-2.666398925781250000e+03
-2.671553955078125000e+03
-2.676717285156250000e+03
-2.681891113281250000e+03
-2.687068359375000000e+03
-2.692255371093750000e+03
-2.697448974609375000e+03
-2.702650878906250000e+03
-2.707857910156250000e+03
-2.713074707031250000e+03
-2.718296630859375000e+03
-2.723524902343750000e+03
-2.728765625000000000e+03
-2.734013183593750000e+03
-2.739257324218750000e+03
-2.765640625000000000e+03
-2.770945556640625000e+03
-2.776252197265625000e+03
-2.781566406250000000e+03
-2.786882324218750000e+03
-2.792209716796875000e+03
-2.797551025390625000e+03
-2.802888671875000000e+03
-2.808241455078125000e+03
-2.813599365234375000e+03
-2.818964111328125000e+03
-2.824338623046875000e+03
-2.829717773437500000e+03
-2.835111816406250000e+03
-2.840506103515625000e+03
-2.845910156250000000e+03
-2.851321289062500000e+03
-2.856742675781250000e+03
-2.862170654296875000e+03
-2.867604492187500000e+03
-2.873048828125000000e+03
-2.878489501953125000e+03
-2.883948974609375000e+03
-2.889420654296875000e+03
-2.894894042968750000e+03
-2.900372314453125000e+03
-2.905863281250000000e+03
-2.911359619140625000e+03
-2.938954101562500000e+03
-2.944489746093750000e+03
-2.950041015625000000e+03
-2.955601806640625000e+03
-2.961167724609375000e+03
-2.966738769531250000e+03
-2.972326660156250000e+03
-2.977915771484375000e+03
-2.983502197265625000e+03
-2.989109863281250000e+03
-2.994723144531250000e+03
-3.000343750000000000e+03
-3.005972900390625000e+03
-3.011613525390625000e+03
-3.017251953125000000e+03
-3.022906494140625000e+03
-3.028559082031250000e+03
-3.034229248046875000e+03
-3.039911865234375000e+03
-3.045588867187500000e+03
-3.051280029296875000e+03
-3.056979980468750000e+03
-3.062691894531250000e+03
-3.068397460937500000e+03
-3.074126464843750000e+03
-3.079851806640625000e+03
-3.085589599609375000e+03
-3.091341552734375000e+03
-3.120190673828125000e+03
-3.125984130859375000e+03
-3.131788330078125000e+03
-3.137595947265625000e+03
-3.143415039062500000e+03
-3.149244873046875000e+03
-3.155076416015625000e+03
-3.160918701171875000e+03
-3.166770019531250000e+03
-3.172626464843750000e+03
-3.178493652343750000e+03
-3.184371337890625000e+03
-3.190247802734375000e+03
-3.196143554687500000e+03
-3.202038085937500000e+03
-3.207943847656250000e+03
-3.213860839843750000e+03
-3.219782958984375000e+03
-3.225716308593750000e+03
-3.231655761718750000e+03
-3.237602050781250000e+03
-3.243557373046875000e+03
-3.249521972656250000e+03
-3.255487792968750000e+03
-3.261468505859375000e+03
-3.267462890625000000e+03
-3.273451416015625000e+03
-3.279460205078125000e+03
-3.309601562500000000e+03
-3.315653320312500000e+03
-3.321713623046875000e+03
-3.327785644531250000e+03
-3.333862548828125000e+03
-3.339941406250000000e+03
-3.346040527343750000e+03
-3.352142578125000000e+03
-3.358257080078125000e+03
-3.364377929687500000e+03
-3.370499267578125000e+03
-3.376644287109375000e+03
-3.382780517578125000e+03
-3.388934082031250000e+03
-3.395091796875000000e+03
-3.401262939453125000e+03
-3.407449218750000000e+03
-3.413627197265625000e+03
-3.419820556640625000e+03
-3.426023925781250000e+03
-3.432230712890625000e+03
-3.438445068359375000e+03
-3.444687744140625000e+03
-3.450920898437500000e+03
-3.457155517578125000e+03
-3.463408935546875000e+03
-3.469673095703125000e+03
-3.475936767578125000e+03
-3.507421386718750000e+03
-3.513746337890625000e+03
-3.520068359375000000e+03
-3.526396728515625000e+03
-3.532740234375000000e+03
-3.539099121093750000e+03
-3.545461425781250000e+03
-3.551835205078125000e+03
-3.558206787109375000e+03
-3.564607421875000000e+03
-3.570995361328125000e+03
-3.577399658203125000e+03
-3.583812500000000000e+03
-3.590230468750000000e+03
-3.596670166015625000e+03
-3.603101806640625000e+03
-3.609553710937500000e+03
-3.616010742187500000e+03
-3.622465576171875000e+03
-3.628946044921875000e+03
-3.635428222656250000e+03
-3.641921630859375000e+03
-3.648413818359375000e+03
-3.654931640625000000e+03
-3.661438964843750000e+03
-3.667961669921875000e+03
-3.674498779296875000e+03
-3.681039062500000000e+03
-3.713875488281250000e+03
-3.720474609375000000e+03
-3.727079833984375000e+03
-3.733682128906250000e+03
-3.740307861328125000e+03
-3.746934814453125000e+03
-3.753578125000000000e+03
-3.760220458984375000e+03
-3.766872802734375000e+03
-3.773542968750000000e+03
-3.780208740234375000e+03
-3.786890136718750000e+03
-3.793588134765625000e+03
-3.800286132812500000e+03
-3.806994140625000000e+03
-3.813705810546875000e+03
-3.820426757812500000e+03
-3.827168945312500000e+03
-3.833912841796875000e+03
-3.840654541015625000e+03
-3.847422607421875000e+03
-3.854190429687500000e+03
-3.860972167968750000e+03
-3.867755126953125000e+03
-3.874556640625000000e+03
-3.881361083984375000e+03
-3.888168212890625000e+03
-3.894992675781250000e+03
-3.929241455078125000e+03
-3.936122314453125000e+03
-3.943002197265625000e+03
-3.949903076171875000e+03
-3.956807128906250000e+03
-3.963718261718750000e+03
-3.970639892578125000e+03
-3.977560058593750000e+03
-3.984507812500000000e+03
-3.991446044921875000e+03
-3.998412353515625000e+03
-4.005379150390625000e+03
-4.012347900390625000e+03
-4.019328613281250000e+03
-4.026324951171875000e+03
-4.033332031250000000e+03
-4.040348632812500000e+03
-4.047357666015625000e+03
-4.054393310546875000e+03
-4.061435302734375000e+03
-4.068466796875000000e+03
-4.075533203125000000e+03
-4.082598876953125000e+03
-4.089672851562500000e+03
-4.096764648437500000e+03
-4.103854003906250000e+03
-4.110952636718750000e+03
-4.118061523437500000e+03
-4.153750000000000000e+03
-4.160928710937500000e+03
-4.168081542968750000e+03
-4.175278320312500000e+03
-4.182479492187500000e+03
-4.189663574218750000e+03
-4.196882324218750000e+03
-4.204113769531250000e+03
-4.211345703125000000e+03
-4.218572265625000000e+03
-4.225825195312500000e+03
-4.233088378906250000e+03
-4.240348144531250000e+03
-4.247639648437500000e+03
-4.254916992187500000e+03
-4.262206054687500000e+03
-4.269509765625000000e+03
-4.276827636718750000e+03
-4.284150878906250000e+03
-4.291496582031250000e+03
-4.298822753906250000e+03
-4.306175292968750000e+03
-4.313546875000000000e+03
-4.320912597656250000e+03
-4.328283691406250000e+03
-4.335677246093750000e+03
-4.343079101562500000e+03
-4.350491699218750000e+03
-4.387665527343750000e+03
-4.395133300781250000e+03
-4.402612792968750000e+03
-4.410074707031250000e+03
-4.417580078125000000e+03
-4.425086914062500000e+03
-4.432599609375000000e+03
-4.440111328125000000e+03
-4.447649902343750000e+03
-4.455180175781250000e+03
-4.462729003906250000e+03
-4.470300292968750000e+03
-4.477859863281250000e+03
-4.485429199218750000e+03
-4.493023925781250000e+03
-4.500622070312500000e+03
-4.508219726562500000e+03
-4.515848632812500000e+03
-4.523475585937500000e+03
-4.531089355468750000e+03
-4.538759277343750000e+03
-4.546408691406250000e+03
-4.554069824218750000e+03
-4.561741210937500000e+03
-4.569427734375000000e+03
-4.577120117187500000e+03
-4.584822265625000000e+03
-4.592530761718750000e+03
