-9.995707812500000000e+04
-1.016305546875000000e+05
-1.033249531250000000e+05
-1.050404531250000000e+05
-1.067772265625000000e+05
-1.085354218750000000e+05
-1.103152578125000000e+05
-1.121169062500000000e+05
-1.139405078125000000e+05
-1.157862734375000000e+05
-1.176543593750000000e+05
-1.195449765625000000e+05
-1.214582734375000000e+05
-1.233944531250000000e+05
-1.647733906250000000e+05
-1.672061093750000000e+05
-1.696656406250000000e+05
-1.721521875000000000e+05
-1.746660312500000000e+05
-1.772072656250000000e+05
-1.797761562500000000e+05
-1.823728750000000000e+05
-1.849975468750000000e+05
-1.876505000000000000e+05
-1.903318750000000000e+05
-1.930418750000000000e+05
-1.957807343750000000e+05
-1.985486250000000000e+05
-2.569319062500000000e+05
-2.603244687500000000e+05
-2.637504375000000000e+05
-2.672102187500000000e+05
-2.707039062500000000e+05
-2.742317187500000000e+05
-2.777938750000000000e+05
-2.813906875000000000e+05
-2.850221875000000000e+05
-2.886887812500000000e+05
-2.923906250000000000e+05
-2.961280000000000000e+05
-2.999011250000000000e+05
-3.037100625000000000e+05
-3.832161562500000000e+05
-3.877926250000000000e+05
-3.924100000000000000e+05
-3.970684375000000000e+05
-4.017682812500000000e+05
-4.065096562500000000e+05
-4.112929375000000000e+05
-4.161181562500000000e+05
-4.209860000000000000e+05
-4.258961562500000000e+05
-4.308492500000000000e+05
-4.358454687500000000e+05
-4.408850000000000000e+05
-4.459678750000000000e+05
-5.511618125000000000e+05
-5.571698750000000000e+05
-5.632267500000000000e+05
-5.693331250000000000e+05
-5.754888750000000000e+05
-5.816945000000000000e+05
-5.879501250000000000e+05
-5.942559375000000000e+05
-6.006126250000000000e+05
-6.070198750000000000e+05
-6.134783750000000000e+05
-6.199883125000000000e+05
-6.265500000000000000e+05
-6.331635000000000000e+05
-7.690568750000000000e+05
-7.767677500000000000e+05
-7.845361250000000000e+05
-7.923628750000000000e+05
-8.002481250000000000e+05
-8.081918750000000000e+05
-8.161942500000000000e+05
-8.242565000000000000e+05
-8.323783125000000000e+05
-8.405597500000000000e+05
-8.488018750000000000e+05
-8.571035000000000000e+05
-8.654663750000000000e+05
-8.738902500000000000e+05
-1.045941937500000000e+06
-1.055650125000000000e+06
-1.065425625000000000e+06
-1.075268625000000000e+06
-1.085180000000000000e+06
-1.095159500000000000e+06
-1.105207500000000000e+06
-1.115324875000000000e+06
-1.125511875000000000e+06
-1.135767750000000000e+06
-1.146093625000000000e+06
-1.156490000000000000e+06
-1.166957125000000000e+06
-1.177494750000000000e+06
-1.391609750000000000e+06
-1.403633375000000000e+06
-1.415734750000000000e+06
-1.427913625000000000e+06
-1.440172000000000000e+06
-1.452508250000000000e+06
-1.464923500000000000e+06
-1.477418500000000000e+06
-1.489993250000000000e+06
-1.502647750000000000e+06
-1.515383625000000000e+06
-1.528199125000000000e+06
-1.541096625000000000e+06
-1.554074750000000000e+06
-1.816604750000000000e+06
-1.831285750000000000e+06
-1.846054625000000000e+06
-1.860914250000000000e+06
-1.875861875000000000e+06
-1.890899750000000000e+06
-1.906027500000000000e+06
-1.921246375000000000e+06
-1.936556375000000000e+06
-1.951956375000000000e+06
-1.967449875000000000e+06
-1.983034250000000000e+06
-1.998711250000000000e+06
-2.014482000000000000e+06
-2.332225750000000000e+06
-2.349927750000000000e+06
-2.367731250000000000e+06
-2.385635500000000000e+06
-2.403641500000000000e+06
-2.421749500000000000e+06
-2.439958500000000000e+06
-2.458271000000000000e+06
-2.476686000000000000e+06
-2.495203750000000000e+06
-2.513826250000000000e+06
-2.532551500000000000e+06
-2.551382000000000000e+06
-2.570317500000000000e+06
-2.950520000000000000e+06
-2.971633250000000000e+06
-2.992860500000000000e+06
-3.014200750000000000e+06
-3.035655000000000000e+06
-3.057223750000000000e+06
-3.078907500000000000e+06
-3.100706000000000000e+06
-3.122619750000000000e+06
-3.144651000000000000e+06
-3.166796250000000000e+06
-3.189058500000000000e+06
-3.211440000000000000e+06
-3.233938000000000000e+06
-3.684290000000000000e+06
-3.709227750000000000e+06
-3.734291000000000000e+06
-3.759481500000000000e+06
-3.784799000000000000e+06
-3.810243250000000000e+06
-3.835816750000000000e+06
-3.861518000000000000e+06
-3.887348750000000000e+06
-3.913309500000000000e+06
-3.939397250000000000e+06
-3.965618000000000000e+06
-3.991969000000000000e+06
-4.018450000000000000e+06
-4.547094000000000000e+06
-4.576287000000000000e+06
-4.605624500000000000e+06
-4.635101500000000000e+06
-4.664718500000000000e+06
-4.694480000000000000e+06
-4.724381500000000000e+06
-4.754426000000000000e+06
-4.784615500000000000e+06
-4.814946000000000000e+06
-4.845420000000000000e+06
-4.876039000000000000e+06
-4.906806000000000000e+06
-4.937713500000000000e+06
-5.553231500000000000e+06
-5.587146000000000000e+06
-5.621215000000000000e+06
-5.655440000000000000e+06
-5.689819000000000000e+06
-5.724355000000000000e+06
-5.759050000000000000e+06
-5.793903000000000000e+06
-5.828912000000000000e+06
-5.864078000000000000e+06
-5.899405500000000000e+06
-5.934893000000000000e+06
-5.970537000000000000e+06
-6.006342000000000000e+06
