2.261932849884033203e+00
2.268386363983154297e+00
2.274839878082275391e+00
2.281293392181396484e+00
2.287746667861938477e+00
2.294200420379638672e+00
2.300653696060180664e+00
2.307107210159301758e+00
2.313560485839843750e+00
2.320013999938964844e+00
2.468442440032958984e+00
2.474896192550659180e+00
2.481348991394042969e+00
2.487802505493164062e+00
2.494256258010864258e+00
2.500709772109985352e+00
2.507163047790527344e+00
2.513616561889648438e+00
2.520069837570190430e+00
2.526523113250732422e+00
2.674952268600463867e+00
2.681405067443847656e+00
2.687858819961547852e+00
2.694312095642089844e+00
2.700765371322631836e+00
2.707218885421752930e+00
2.713672637939453125e+00
2.720125913619995117e+00
2.726579666137695312e+00
2.733032941818237305e+00
2.881461620330810547e+00
2.887914896011352539e+00
2.894368648529052734e+00
2.900821685791015625e+00
2.907274961471557617e+00
2.913728475570678711e+00
2.920181989669799805e+00
2.926635503768920898e+00
2.933089017868041992e+00
2.939542293548583984e+00
3.087971210479736328e+00
3.094424247741699219e+00
3.100878238677978516e+00
3.107331037521362305e+00
3.113784074783325195e+00
3.120237827301025391e+00
3.126691102981567383e+00
3.133144855499267578e+00
3.139598369598388672e+00
3.146052122116088867e+00
3.294481039047241211e+00
3.300934076309204102e+00
3.307387351989746094e+00
3.313840150833129883e+00
3.320294380187988281e+00
3.326747655868530273e+00
3.333201408386230469e+00
3.339654445648193359e+00
3.346107721328735352e+00
3.352561235427856445e+00
3.500989675521850586e+00
3.507443904876708984e+00
3.513897180557250977e+00
3.520349740982055664e+00
3.526804208755493164e+00
3.533257484436035156e+00
3.539711475372314453e+00
3.546163558959960938e+00
3.552618026733398438e+00
3.559070825576782227e+00
3.707499980926513672e+00
3.713952302932739258e+00
3.720405817031860352e+00
3.726860284805297852e+00
3.733312606811523438e+00
3.739767789840698242e+00
3.746219873428344727e+00
3.752673387527465820e+00
3.759126663208007812e+00
3.765579700469970703e+00
3.914008378982543945e+00
3.920462369918823242e+00
3.926915645599365234e+00
3.933369398117065430e+00
3.939822435379028320e+00
3.946275711059570312e+00
3.952729701995849609e+00
3.959183454513549805e+00
3.965636253356933594e+00
3.972090721130371094e+00
4.120519161224365234e+00
4.126972198486328125e+00
4.133426189422607422e+00
4.139878749847412109e+00
4.146331787109375000e+00
4.152785301208496094e+00
4.159239768981933594e+00
4.165692329406738281e+00
4.172146320343017578e+00
4.178598880767822266e+00
