-1.122843846678733826e-01
-1.123302951455116272e-01
-1.123762652277946472e-01
-1.124222725629806519e-01
-1.124682053923606873e-01
-1.125142350792884827e-01
-1.125601083040237427e-01
-1.126061603426933289e-01
-1.126521304249763489e-01
-1.126981005072593689e-01
-1.127440333366394043e-01
-1.127900630235671997e-01
-1.128359362483024597e-01
-1.128819212317466736e-01
-1.129278540611267090e-01
-1.129739210009574890e-01
-1.130198389291763306e-01
-1.130657717585563660e-01
-1.131117567420005798e-01
-1.131577119231224060e-01
-1.132036596536636353e-01
-1.132496297359466553e-01
-1.132956445217132568e-01
-1.133415773510932922e-01
-1.133875250816345215e-01
-1.134335324168205261e-01
-1.134795024991035461e-01
-1.135254353284835815e-01
-1.137553304433822632e-01
-1.138012260198593140e-01
-1.138472482562065125e-01
-1.138932257890701294e-01
-1.139391362667083740e-01
-1.139851287007331848e-01
-1.140310987830162048e-01
-1.140770688652992249e-01
-1.141230389475822449e-01
-1.141689866781234741e-01
-1.142150014638900757e-01
-1.142609342932701111e-01
-1.143069043755531311e-01
-1.143528744578361511e-01
-1.143988072872161865e-01
-1.144448295235633850e-01
-1.144907474517822266e-01
-1.145366951823234558e-01
-1.145827248692512512e-01
-1.146286427974700928e-01
-1.146746128797531128e-01
-1.147206202149391174e-01
-1.147665679454803467e-01
-1.148124858736991882e-01
-1.148584708571434021e-01
-1.149044856429100037e-01
-1.149504184722900391e-01
-1.149964258074760437e-01
-1.152262389659881592e-01
-1.152721941471099854e-01
-1.153181046247482300e-01
-1.153641119599342346e-01
-1.154100820422172546e-01
-1.154561340808868408e-01
-1.155019700527191162e-01
-1.155479773879051208e-01
-1.155939474701881409e-01
-1.156398802995681763e-01
-1.156858727335929871e-01
-1.157318800687789917e-01
-1.157778874039649963e-01
-1.158238202333450317e-01
-1.158697679638862610e-01
-1.159157231450080872e-01
-1.159617304801940918e-01
-1.160076633095741272e-01
-1.160535961389541626e-01
-1.160996034741401672e-01
-1.161455586552619934e-01
-1.161915287375450134e-01
-1.162375584244728088e-01
-1.162835061550140381e-01
-1.163294017314910889e-01
-1.163754314184188843e-01
-1.164213791489601135e-01
-1.164673492312431335e-01
-1.166971847414970398e-01
-1.167430803179740906e-01
-1.167890727519989014e-01
-1.168350800871849060e-01
-1.168809905648231506e-01
-1.169270202517509460e-01
-1.169729754328727722e-01
-1.170189082622528076e-01
-1.170648783445358276e-01
-1.171108633279800415e-01
-1.171568185091018677e-01
-1.172027885913848877e-01
-1.172487810254096985e-01
-1.172947287559509277e-01
-1.173407211899757385e-01
-1.173866689205169678e-01
-1.174326613545417786e-01
-1.174786314368247986e-01
-1.175245270133018494e-01
-1.175704747438430786e-01
-1.176165044307708740e-01
-1.176624596118927002e-01
-1.177084445953369141e-01
-1.177543774247169495e-01
-1.178003326058387756e-01
-1.178463399410247803e-01
-1.178922727704048157e-01
-1.179383173584938049e-01
-1.181681305170059204e-01
-1.182141080498695374e-01
-1.182600781321525574e-01
-1.183059886097908020e-01
-1.183519810438156128e-01
-1.183979287743568420e-01
-1.184438839554786682e-01
-1.184898316860198975e-01
-1.185358017683029175e-01
-1.185818165540695190e-01
-1.186277866363525391e-01
-1.186737567186355591e-01
-1.187196895480155945e-01
-1.187656596302986145e-01
-1.188116297125816345e-01
-1.188575997948646545e-01
-1.189035326242446899e-01
-1.189496144652366638e-01
-1.189955323934555054e-01
-1.190415024757385254e-01
-1.190874353051185608e-01
-1.191333830356597900e-01
-1.191793382167816162e-01
-1.192253232002258301e-01
-1.192712783813476562e-01
-1.193172484636306763e-01
-1.193632408976554871e-01
-1.194092482328414917e-01
-1.196390241384506226e-01
-1.196850538253784180e-01
-1.197309866547584534e-01
-1.197769567370414734e-01
-1.198229268193244934e-01
-1.198688596487045288e-01
-1.199148520827293396e-01
-1.199608221650123596e-01
-1.200067326426506042e-01
-1.200527399778366089e-01
-1.200987324118614197e-01
-1.201447173953056335e-01
-1.201906502246856689e-01
-1.202366054058074951e-01
-1.202825605869293213e-01
-1.203284934163093567e-01
-1.203744634985923767e-01
-1.204205080866813660e-01
-1.204664930701255798e-01
-1.205123886466026306e-01
-1.205584034323692322e-01
-1.206043735146522522e-01
-1.206503063440322876e-01
-1.206962540745735168e-01
-1.207422614097595215e-01
-1.207881793379783630e-01
-1.208341866731643677e-01
-1.208801567554473877e-01
-1.211099922657012939e-01
-1.211559623479843140e-01
-1.212018951773643494e-01
-1.212478280067443848e-01
-1.212938949465751648e-01
-1.213398054242134094e-01
-1.213857382535934448e-01
-1.214317306876182556e-01
-1.214776784181594849e-01
-1.215236485004425049e-01
-1.215696036815643311e-01
-1.216156110167503357e-01
-1.216615438461303711e-01
-1.217075362801551819e-01
-1.217535212635993958e-01
-1.217994913458824158e-01
-1.218454614281654358e-01
-1.218914389610290527e-01
-1.219373494386672974e-01
-1.219833418726921082e-01
-1.220293119549751282e-01
-1.220752969384193420e-01
-1.221212521195411682e-01
-1.221672594547271729e-01
-1.222131550312042236e-01
-1.222591623663902283e-01
-1.223050951957702637e-01
-1.223511025309562683e-01
-1.225809231400489807e-01
-1.226269453763961792e-01
-1.226728409528732300e-01
-1.227188482880592346e-01
-1.227647662162780762e-01
-1.228107511997222900e-01
-1.228567063808441162e-01
-1.229026764631271362e-01
-1.229486688971519470e-01
-1.229946166276931763e-01
-1.230405867099761963e-01
-1.230865046381950378e-01
-1.231324896216392517e-01
-1.231784224510192871e-01
-1.232244148850440979e-01
-1.232704445719718933e-01
-1.233163550496101379e-01
-1.233623847365379333e-01
-1.234082803130149841e-01
-1.234542652964591980e-01
-1.235002353787422180e-01
-1.235461905598640442e-01
-1.235921978950500488e-01
-1.236381307244300842e-01
-1.236841753125190735e-01
-1.237300559878349304e-01
-1.237760260701179504e-01
-1.238220110535621643e-01
-1.240518093109130859e-01
-1.240978538990020752e-01
-1.241438239812850952e-01
-1.241897568106651306e-01
-1.242357119917869568e-01
-1.242817193269729614e-01
-1.243277117609977722e-01
-1.243736445903778076e-01
-1.244196295738220215e-01
-1.244655475020408630e-01
-1.245115324854850769e-01
-1.245574653148651123e-01
-1.246035173535346985e-01
-1.246494501829147339e-01
-1.246953234076499939e-01
-1.247413307428359985e-01
-1.247872859239578247e-01
-1.248332709074020386e-01
-1.248792260885238647e-01
-1.249252930283546448e-01
-1.249711886048316956e-01
-1.250171065330505371e-01
-1.250630915164947510e-01
-1.251090914011001587e-01
-1.251551061868667603e-01
-1.252010166645050049e-01
-1.252469718456268311e-01
-1.252929568290710449e-01
-1.255227625370025635e-01
-1.255687326192855835e-01
-1.256147325038909912e-01
-1.256606876850128174e-01
-1.257066279649734497e-01
-1.257526278495788574e-01
-1.257985830307006836e-01
-1.258445531129837036e-01
-1.258904635906219482e-01
-1.259365528821945190e-01
-1.259824037551879883e-01
-1.260284185409545898e-01
-1.260743886232376099e-01
-1.261203736066818237e-01
-1.261663436889648438e-01
-1.262122392654418945e-01
-1.262582093477249146e-01
-1.263042539358139038e-01
-1.263501793146133423e-01
-1.263961791992187500e-01
-1.264421343803405762e-01
-1.264881193637847900e-01
-1.265340000391006470e-01
-1.265800595283508301e-01
-1.266259551048278809e-01
-1.266719996929168701e-01
-1.267179250717163086e-01
-1.267638951539993286e-01
-1.269937008619308472e-01
-1.270397007465362549e-01
-1.270856261253356934e-01
-1.271316558122634888e-01
-1.271775811910629272e-01
-1.272235661745071411e-01
-1.272694915533065796e-01
-1.273155063390731812e-01
-1.273614913225173950e-01
-1.274074614048004150e-01
-1.274534314870834351e-01
-1.274993419647216797e-01
-1.275452971458435059e-01
-1.275913268327713013e-01
-1.276372373104095459e-01
-1.276831775903701782e-01
-1.277291774749755859e-01
-1.277751326560974121e-01
-1.278211176395416260e-01
-1.278670877218246460e-01
-1.279129981994628906e-01
-1.279590576887130737e-01
-1.280049979686737061e-01
-1.280508935451507568e-01
-1.280968934297561646e-01
-1.281429082155227661e-01
-1.281889379024505615e-01
-1.282348632812500000e-01
-1.284646540880203247e-01
-1.285106241703033447e-01
-1.285565793514251709e-01
-1.286026239395141602e-01
-1.286485493183135986e-01
-1.286944895982742310e-01
-1.287404745817184448e-01
-1.287864148616790771e-01
-1.288324147462844849e-01
-1.288783252239227295e-01
-1.289242804050445557e-01
-1.289703100919723511e-01
-1.290162801742553711e-01
-1.290622502565383911e-01
-1.291081607341766357e-01
-1.291541308164596558e-01
-1.292001307010650635e-01
-1.292461305856704712e-01
-1.292921006679534912e-01
-1.293380260467529297e-01
-1.293840110301971436e-01
-1.294299364089965820e-01
-1.294758915901184082e-01
-1.295218467712402344e-01
-1.295678168535232544e-01
-1.296139210462570190e-01
-1.296597719192504883e-01
-1.297057718038558960e-01
-1.299356073141098022e-01
-1.299815922975540161e-01
-1.300275176763534546e-01
-1.300734877586364746e-01
-1.301195025444030762e-01
-1.301654130220413208e-01
-1.302113980054855347e-01
-1.302573233842849731e-01
-1.303033232688903809e-01
-1.303493380546569824e-01
-1.303952336311340332e-01
-1.304412782192230225e-01
-1.304872035980224609e-01
-1.305331736803054810e-01
-1.305791139602661133e-01
-1.306250989437103271e-01
-1.306710988283157349e-01
-1.307170242071151733e-01
-1.307629793882369995e-01
-1.308089643716812134e-01
-1.308549642562866211e-01
-1.309009343385696411e-01
-1.309469193220138550e-01
-1.309928447008132935e-01
-1.310387849807739258e-01
-1.310847550630569458e-01
-1.311307251453399658e-01
-1.311767101287841797e-01
-1.314065605401992798e-01
-1.314525157213211060e-01
-1.314984858036041260e-01
-1.315444558858871460e-01
-1.315904110670089722e-01
-1.316363215446472168e-01
-1.316823512315750122e-01
-1.317283064126968384e-01
-1.317742913961410522e-01
-1.318202465772628784e-01
-1.318662762641906738e-01
-1.319121420383453369e-01
-1.319581419229507446e-01
-1.320040076971054077e-01
-1.320500373840332031e-01
-1.320960670709609985e-01
-1.321419775485992432e-01
-1.321880072355270386e-01
-1.322339624166488647e-01
-1.322799026966094971e-01
-1.323258429765701294e-01
-1.323718428611755371e-01
-1.324177831411361694e-01
-1.324637532234191895e-01
-1.325097531080245972e-01
-1.325557380914688110e-01
-1.326016932725906372e-01
-1.326476037502288818e-01
-1.328774392604827881e-01
-1.329234689474105835e-01
-1.329694986343383789e-01
-1.330153942108154297e-01
-1.330613344907760620e-01
-1.331072598695755005e-01
-1.331532746553421021e-01
-1.331992745399475098e-01
-1.332451850175857544e-01
-1.332910954952239990e-01
-1.333371251821517944e-01
-1.333831101655960083e-01
-1.334290653467178345e-01
-1.334750503301620483e-01
-1.335210055112838745e-01
-1.335670053958892822e-01
-1.336128711700439453e-01
-1.336589008569717407e-01
-1.337049305438995361e-01
-1.337508261203765869e-01
-1.337967813014984131e-01
-1.338426917791366577e-01
-1.338887959718704224e-01
-1.339347064495086670e-01
-1.339806914329528809e-01
-1.340266466140747070e-01
-1.340726017951965332e-01
-1.341185271739959717e-01
-1.343483924865722656e-01
-1.343943774700164795e-01
-1.344404369592666626e-01
-1.344863623380661011e-01
-1.345323026180267334e-01
-1.345782577991485596e-01
-1.346242129802703857e-01
-1.346701383590698242e-01
-1.347162127494812012e-01
-1.347621083259582520e-01
-1.348080933094024658e-01
-1.348540484905242920e-01
-1.349000334739685059e-01
-1.349459439516067505e-01
-1.349919736385345459e-01
-1.350378841161727905e-01
-1.350838392972946167e-01
-1.351298689842224121e-01
-1.351758241653442383e-01
-1.352218091487884521e-01
-1.352677643299102783e-01
-1.353137493133544922e-01
-1.353597044944763184e-01
-1.354056000709533691e-01
-1.354515850543975830e-01
-1.354976147413253784e-01
-1.355435699224472046e-01
-1.355894804000854492e-01
-1.358193457126617432e-01
-1.358653008937835693e-01
-1.359112560749053955e-01
-1.359572410583496094e-01
-1.360031962394714355e-01
-1.360492259263992310e-01
-1.360951066017150879e-01
-1.361411511898040771e-01
-1.361870616674423218e-01
-1.362330466508865356e-01
-1.362789571285247803e-01
-1.363249123096466064e-01
-1.363709867000579834e-01
-1.364169567823410034e-01
-1.364629417657852173e-01
-1.365088522434234619e-01
-1.365548521280288696e-01
-1.366007626056671143e-01
-1.366467177867889404e-01
-1.366927027702331543e-01
-1.367386877536773682e-01
-1.367846727371215820e-01
-1.368306726217269897e-01
-1.368765980005264282e-01
-1.369225978851318359e-01
-1.369685381650924683e-01
-1.370144635438919067e-01
-1.370604038238525391e-01
-1.372902095317840576e-01
-1.373361945152282715e-01
-1.373822242021560669e-01
-1.374282091856002808e-01
-1.374742090702056885e-01
-1.375201195478439331e-01
-1.375660300254821777e-01
-1.376120597124099731e-01
-1.376580148935317993e-01
-1.377039998769760132e-01
-1.377499699592590332e-01
-1.377959251403808594e-01
-1.378419101238250732e-01
-1.378878653049468994e-01
-1.379338502883911133e-01
-1.379798054695129395e-01
-1.380257159471511841e-01
-1.380716711282730103e-01
-1.381176561117172241e-01
-1.381637305021286011e-01
-1.382096707820892334e-01
-1.382556259632110596e-01
-1.383015364408493042e-01
-1.383474916219711304e-01
-1.383935511112213135e-01
-1.384394764900207520e-01
-1.384854465723037720e-01
-1.385313868522644043e-01
-1.387611776590347290e-01
-1.388071179389953613e-01
-1.388531923294067383e-01
-1.388991475105285645e-01
-1.389451324939727783e-01
-1.389910876750946045e-01
-1.390370279550552368e-01
-1.390830278396606445e-01
-1.391289681196212769e-01
-1.391748934984207153e-01
-1.392208933830261230e-01
-1.392668932676315308e-01
-1.393128335475921631e-01
-1.393588334321975708e-01
-1.394047439098358154e-01
-1.394507735967636108e-01
-1.394966840744018555e-01
-1.395427137613296509e-01
-1.395886242389678955e-01
-1.396345347166061401e-01
-1.396805644035339355e-01
-1.397265195846557617e-01
-1.397724747657775879e-01
-1.398184597492218018e-01
-1.398644149303436279e-01
-1.399103999137878418e-01
-1.399564146995544434e-01
-1.400023102760314941e-01
-1.402321606874465942e-01
-1.402781158685684204e-01
-1.403241008520126343e-01
-1.403701603412628174e-01
-1.404160410165786743e-01
-1.404620707035064697e-01
-1.405079364776611328e-01
-1.405539363622665405e-01
-1.405998021364212036e-01
-1.406458020210266113e-01
-1.406919807195663452e-01
-1.407378464937210083e-01
-1.407837271690368652e-01
-1.408296823501586914e-01
-1.408756822347640991e-01
-1.409216672182083130e-01
-1.409676820039749146e-01
-1.410136073827743530e-01
-1.410595476627349854e-01
-1.411055475473403931e-01
-1.411514878273010254e-01
-1.411974877119064331e-01
-1.412434428930282593e-01
-1.412893831729888916e-01
-1.413353085517883301e-01
-1.413813233375549316e-01
-1.414273530244827271e-01
-1.414732635021209717e-01
-1.417030841112136841e-01
-1.417490392923355103e-01
-1.417949944734573364e-01
-1.418410092592239380e-01
-1.418868899345397949e-01
-1.419329643249511719e-01
-1.419789046049118042e-01
-1.420248597860336304e-01
-1.420708447694778442e-01
-1.421167701482772827e-01
-1.421627551317214966e-01
-1.422087401151657104e-01
-1.422546952962875366e-01
-1.423006504774093628e-01
-1.423465758562088013e-01
-1.423926055431365967e-01
-1.424385905265808105e-01
-1.424845457077026367e-01
-1.425304561853408813e-01
-1.425765156745910645e-01
-1.426224261522293091e-01
-1.426684111356735229e-01
-1.427143961191177368e-01
-1.427603214979171753e-01
-1.428063362836837769e-01
-1.428522914648056030e-01
-1.428982466459274292e-01
-1.429442763328552246e-01
-1.431740969419479370e-01
-1.432200372219085693e-01
-1.432659924030303955e-01
-1.433119028806686401e-01
-1.433579027652740479e-01
-1.434038877487182617e-01
-1.434499174356460571e-01
-1.434957832098007202e-01
-1.435417830944061279e-01
-1.435877680778503418e-01
-1.436336487531661987e-01
-1.436797082424163818e-01
-1.437255889177322388e-01
-1.437716186046600342e-01
-1.438175588846206665e-01
-1.438635587692260742e-01
-1.439095437526702881e-01
-1.439554393291473389e-01
-1.440014690160751343e-01
-1.440473496913909912e-01
-1.440933644771575928e-01
-1.441393196582794189e-01
-1.441853493452072144e-01
-1.442313045263290405e-01
-1.442772150039672852e-01
-1.443231999874114990e-01
-1.443691551685333252e-01
-1.444151401519775391e-01
-1.446450203657150269e-01
-1.446909457445144653e-01
-1.447369009256362915e-01
-1.447827816009521484e-01
-1.448287665843963623e-01
-1.448747813701629639e-01
-1.449208110570907593e-01
-1.449667513370513916e-01
-1.450126767158508301e-01
-1.450586915016174316e-01
-1.451046466827392578e-01
-1.451506763696670532e-01
-1.451965868473052979e-01
-1.452425420284271240e-01
-1.452884525060653687e-01
-1.453344523906707764e-01
-1.453805118799209595e-01
-1.454264372587203979e-01
-1.454723924398422241e-01
-1.455183476209640503e-01
-1.455643028020858765e-01
-1.456102877855300903e-01
-1.456562429666519165e-01
-1.457022279500961304e-01
-1.457481831312179565e-01
-1.457941681146621704e-01
-1.458401679992675781e-01
-1.458861082792282104e-01
-1.461158692836761475e-01
-1.461619436740875244e-01
-1.462078541517257690e-01
-1.462538838386535645e-01
-1.462997943162918091e-01
-1.463457643985748291e-01
-1.463917493820190430e-01
-1.464376300573348999e-01
-1.464836597442626953e-01
-1.465295702219009399e-01
-1.465755552053451538e-01
-1.466214656829833984e-01
-1.466674953699111938e-01
-1.467134952545166016e-01
-1.467594355344772339e-01
-1.468054354190826416e-01
-1.468513756990432739e-01
-1.468974053859710693e-01
-1.469432860612869263e-01
-1.469893157482147217e-01
-1.470351517200469971e-01
-1.470811963081359863e-01
-1.471272408962249756e-01
-1.471731513738632202e-01
-1.472191512584686279e-01
-1.472650617361068726e-01
-1.473110914230346680e-01
-1.473569720983505249e-01
-1.475869119167327881e-01
-1.476328223943710327e-01
-1.476788222789764404e-01
-1.477247327566146851e-01
-1.477706432342529297e-01
-1.478166580200195312e-01
-1.478626430034637451e-01
-1.479086279869079590e-01
-1.479546278715133667e-01
-1.480005681514739990e-01
-1.480465680360794067e-01
-1.480925083160400391e-01
-1.481384336948394775e-01
-1.481844186782836914e-01
-1.482303738594055176e-01
-1.482763290405273438e-01
-1.483223140239715576e-01
-1.483682692050933838e-01
-1.484142094850540161e-01
-1.484602391719818115e-01
-1.485061496496200562e-01
-1.485521644353866577e-01
-1.485981494188308716e-01
-1.486440747976303101e-01
-1.486899852752685547e-01
-1.487360149621963501e-01
-1.487819850444793701e-01
-1.488280147314071655e-01
-1.490577906370162964e-01
-1.491037756204605103e-01
-1.491497308015823364e-01
-1.491956412792205811e-01
-1.492416709661483765e-01
-1.492876559495925903e-01
-1.493335664272308350e-01
-1.493796557188034058e-01
-1.494254767894744873e-01
-1.494714617729187012e-01
-1.495173722505569458e-01
-1.495634466409683228e-01
-1.496094018220901489e-01
-1.496553421020507812e-01
-1.497013717889785767e-01
-1.497473269701004028e-01
-1.497932374477386475e-01
-1.498392224311828613e-01
-1.498852223157882690e-01
-1.499311327934265137e-01
-1.499771177768707275e-01
-1.500231474637985229e-01
-1.500690579414367676e-01
-1.501151323318481445e-01
-1.501609086990356445e-01
-1.502069830894470215e-01
-1.502529680728912354e-01
-1.502988785505294800e-01
-1.505287587642669678e-01
-1.505747437477111816e-01
-1.506207287311553955e-01
-1.506665647029876709e-01
-1.507125645875930786e-01
-1.507586240768432617e-01
-1.508045047521591187e-01
-1.508505344390869141e-01
-1.508964151144027710e-01
-1.509424149990081787e-01
-1.509883999824523926e-01
-1.510344147682189941e-01
-1.510803252458572388e-01
-1.511263102293014526e-01
-1.511722207069396973e-01
-1.512182503938674927e-01
-1.512642055749893188e-01
-1.513101607561111450e-01
-1.513562202453613281e-01
-1.514020562171936035e-01
-1.514480113983154297e-01
-1.514940410852432251e-01
-1.515399515628814697e-01
-1.515860259532928467e-01
-1.516319215297698975e-01
-1.516778320074081421e-01
-1.517237871885299683e-01
-1.517698466777801514e-01
-1.519996076822280884e-01
-1.520456373691558838e-01
-1.520915776491165161e-01
-1.521375328302383423e-01
-1.521835178136825562e-01
-1.522295176982879639e-01
-1.522755026817321777e-01
-1.523214578628540039e-01
-1.523674130439758301e-01
-1.524133533239364624e-01
-1.524593532085418701e-01
-1.525053232908248901e-01
-1.525512337684631348e-01
-1.525972187519073486e-01
-1.526431441307067871e-01
-1.526891589164733887e-01
-1.527350842952728271e-01
-1.527810990810394287e-01
-1.528270542621612549e-01
-1.528730094432830811e-01
-1.529189944267272949e-01
-1.529649496078491211e-01
-1.530109792947769165e-01
-1.530569344758987427e-01
-1.531028449535369873e-01
-1.531488001346588135e-01
-1.531947404146194458e-01
-1.532407701015472412e-01
