-5.243344306945800781e-01
-5.243344306945800781e-01
-5.243344306945800781e-01
-5.243344306945800781e-01
-5.243344306945800781e-01
-5.243344306945800781e-01
-5.243344306945800781e-01
-5.243344306945800781e-01
-5.243344306945800781e-01
-5.243344306945800781e-01
-5.243344306945800781e-01
-5.243344306945800781e-01
-5.243344306945800781e-01
-5.243344306945800781e-01
-5.243344306945800781e-01
-5.243344306945800781e-01
-5.243344306945800781e-01
-5.243344306945800781e-01
-5.243344306945800781e-01
-5.243344306945800781e-01
-5.243344306945800781e-01
-5.243344306945800781e-01
-5.243344306945800781e-01
-5.243344306945800781e-01
-5.243344306945800781e-01
-5.243344306945800781e-01
-5.243344306945800781e-01
-5.243344306945800781e-01
-5.243344306945800781e-01
-5.243344306945800781e-01
-5.243344306945800781e-01
-5.243344306945800781e-01
-5.243344306945800781e-01
-5.243344306945800781e-01
-5.047789812088012695e-01
-4.213599860668182373e-01
-3.011789023876190186e-01
-1.794633269309997559e-01
-6.424679607152938843e-02
2.169392770156264305e-03
3.191210096701979637e-03
-7.008924335241317749e-02
-1.840693801641464233e-01
-3.041744232177734375e-01
-4.193933904170989990e-01
-4.937274456024169922e-01
-5.199595689773559570e-01
-5.243344306945800781e-01
-5.243344306945800781e-01
-5.243344306945800781e-01
-5.243344306945800781e-01
-5.243344306945800781e-01
-5.243344306945800781e-01
-5.243344306945800781e-01
-5.243344306945800781e-01
-5.243344306945800781e-01
-5.243344306945800781e-01
-5.243344306945800781e-01
-5.243344306945800781e-01
-5.231492519378662109e-01
-5.032790303230285645e-01
-4.391921162605285645e-01
-2.394204288721084595e-01
1.552283912897109985e-01
6.405506730079650879e-01
1.087954521179199219e+00
1.385485053062438965e+00
1.501724839210510254e+00
1.412306666374206543e+00
1.118854403495788574e+00
7.082318067550659180e-01
2.532562017440795898e-01
-1.246354132890701294e-01
-3.460084795951843262e-01
-4.549823999404907227e-01
-5.082938075065612793e-01
-5.243344306945800781e-01
-5.243344306945800781e-01
-5.243344306945800781e-01
-5.243344306945800781e-01
-5.243344306945800781e-01
-5.243344306945800781e-01
-5.243344306945800781e-01
-5.243344306945800781e-01
-5.243344306945800781e-01
-5.243344306945800781e-01
-5.243344306945800781e-01
-5.138795375823974609e-01
-3.443876802921295166e-01
6.207948923110961914e-02
7.002299427986145020e-01
1.479741573333740234e+00
2.201749324798583984e+00
2.607743501663208008e+00
2.511112928390502930e+00
2.276780605316162109e+00
2.011856079101562500e+00
1.685748815536499023e+00
1.232439398765563965e+00
6.707355380058288574e-01
2.844238579273223877e-01
2.424869686365127563e-02
-2.527886629104614258e-01
-4.530822336673736572e-01
-5.228760242462158203e-01
-5.243344306945800781e-01
-5.243344306945800781e-01
-5.243344306945800781e-01
-5.243344306945800781e-01
-5.243344306945800781e-01
-5.243344306945800781e-01
-5.243344306945800781e-01
-5.243344306945800781e-01
-5.243344306945800781e-01
-5.243344306945800781e-01
-4.933293163776397705e-01
-4.987348802387714386e-03
8.169238567352294922e-01
1.528261184692382812e+00
2.240098476409912109e+00
2.457526683807373047e+00
2.167102813720703125e+00
1.645205259323120117e+00
1.171383261680603027e+00
1.014084935188293457e+00
1.051718115806579590e+00
9.517203569412231445e-01
7.829422950744628906e-01
4.766888618469238281e-01
-7.533049210906028748e-03
-3.539726734161376953e-01
-4.800329208374023438e-01
-4.973088204860687256e-01
-5.243344306945800781e-01
-5.243344306945800781e-01
-5.243344306945800781e-01
-5.243344306945800781e-01
-5.243344306945800781e-01
-5.243344306945800781e-01
-5.243344306945800781e-01
-5.243344306945800781e-01
-5.243344306945800781e-01
-5.243344306945800781e-01
-4.925116598606109619e-01
-1.827977038919925690e-02
7.556878328323364258e-01
1.510695695877075195e+00
1.520919203758239746e+00
4.357383251190185547e-01
-3.602367341518402100e-01
-8.871973156929016113e-01
-1.160305023193359375e+00
-9.433692097663879395e-01
-1.929549872875213623e-01
9.110878109931945801e-01
1.359577178955078125e+00
8.348054885864257812e-01
9.275146573781967163e-02
-3.682168424129486084e-01
-3.942902386188507080e-01
-4.273315668106079102e-01
-5.243344306945800781e-01
-5.243344306945800781e-01
-5.243344306945800781e-01
-5.243344306945800781e-01
-5.243344306945800781e-01
-5.243344306945800781e-01
-5.243344306945800781e-01
-5.243344306945800781e-01
-5.243344306945800781e-01
-5.243344306945800781e-01
-5.305921435356140137e-01
-5.875192880630493164e-01
-2.811334431171417236e-01
-1.004425361752510071e-01
-4.371968507766723633e-01
-1.074176311492919922e+00
-1.416400790214538574e+00
-1.762582540512084961e+00
-1.923492908477783203e+00
-1.722571134567260742e+00
-8.384842276573181152e-01
3.769402205944061279e-01
1.264663696289062500e+00
1.306058764457702637e+00
5.804077386856079102e-01
-5.769984796643257141e-02
-4.440473020076751709e-01
-5.914392471313476562e-01
-5.243344306945800781e-01
-5.243344306945800781e-01
-5.243344306945800781e-01
-5.243344306945800781e-01
-5.243344306945800781e-01
-5.243344306945800781e-01
-5.243344306945800781e-01
-5.243344306945800781e-01
-5.243344306945800781e-01
-5.243344306945800781e-01
-5.525376796722412109e-01
-9.419535398483276367e-01
-1.204198479652404785e+00
-1.348053097724914551e+00
-1.383190870285034180e+00
-1.263457894325256348e+00
-1.387454271316528320e+00
-1.209240913391113281e+00
-8.657432198524475098e-01
-8.243023157119750977e-01
-7.836036086082458496e-01
-1.200598180294036865e-01
9.059814214706420898e-01
1.681684374809265137e+00
1.149729371070861816e+00
1.328080892562866211e-01
-6.413201093673706055e-01
-7.304414510726928711e-01
-5.243344306945800781e-01
-5.243344306945800781e-01
-5.243344306945800781e-01
-5.243344306945800781e-01
-5.243344306945800781e-01
-5.243344306945800781e-01
-5.243344306945800781e-01
-5.243344306945800781e-01
-5.243344306945800781e-01
-5.243344306945800781e-01
-5.427162647247314453e-01
-8.096402287483215332e-01
-1.017565011978149414e+00
-1.463788032531738281e+00
-1.176946401596069336e+00
-9.123798012733459473e-01
-6.293911933898925781e-01
-3.037325143814086914e-01
-1.029112711548805237e-01
-1.284681260585784912e-01
-1.297877281904220581e-01
2.276288121938705444e-01
1.062813520431518555e+00
1.470710396766662598e+00
1.051629304885864258e+00
3.995663300156593323e-02
-6.537753939628601074e-01
-6.578880548477172852e-01
-5.243344306945800781e-01
-5.243344306945800781e-01
-5.243344306945800781e-01
-5.243344306945800781e-01
-5.243344306945800781e-01
-5.243344306945800781e-01
-5.243344306945800781e-01
-5.243344306945800781e-01
-5.243344306945800781e-01
-5.243344306945800781e-01
-5.294430255889892578e-01
-6.128678917884826660e-01
-6.908940076828002930e-01
-8.714612722396850586e-01
-7.626914381980895996e-01
-5.730598568916320801e-01
-2.692114412784576416e-01
1.110372990369796753e-01
4.580242335796356201e-01
7.954921722412109375e-01
1.020811319351196289e+00
1.249923825263977051e+00
1.382529139518737793e+00
1.404515385627746582e+00
7.496646642684936523e-01
-7.042598724365234375e-02
-5.508540272712707520e-01
-6.417366266250610352e-01
-5.243344306945800781e-01
-5.243344306945800781e-01
-5.243344306945800781e-01
-5.243344306945800781e-01
-5.243344306945800781e-01
-5.243344306945800781e-01
-5.243344306945800781e-01
-5.243344306945800781e-01
-5.243344306945800781e-01
-5.243344306945800781e-01
-5.249313116073608398e-01
-5.363084077835083008e-01
-5.391922593116760254e-01
-5.591900944709777832e-01
-5.353680253028869629e-01
-4.786605834960937500e-01
-2.323617488145828247e-01
3.889681398868560791e-01
1.160887241363525391e+00
1.835383534431457520e+00
1.931319594383239746e+00
1.663375854492187500e+00
1.366551399230957031e+00
9.686137437820434570e-01
4.181876182556152344e-01
-1.461690068244934082e-01
-4.399170875549316406e-01
-5.497738122940063477e-01
-5.039189457893371582e-01
-5.243344306945800781e-01
-5.243344306945800781e-01
-5.243344306945800781e-01
-5.243344306945800781e-01
-5.243344306945800781e-01
-5.243344306945800781e-01
-5.243344306945800781e-01
-5.243344306945800781e-01
-5.243344306945800781e-01
-5.243344306945800781e-01
-5.243344306945800781e-01
-5.243344306945800781e-01
-5.243344306945800781e-01
-5.243344306945800781e-01
-4.919538497924804688e-01
-3.233200907707214355e-01
2.017277181148529053e-01
1.060786604881286621e+00
1.743273973464965820e+00
1.662943124771118164e+00
1.338665485382080078e+00
1.007767081260681152e+00
7.834890484809875488e-01
5.972848534584045410e-01
2.359417080879211426e-01
-1.042230334132909775e-02
-2.663000822067260742e-01
-4.230702519416809082e-01
-5.155850648880004883e-01
-5.243344306945800781e-01
-5.243344306945800781e-01
-5.243344306945800781e-01
-5.243344306945800781e-01
-5.243344306945800781e-01
-5.243344306945800781e-01
-5.243344306945800781e-01
-5.243344306945800781e-01
-5.243344306945800781e-01
-5.243344306945800781e-01
-5.243344306945800781e-01
-5.243344306945800781e-01
-5.243344306945800781e-01
-5.374679565429687500e-01
-5.465853214263916016e-01
-4.400691092014312744e-01
-5.477082356810569763e-02
2.603977620601654053e-01
2.257981598377227783e-01
1.119531914591789246e-01
1.265372633934020996e-01
5.409275293350219727e-01
8.302817344665527344e-01
7.812269330024719238e-01
4.484647810459136963e-01
-7.751087099313735962e-02
-3.144504725933074951e-01
-4.161335527896881104e-01
-5.243344306945800781e-01
-5.243344306945800781e-01
-5.243344306945800781e-01
-5.243344306945800781e-01
-5.243344306945800781e-01
-5.243344306945800781e-01
-5.243344306945800781e-01
-5.243344306945800781e-01
-5.243344306945800781e-01
-5.243344306945800781e-01
-5.243344306945800781e-01
-5.243344306945800781e-01
-5.243344306945800781e-01
-5.508275032043457031e-01
-7.395842075347900391e-01
-1.073705911636352539e+00
-1.126796364784240723e+00
-1.070631980895996094e+00
-9.127082824707031250e-01
-7.373486757278442383e-01
-4.325098097324371338e-01
5.066819190979003906e-01
1.398369550704956055e+00
1.455780148506164551e+00
7.958199977874755859e-01
-1.196912117302417755e-02
-3.685373961925506592e-01
-4.698059856891632080e-01
-5.243344306945800781e-01
-5.243344306945800781e-01
-5.243344306945800781e-01
-5.243344306945800781e-01
-5.243344306945800781e-01
-5.243344306945800781e-01
-5.243344306945800781e-01
-5.243344306945800781e-01
-5.243344306945800781e-01
-5.243344306945800781e-01
-5.243344306945800781e-01
-5.243344306945800781e-01
-5.243344306945800781e-01
-5.332870483398437500e-01
-6.340072751045227051e-01
-9.595378041267395020e-01
-1.366667985916137695e+00
-1.637989282608032227e+00
-1.526053309440612793e+00
-1.399505257606506348e+00
-8.704228997230529785e-01
5.281470715999603271e-02
1.161064147949218750e+00
1.740786910057067871e+00
1.124146699905395508e+00
1.875899583101272583e-01
-3.801616430282592773e-01
-6.347914934158325195e-01
-4.499800801277160645e-01
-5.199595689773559570e-01
-5.243344306945800781e-01
-5.243344306945800781e-01
-5.243344306945800781e-01
-5.243344306945800781e-01
-5.243344306945800781e-01
-5.243344306945800781e-01
-5.243344306945800781e-01
-5.243344306945800781e-01
-5.243344306945800781e-01
-5.243344306945800781e-01
-5.243344306945800781e-01
-5.243344306945800781e-01
-5.539840459823608398e-01
-6.271287798881530762e-01
-7.728563547134399414e-01
-9.386917352676391602e-01
-8.913480043411254883e-01
-9.109265208244323730e-01
-9.206619262695312500e-01
-4.874832630157470703e-01
3.226586282253265381e-01
1.167796492576599121e+00
1.268644094467163086e+00
5.799733400344848633e-01
-2.116662561893463135e-01
-4.927717745304107666e-01
-4.160004556179046631e-01
-5.176272988319396973e-01
-5.243344306945800781e-01
-5.243344306945800781e-01
-5.243344306945800781e-01
-5.243344306945800781e-01
-5.243344306945800781e-01
-5.243344306945800781e-01
-5.243344306945800781e-01
-5.243344306945800781e-01
-5.243344306945800781e-01
-5.243344306945800781e-01
-5.243344306945800781e-01
-5.243344306945800781e-01
-5.261249542236328125e-01
-5.364537239074707031e-01
-5.722824931144714355e-01
-5.959323048591613770e-01
-6.355410218238830566e-01
-6.706963181495666504e-01
-8.698633909225463867e-01
-9.960485100746154785e-01
-4.098513722419738770e-01
5.647686123847961426e-01
1.408000230789184570e+00
1.155842423439025879e+00
2.313583344221115112e-01
-2.880881428718566895e-01
-5.728743076324462891e-01
-5.296314358711242676e-01
-5.243344306945800781e-01
-5.243344306945800781e-01
-5.243344306945800781e-01
-5.243344306945800781e-01
-5.243344306945800781e-01
-5.243344306945800781e-01
-5.243344306945800781e-01
-5.243344306945800781e-01
-5.243344306945800781e-01
-5.243344306945800781e-01
-5.243344306945800781e-01
-5.243344306945800781e-01
-5.243344306945800781e-01
-5.255280733108520508e-01
-5.285869240760803223e-01
-5.289447307586669922e-01
-5.345188975334167480e-01
-5.553199052810668945e-01
-7.242147922515869141e-01
-8.611103296279907227e-01
-5.896034240722656250e-01
3.443607687950134277e-01
1.490721464157104492e+00
1.406458258628845215e+00
6.471479535102844238e-01
-3.302769660949707031e-01
-7.464054226875305176e-01
-5.403062701225280762e-01
-5.243344306945800781e-01
-5.243344306945800781e-01
-5.243344306945800781e-01
-5.243344306945800781e-01
-5.243344306945800781e-01
-5.243344306945800781e-01
-5.243344306945800781e-01
-5.243344306945800781e-01
-5.243344306945800781e-01
-5.243344306945800781e-01
-5.243344306945800781e-01
-5.243344306945800781e-01
-5.243344306945800781e-01
-5.243344306945800781e-01
-5.243344306945800781e-01
-5.243344306945800781e-01
-5.243344306945800781e-01
-5.291091799736022949e-01
-5.882047414779663086e-01
-6.116226911544799805e-01
-3.793355524539947510e-01
3.481426239013671875e-01
1.286568522453308105e+00
1.343570470809936523e+00
6.325951814651489258e-01
-3.931976854801177979e-01
-7.685909271240234375e-01
-5.414947271347045898e-01
-5.243344306945800781e-01
-5.243344306945800781e-01
-5.243344306945800781e-01
-5.243344306945800781e-01
-5.243344306945800781e-01
-5.243344306945800781e-01
-5.243344306945800781e-01
-5.243344306945800781e-01
-5.243344306945800781e-01
-5.237417817115783691e-01
-5.218062996864318848e-01
-5.209256410598754883e-01
-5.214081406593322754e-01
-5.214230418205261230e-01
-5.228760242462158203e-01
-5.243344306945800781e-01
-5.243344306945800781e-01
-5.243344306945800781e-01
-5.280678272247314453e-01
-4.756220281124114990e-01
-1.670180857181549072e-01
4.370561540126800537e-01
1.062313556671142578e+00
1.123956561088562012e+00
4.273697137832641602e-01
-3.671599626541137695e-01
-7.256613373756408691e-01
-5.414798259735107422e-01
-5.243344306945800781e-01
-5.243344306945800781e-01
-5.243344306945800781e-01
-5.243344306945800781e-01
-5.243344306945800781e-01
-5.243344306945800781e-01
-5.243344306945800781e-01
-5.243344306945800781e-01
-5.201863050460815430e-01
-4.996339678764343262e-01
-4.764516353607177734e-01
-4.711343348026275635e-01
-4.724911451339721680e-01
-4.872507452964782715e-01
-5.104438066482543945e-01
-5.214179754257202148e-01
-5.243344306945800781e-01
-5.225566029548645020e-01
-4.626454710960388184e-01
-2.557440400123596191e-01
1.907788366079330444e-01
7.357011437416076660e-01
1.042747020721435547e+00
8.297894597053527832e-01
4.787434637546539307e-02
-5.655159354209899902e-01
-8.696068525314331055e-01
-5.472512841224670410e-01
-5.243344306945800781e-01
-5.243344306945800781e-01
-5.243344306945800781e-01
-5.243344306945800781e-01
-5.243344306945800781e-01
-5.243344306945800781e-01
-5.243344306945800781e-01
-5.243344306945800781e-01
-4.403352737426757812e-01
-1.500654816627502441e-01
1.531723737716674805e-01
3.600615859031677246e-01
4.843447208404541016e-01
4.097096025943756104e-01
2.352020144462585449e-01
6.220281869173049927e-02
-8.262071758508682251e-02
-7.108847796916961670e-02
1.914157569408416748e-01
5.852684974670410156e-01
1.072860956192016602e+00
1.333730578422546387e+00
8.984339833259582520e-01
3.839583694934844971e-01
-4.724598526954650879e-01
-7.093870043754577637e-01
-5.979464054107666016e-01
-5.291590690612792969e-01
-5.243344306945800781e-01
-5.243344306945800781e-01
-5.243344306945800781e-01
-5.243344306945800781e-01
-5.243344306945800781e-01
-5.243344306945800781e-01
-5.243344306945800781e-01
-5.243344306945800781e-01
-1.887304037809371948e-01
4.045448005199432373e-01
9.853696823120117188e-01
1.458546161651611328e+00
1.465632677078247070e+00
1.249499917030334473e+00
1.138742089271545410e+00
9.834200739860534668e-01
9.963155984878540039e-01
1.114623069763183594e+00
1.392441034317016602e+00
1.856562018394470215e+00
1.939975023269653320e+00
1.506944775581359863e+00
2.546467185020446777e-01
-6.080366373062133789e-01
-9.917008280754089355e-01
-6.408218741416931152e-01
-3.030394911766052246e-01
-5.125049352645874023e-01
-5.243344306945800781e-01
-5.243344306945800781e-01
-5.243344306945800781e-01
-5.243344306945800781e-01
-5.243344306945800781e-01
-5.243344306945800781e-01
-5.243344306945800781e-01
-5.243344306945800781e-01
-2.384744882583618164e-01
4.597115814685821533e-01
1.272751808166503906e+00
1.731454610824584961e+00
1.497094273567199707e+00
1.397721290588378906e+00
1.567309737205505371e+00
1.698436975479125977e+00
1.689678311347961426e+00
1.816404819488525391e+00
1.946828007698059082e+00
1.809380173683166504e+00
1.109935760498046875e+00
1.348085105419158936e-01
-5.621729493141174316e-01
-9.385451674461364746e-01
-1.015385985374450684e+00
-3.531854450702667236e-01
-4.464722871780395508e-01
-5.201541781425476074e-01
-5.243344306945800781e-01
-5.243344306945800781e-01
-5.243344306945800781e-01
-5.243344306945800781e-01
-5.243344306945800781e-01
-5.243344306945800781e-01
-5.243344306945800781e-01
-5.243344306945800781e-01
-6.140186190605163574e-01
-5.706933140754699707e-01
-1.835166215896606445e-01
7.914301007986068726e-02
2.702103257179260254e-01
6.760703325271606445e-01
1.008006691932678223e+00
1.279025197029113770e+00
1.240046143531799316e+00
8.881957530975341797e-01
5.035091042518615723e-01
-1.683133840560913086e-01
-6.878148913383483887e-01
-1.149998426437377930e+00
-1.229179859161376953e+00
-1.062987565994262695e+00
-6.201586127281188965e-01
-3.180691301822662354e-01
-5.072177648544311523e-01
-5.229170918464660645e-01
-5.243344306945800781e-01
-5.243344306945800781e-01
-5.243344306945800781e-01
-5.243344306945800781e-01
-5.243344306945800781e-01
-5.243344306945800781e-01
-5.243344306945800781e-01
-5.243344306945800781e-01
-8.060930967330932617e-01
-1.123889446258544922e+00
-1.378186583518981934e+00
-1.292437672615051270e+00
-8.220808506011962891e-01
-4.141561985015869141e-01
-3.159545660018920898e-01
-3.082915544509887695e-01
-5.760272145271301270e-01
-9.386039972305297852e-01
-1.438923597335815430e+00
-1.647727847099304199e+00
-1.575246095657348633e+00
-1.352945566177368164e+00
-1.011769056320190430e+00
-6.747285723686218262e-01
-1.693078875541687012e-01
-4.129622578620910645e-01
-5.227685570716857910e-01
-5.243943333625793457e-01
-5.243344306945800781e-01
-5.243344306945800781e-01
-5.243344306945800781e-01
-5.243344306945800781e-01
-5.243344306945800781e-01
-5.243344306945800781e-01
-5.243344306945800781e-01
-5.243344306945800781e-01
-6.859334111213684082e-01
-8.670532107353210449e-01
-1.257506370544433594e+00
-1.334280967712402344e+00
-1.205163598060607910e+00
-1.242470026016235352e+00
-1.324887394905090332e+00
-1.387822747230529785e+00
-1.426559448242187500e+00
-1.367527008056640625e+00
-1.449581980705261230e+00
-1.286557435989379883e+00
-1.074401497840881348e+00
-7.907996177673339844e-01
-4.746424555778503418e-01
-2.457115501165390015e-01
-2.658495903015136719e-01
-5.026789903640747070e-01
-5.243344306945800781e-01
-5.243344306945800781e-01
-5.243344306945800781e-01
-5.243344306945800781e-01
-5.243344306945800781e-01
-5.243344306945800781e-01
-5.243344306945800781e-01
-5.243344306945800781e-01
-5.243344306945800781e-01
-5.243344306945800781e-01
-5.571603775024414062e-01
-5.502602458000183105e-01
-6.916583776473999023e-01
-7.819837927818298340e-01
-9.585610628128051758e-01
-1.144764184951782227e+00
-1.217392325401306152e+00
-1.212627291679382324e+00
-1.043263673782348633e+00
-8.531978130340576172e-01
-6.865155100822448730e-01
-6.041369438171386719e-01
-5.500763654708862305e-01
-4.204075336456298828e-01
-3.176368772983551025e-01
-3.077725470066070557e-01
-4.690207540988922119e-01
-5.252931714057922363e-01
-5.243344306945800781e-01
-5.243344306945800781e-01
-5.243344306945800781e-01
-5.243344306945800781e-01
-5.243344306945800781e-01
