-4.347724500000000000e+06
-4.371821000000000000e+06
-4.395929000000000000e+06
-4.420052500000000000e+06
-4.444184000000000000e+06
-4.468327500000000000e+06
-4.492477000000000000e+06
-4.516633500000000000e+06
-4.540795500000000000e+06
-4.564962500000000000e+06
-5.120075500000000000e+06
-5.144074000000000000e+06
-5.168048000000000000e+06
-5.192005500000000000e+06
-5.215943000000000000e+06
-5.239864000000000000e+06
-5.263748500000000000e+06
-5.287610500000000000e+06
-5.311449000000000000e+06
-5.335258000000000000e+06
-5.872533500000000000e+06
-5.895319500000000000e+06
-5.918055000000000000e+06
-5.940729000000000000e+06
-5.963343000000000000e+06
-5.985904000000000000e+06
-6.008395000000000000e+06
-6.030823500000000000e+06
-6.053181500000000000e+06
-6.075480500000000000e+06
-6.566965500000000000e+06
-6.587268500000000000e+06
-6.607475000000000000e+06
-6.627576500000000000e+06
-6.647572500000000000e+06
-6.667467000000000000e+06
-6.687258500000000000e+06
-6.706943500000000000e+06
-6.726513000000000000e+06
-6.745978000000000000e+06
-7.159814500000000000e+06
-7.176196500000000000e+06
-7.192407500000000000e+06
-7.208474000000000000e+06
-7.224394500000000000e+06
-7.240158000000000000e+06
-7.255781000000000000e+06
-7.271233500000000000e+06
-7.286523000000000000e+06
-7.301670500000000000e+06
-7.602098500000000000e+06
-7.612900500000000000e+06
-7.623516500000000000e+06
-7.633939000000000000e+06
-7.644130000000000000e+06
-7.654133000000000000e+06
-7.663910000000000000e+06
-7.673510500000000000e+06
-7.682873000000000000e+06
-7.692024500000000000e+06
-7.839372000000000000e+06
-7.842853500000000000e+06
-7.846063500000000000e+06
-7.849010000000000000e+06
-7.851685500000000000e+06
-7.854119500000000000e+06
-7.856284000000000000e+06
-7.858154500000000000e+06
-7.859780000000000000e+06
-7.861110500000000000e+06
-7.811818000000000000e+06
-7.806019000000000000e+06
-7.799864000000000000e+06
-7.793398000000000000e+06
-7.786578500000000000e+06
-7.779445500000000000e+06
-7.771957500000000000e+06
-7.764147500000000000e+06
-7.756038000000000000e+06
-7.747546500000000000e+06
-7.454184500000000000e+06
-7.436918500000000000e+06
-7.419271500000000000e+06
-7.401248500000000000e+06
-7.382770500000000000e+06
-7.363946000000000000e+06
-7.344699500000000000e+06
-7.325033000000000000e+06
-7.305017000000000000e+06
-7.284561000000000000e+06
-6.695729500000000000e+06
-6.664704500000000000e+06
-6.633277000000000000e+06
-6.601353000000000000e+06
-6.568968500000000000e+06
-6.536121000000000000e+06
-6.502744500000000000e+06
-6.468931500000000000e+06
-6.434583500000000000e+06
-6.399824000000000000e+06
