-7.977997936937490868e+22
-7.860051364856434000e+22
-7.738937861517410199e+22
-7.614714172275724334e+22
-7.487506848280905515e+22
-7.357476217679688132e+22
-7.224677224387526105e+22
-7.089277852670520354e+22
-6.951363670921590918e+22
-6.811144997243335999e+22
-3.307675952081664580e+22
-3.160996639557965316e+22
-3.016297784970402228e+22
-2.873724854586939382e+22
-2.733531626246579107e+22
-2.595803443162260072e+22
-2.460790480293282710e+22
-2.328560516814038945e+22
-2.199263747772101584e+22
-2.073108915010199251e+22
-2.255125722010061111e+21
-1.923694707170286240e+21
-1.626090229131691164e+21
-1.360706895364606657e+21
-1.125969360793127354e+21
-9.201917310442447831e+20
-7.415899473468226273e+20
-5.883264003154053693e+20
-4.584068045556259226e+20
-3.499536867884521226e+20
-2.266976240742044795e+20
-3.402064898199388160e+20
-4.939712382317614858e+20
-6.975101919377479434e+20
-9.618895748316497183e+20
-1.299467088369111007e+21
-1.724475585116250309e+21
-2.253111346339231302e+21
-2.903363719274608722e+21
-3.695028698296954651e+21
-1.544893198894963569e+23
-1.738299384172464046e+23
-1.951625350889794416e+23
-2.186462851299252508e+23
-2.444711683867648291e+23
-2.728032956281541100e+23
-3.038660453956106699e+23
-3.378593594981912496e+23
-3.750105976594840211e+23
-4.155612969347041188e+23
-3.122825092886693249e+24
-3.369873689354600723e+24
-3.633671352980684166e+24
-3.915339876388926040e+24
-4.215774214897277411e+24
-4.536080308459032396e+24
-4.877477659795688889e+24
-5.241040503519164318e+24
-5.627967877994249804e+24
-6.039669229760327218e+24
-2.643363316114658539e+25
-2.803303043594146150e+25
-2.971808055515658949e+25
-3.149204628665000672e+25
-3.335963846768953679e+25
-3.532485773589616544e+25
-3.739251638563012166e+25
-3.956703010625404968e+25
-4.185325039145933509e+25
-4.425662594827674987e+25
-1.469756785625058279e+26
-1.543476246836586708e+26
-1.620526175456903029e+26
-1.701002310087749793e+26
-1.785070579192070018e+26
-1.872851071073783553e+26
-1.964515709387657372e+26
-2.060189931993392698e+26
-2.160018545831968153e+26
-2.264218669081131297e+26
-6.330955770236450792e+26
-6.605903752785328710e+26
-6.891678498365948239e+26
-7.188595815236851285e+26
-7.497099163125569826e+26
-7.817556739043815105e+26
-8.150453323425844209e+26
-8.496104724530199045e+26
-8.855083529292927558e+26
-9.227747604549059714e+26
-2.288851639460423789e+27
-2.377232056352902506e+27
-2.468752109086726589e+27
-2.563431572571543055e+27
-2.661477050340977449e+27
-2.762901676476810254e+27
-2.867842989902855048e+27
-2.976391896173907072e+27
-3.088722532554022143e+27
-3.204885074187080752e+27
