-1.119451761245727539e+00
-1.294085025787353516e+00
8.969916105270385742e-01
1.591250181198120117e+00
6.561240553855895996e-01
-2.932820320129394531e-01
6.237008571624755859e-01
6.376408934593200684e-01
8.602885603904724121e-01
3.444824814796447754e-01
-2.796852827072143555e+00
-1.018644809722900391e+00
1.288572192192077637e+00
4.870662093162536621e-01
-1.634469747543334961e+00
-1.271220088005065918e+00
7.775678634643554688e-01
-5.218374729156494141e-01
2.310718744993209839e-01
8.419840931892395020e-01
-1.391872882843017578e+00
8.935981392860412598e-01
1.834536552429199219e+00
-5.798547267913818359e-01
-3.451218843460083008e+00
-1.550183057785034180e+00
4.323096275329589844e+00
1.051311135292053223e+00
-4.932366311550140381e-01
6.023216843605041504e-01
5.510118007659912109e-01
4.643590450286865234e-01
-2.825816273689270020e-01
-1.958543062210083008e+00
-2.858018159866333008e+00
-2.463144302368164062e+00
2.877297639846801758e+00
2.635164976119995117e+00
2.489524483680725098e-01
9.574128389358520508e-01
6.761062741279602051e-01
-4.625435769557952881e-01
-2.175050497055053711e+00
-2.987062692642211914e+00
-6.104160547256469727e-01
-5.529019832611083984e-01
5.239874720573425293e-01
1.815291047096252441e+00
1.135928750038146973e+00
1.482779026031494141e+00
7.068014144897460938e-01
-1.137480586767196655e-01
-8.695686459541320801e-01
-1.479464173316955566e+00
8.502640128135681152e-01
3.491817116737365723e-01
3.641073778271675110e-02
1.743965506553649902e+00
1.214867711067199707e+00
4.299368858337402344e-01
8.098087310791015625e-01
4.696997106075286865e-01
9.507678449153900146e-02
-5.887430310249328613e-01
-1.042730450630187988e+00
-1.097923398017883301e+00
-2.249912738800048828e+00
2.051606655120849609e+00
3.371361970901489258e+00
2.751263082027435303e-01
5.084193348884582520e-01
8.456815779209136963e-02
-2.464706003665924072e-01
-1.276563882827758789e+00
-2.935517549514770508e+00
-3.991458892822265625e+00
-7.467284202575683594e+00
-1.807381629943847656e+00
4.625157356262207031e+00
1.276032447814941406e+00
2.634789049625396729e-01
-1.348725318908691406e+00
-1.807592868804931641e+00
-2.172688007354736328e+00
-2.286810874938964844e+00
-4.948602199554443359e+00
-8.425331115722656250e+00
-3.203641891479492188e+00
4.376787662506103516e+00
2.025318145751953125e+00
6.309572458267211914e-01
5.241129994392395020e-01
1.214330434799194336e+00
1.165280699729919434e+00
3.242302536964416504e-01
-1.681450605392456055e+00
-1.942470312118530273e+00
1.545333027839660645e+00
3.979988336563110352e+00
2.166813850402832031e+00
