-1.836743801832199097e-01
-1.839632242918014526e-01
-1.842524856328964233e-01
-1.845419257879257202e-01
-1.848315596580505371e-01
-1.851214170455932617e-01
-1.854115724563598633e-01
-1.857018470764160156e-01
-1.859925240278244019e-01
-1.862832009792327881e-01
-1.930360347032546997e-01
-1.933322548866271973e-01
-1.936288774013519287e-01
-1.939257830381393433e-01
-1.942227929830551147e-01
-1.945200711488723755e-01
-1.948175579309463501e-01
-1.951154619455337524e-01
-1.954132765531539917e-01
-1.957117170095443726e-01
-2.026345431804656982e-01
-2.029382735490798950e-01
-2.032422125339508057e-01
-2.035464942455291748e-01
-2.038511037826538086e-01
-2.041556090116500854e-01
-2.044605761766433716e-01
-2.047656774520874023e-01
-2.050710320472717285e-01
-2.053766995668411255e-01
-2.124694585800170898e-01
-2.127807438373565674e-01
-2.130921036005020142e-01
-2.134035825729370117e-01
-2.137155383825302124e-01
-2.140275686979293823e-01
-2.143399864435195923e-01
-2.146525233983993530e-01
-2.149652987718582153e-01
-2.152783125638961792e-01
-2.225406616926193237e-01
-2.228590399026870728e-01
-2.231778502464294434e-01
-2.234968096017837524e-01
-2.238160520792007446e-01
-2.241353839635848999e-01
-2.244551479816436768e-01
-2.247750014066696167e-01
-2.250950783491134644e-01
-2.254153937101364136e-01
-2.328469902276992798e-01
-2.331728339195251465e-01
-2.334989309310913086e-01
-2.338252812623977661e-01
-2.341517359018325806e-01
-2.344786226749420166e-01
-2.348056137561798096e-01
-2.351328581571578979e-01
-2.354604154825210571e-01
-2.357880324125289917e-01
-2.433879375457763672e-01
-2.437212318181991577e-01
-2.440545111894607544e-01
-2.443882673978805542e-01
-2.447220534086227417e-01
-2.450561374425888062e-01
-2.453905045986175537e-01
-2.457249611616134644e-01
-2.460597604513168335e-01
-2.463947236537933350e-01
-2.541626095771789551e-01
-2.545030713081359863e-01
-2.548438310623168945e-01
-2.551846504211425781e-01
-2.555259466171264648e-01
-2.558672726154327393e-01
-2.562087774276733398e-01
-2.565506398677825928e-01
-2.568927407264709473e-01
-2.572349309921264648e-01
-2.651701867580413818e-01
-2.655176222324371338e-01
-2.658656835556030273e-01
-2.662139832973480225e-01
-2.665623426437377930e-01
-2.669110894203186035e-01
-2.672597765922546387e-01
-2.676088213920593262e-01
-2.679582536220550537e-01
-2.683076858520507812e-01
-2.764091789722442627e-01
-2.767640650272369385e-01
-2.771193385124206543e-01
-2.774747014045715332e-01
-2.778302729129791260e-01
-2.781862020492553711e-01
-2.785421907901763916e-01
-2.788985967636108398e-01
-2.792551517486572266e-01
-2.796116769313812256e-01
