-1.249131997121235131e+25
-1.286539111798956585e+25
-1.324952726950199816e+25
-1.364400397398924928e+25
-1.404902760440064384e+25
-1.446489215571985657e+25
-1.489183397685533190e+25
-1.533010325177356949e+25
-1.578000204590877636e+25
-1.624177016693391071e+25
-3.085861968280395892e+25
-3.170330301146814693e+25
-3.256874353890127662e+25
-3.345540243370519071e+25
-3.436373625279571353e+25
-3.529425919916389972e+25
-3.624741168882450911e+25
-3.722360416183318173e+25
-3.822344074905833156e+25
-3.924743104180499484e+25
-7.076192701599270609e+25
-7.254217155800021221e+25
-7.436263000208840516e+25
-7.622411861668254658e+25
-7.812730148456929001e+25
-8.007285191190732585e+25
-8.206204733572375850e+25
-8.409529358438820955e+25
-8.617390037672991239e+25
-8.829822742425830435e+25
-1.521201618900141688e+26
-1.556543459169800712e+26
-1.592621601229161853e+26
-1.629447574293271179e+26
-1.667035213420183973e+26
-1.705392081774970455e+26
-1.744542160124926448e+26
-1.784493933972325858e+26
-1.825263451984512812e+26
-1.866865102621864804e+26
-3.090461064395992974e+26
-3.157034810355688534e+26
-3.224895585649406810e+26
-3.294053904921269816e+26
-3.364533011068810425e+26
-3.436356515924442987e+26
-3.509533642860204356e+26
-3.584110877671160280e+26
-3.660093754380532871e+26
-3.737504409081210582e+26
-5.972624815125590958e+26
-6.092348611382543638e+26
-6.214190093859158175e+26
-6.338212719355048129e+26
-6.464443051181679643e+26
-6.592872234901897335e+26
-6.723575533231521940e+26
-6.856604597053959846e+26
-6.991941717494900290e+26
-7.129650351353956835e+26
-1.104023465712068055e+27
-1.124672898602131117e+27
-1.145668466197993265e+27
-1.167008250038270833e+27
-1.188699186098735536e+27
-1.210749169585850922e+27
-1.233158569434498464e+27
-1.255937125525549082e+27
-1.279086756320386442e+27
-1.302613586138043014e+27
-1.960827061549190262e+27
-1.995144498780203974e+27
-2.029989217743820600e+27
-2.065374204947868031e+27
-2.101296361339341884e+27
-2.137767345260496743e+27
-2.174798372331729425e+27
-2.212394460067427978e+27
-2.250568447401467703e+27
-2.289326089717999599e+27
-3.359026657962808124e+27
-3.414148185586198879e+27
-3.470071334920056755e+27
-3.526776035906829558e+27
-3.584315415169449571e+27
-3.642665860875502445e+27
-3.701842130420247149e+27
-3.761881117291831101e+27
-3.822772491313573024e+27
-3.884508283492033075e+27
-5.568302290116205881e+27
-5.654126578575878813e+27
-5.741117291556820547e+27
-5.829279741721324312e+27
-5.918614519365200467e+27
-6.009159403420311968e+27
-6.100894914124916979e+27
-6.193864143073171684e+27
-6.288052332869817117e+27
-6.383515561616837353e+27
