-4.923927414535202949e+26
-5.293718224934414104e+26
-5.689449215784957105e+26
-6.112805312690524583e+26
-6.565579908109962579e+26
-4.312636848237374392e+27
-4.594583082765959946e+27
-4.893751787857571095e+27
-5.211124330296929189e+27
-5.547721626688049608e+27
-2.919516894845845782e+28
-3.088460264125479770e+28
-3.266540704194494091e+28
-3.454218645784968536e+28
-3.651970339556700507e+28
-1.612957895473485355e+29
-1.696664108118261593e+29
-1.784430989254327783e+29
-1.876440255543944747e+29
-1.972886090696888085e+29
-7.560628876077626191e+29
-7.916250273068651805e+29
-8.287514414586853461e+29
-8.675058253423440617e+29
-9.079550476672387615e+29
