-3.370607523892282981e+24
-3.506524287148879564e+24
-3.646454658393388733e+24
-3.790411319762361164e+24
-3.938450764409522591e+24
-9.807825993949638566e+24
-1.007584104443957386e+25
-1.034718227347029990e+25
-1.062177128237950343e+25
-1.089940515698237364e+25
-1.913484682699007452e+25
-1.940847660520744516e+25
-1.967758923696976617e+25
-1.994194952629009775e+25
-2.020108938703756953e+25
-2.395663434288798658e+25
-2.392166623365326091e+25
-2.387257253014409215e+25
-2.380944085439483043e+25
-2.373235652259681664e+25
-1.618064918628868332e+25
-1.575956651223961999e+25
-1.533277687674275277e+25
-1.490095704472128588e+25
-1.446498784820473894e+25
