2.529380619525909424e-01
2.528947293758392334e-01
2.528512477874755859e-01
2.528074979782104492e-01
2.527630925178527832e-01
2.527185380458831787e-01
2.526740431785583496e-01
2.526291608810424805e-01
2.525834441184997559e-01
2.525379955768585205e-01
2.514070570468902588e-01
2.513540983200073242e-01
2.513013482093811035e-01
2.512481510639190674e-01
2.511944174766540527e-01
2.511407136917114258e-01
2.510863542556762695e-01
2.510318458080291748e-01
2.509770691394805908e-01
2.509220242500305176e-01
2.495748847723007202e-01
2.495127171277999878e-01
2.494503557682037354e-01
2.493874579668045044e-01
2.493244409561157227e-01
2.492614239454269409e-01
2.491977959871292114e-01
2.491337507963180542e-01
2.490697652101516724e-01
2.490054666996002197e-01
2.474422007799148560e-01
2.473706752061843872e-01
2.472988516092300415e-01
2.472267895936965942e-01
2.471544295549392700e-01
2.470816969871520996e-01
2.470088303089141846e-01
2.469357401132583618e-01
2.468620389699935913e-01
2.467882633209228516e-01
2.450099587440490723e-01
2.449290901422500610e-01
2.448478639125823975e-01
2.447663843631744385e-01
2.446849644184112549e-01
2.446028292179107666e-01
2.445204406976699829e-01
2.444377541542053223e-01
2.443549931049346924e-01
2.442720085382461548e-01
2.422788441181182861e-01
2.421887367963790894e-01
2.420982122421264648e-01
2.420075088739395142e-01
2.419165670871734619e-01
2.418249547481536865e-01
2.417336404323577881e-01
2.416416704654693604e-01
2.415496259927749634e-01
2.414569258689880371e-01
2.392500489950180054e-01
2.391504794359207153e-01
2.390509098768234253e-01
2.389508634805679321e-01
2.388505041599273682e-01
2.387500256299972534e-01
2.386489361524581909e-01
2.385479062795639038e-01
2.384466379880905151e-01
2.383447736501693726e-01
2.359247356653213501e-01
2.358160018920898438e-01
2.357071489095687866e-01
2.355978637933731079e-01
2.354882806539535522e-01
2.353782653808593750e-01
2.352681308984756470e-01
2.351576387882232666e-01
2.350472062826156616e-01
2.349360436201095581e-01
2.323038876056671143e-01
2.321860343217849731e-01
2.320676445960998535e-01
2.319492101669311523e-01
2.318305075168609619e-01
2.317115217447280884e-01
2.315920293331146240e-01
2.314724326133728027e-01
2.313524633646011353e-01
2.312324345111846924e-01
2.283887565135955811e-01
2.282616943120956421e-01
2.281343787908554077e-01
2.280067652463912964e-01
2.278787195682525635e-01
2.277505546808242798e-01
2.276220917701721191e-01
2.274931967258453369e-01
2.273643612861633301e-01
2.272346913814544678e-01
