2.589399218559265137e-01
2.589399218559265137e-01
2.589399218559265137e-01
2.589399218559265137e-01
2.589399218559265137e-01
2.589399218559265137e-01
2.589399218559265137e-01
2.589399218559265137e-01
2.589399218559265137e-01
2.589399218559265137e-01
2.589399218559265137e-01
2.589399218559265137e-01
2.589399218559265137e-01
2.589399218559265137e-01
2.589399218559265137e-01
2.589399218559265137e-01
2.589399218559265137e-01
2.589399218559265137e-01
2.589399218559265137e-01
2.589399218559265137e-01
2.589399218559265137e-01
2.589399218559265137e-01
2.589399218559265137e-01
2.589399218559265137e-01
2.589399218559265137e-01
2.589399218559265137e-01
2.589399218559265137e-01
2.589399218559265137e-01
2.589399218559265137e-01
2.589399218559265137e-01
2.589399218559265137e-01
2.589399218559265137e-01
2.589399218559265137e-01
2.589399218559265137e-01
3.777546584606170654e-01
6.392955183982849121e-01
8.187986612319946289e-01
7.566515207290649414e-01
6.505454182624816895e-01
6.104521155357360840e-01
5.113527178764343262e-01
2.760666906833648682e-01
9.082292765378952026e-02
1.136316657066345215e-01
2.084953784942626953e-01
2.524655461311340332e-01
2.595024704933166504e-01
2.589399218559265137e-01
2.589399218559265137e-01
2.589399218559265137e-01
2.589399218559265137e-01
2.589399218559265137e-01
2.589399218559265137e-01
2.589399218559265137e-01
2.589399218559265137e-01
2.589399218559265137e-01
2.589399218559265137e-01
2.589399218559265137e-01
2.589399218559265137e-01
2.661406695842742920e-01
3.720021843910217285e-01
5.421767830848693848e-01
9.899003505706787109e-01
1.601481795310974121e+00
1.867936015129089355e+00
1.474964737892150879e+00
1.011812686920166016e+00
7.982796430587768555e-01
4.518370628356933594e-01
-1.719061881303787231e-01
-5.655223131179809570e-01
-4.406590461730957031e-01
-1.324300765991210938e-01
9.711307287216186523e-02
2.248129546642303467e-01
2.610025703907012939e-01
2.589399218559265137e-01
2.589399218559265137e-01
2.589399218559265137e-01
2.589399218559265137e-01
2.589399218559265137e-01
2.589399218559265137e-01
2.589399218559265137e-01
2.589399218559265137e-01
2.589399218559265137e-01
2.589399218559265137e-01
2.589399218559265137e-01
2.994039058685302734e-01
9.282130002975463867e-01
1.808007478713989258e+00
2.036431312561035156e+00
1.201736569404602051e+00
1.283685564994812012e-01
-6.800264120101928711e-01
-1.081412553787231445e+00
-1.195090055465698242e+00
-1.187319040298461914e+00
-9.018021225929260254e-01
-5.325639843940734863e-01
-6.042432785034179688e-01
-8.244425058364868164e-01
-5.350469350814819336e-01
-1.329945120960474014e-02
2.467548102140426636e-01
2.591274678707122803e-01
2.589399218559265137e-01
2.589399218559265137e-01
2.589399218559265137e-01
2.589399218559265137e-01
2.589399218559265137e-01
2.589399218559265137e-01
2.589399218559265137e-01
2.589399218559265137e-01
2.589399218559265137e-01
2.589399218559265137e-01
3.258040547370910645e-01
1.286298394203186035e+00
1.917613148689270020e+00
6.118143200874328613e-01
-1.716882944107055664e+00
-3.334422826766967773e+00
-4.200933933258056641e+00
-4.401908874511718750e+00
-4.124513626098632812e+00
-2.902883529663085938e+00
-1.148219585418701172e+00
-2.291517704725265503e-01
-6.145257949829101562e-01
-1.310810923576354980e+00
-1.200538277626037598e+00
-4.173882901668548584e-01
1.277840286493301392e-01
2.607897222042083740e-01
2.589399218559265137e-01
2.589399218559265137e-01
2.589399218559265137e-01
2.589399218559265137e-01
2.589399218559265137e-01
2.589399218559265137e-01
2.589399218559265137e-01
2.589399218559265137e-01
2.589399218559265137e-01
2.589399218559265137e-01
2.611439824104309082e-01
2.132190614938735962e-01
-6.761814951896667480e-01
-2.411032438278198242e+00
-3.774439334869384766e+00
-4.220050334930419922e+00
-4.196671009063720703e+00
-4.016545772552490234e+00
-3.480053424835205078e+00
-2.530702352523803711e+00
-1.576901555061340332e+00
-9.906706809997558594e-01
-9.346331954002380371e-01
-9.924538731575012207e-01
-8.144209980964660645e-01
-5.514798760414123535e-01
-8.952019363641738892e-02
2.424702644348144531e-01
2.589399218559265137e-01
2.589399218559265137e-01
2.589399218559265137e-01
2.589399218559265137e-01
2.589399218559265137e-01
2.589399218559265137e-01
2.589399218559265137e-01
2.589399218559265137e-01
2.589399218559265137e-01
2.589399218559265137e-01
1.773567497730255127e-01
-9.841039776802062988e-01
-2.229157924652099609e+00
-3.144681930541992188e+00
-3.034182786941528320e+00
-2.465961933135986328e+00
-1.374859094619750977e+00
-6.922620534896850586e-02
6.778305172920227051e-01
2.869048714637756348e-01
-5.027083158493041992e-01
-9.454826712608337402e-01
-8.323733210563659668e-01
-1.151039361953735352e+00
-1.629561066627502441e+00
-1.239095807075500488e+00
-3.903631865978240967e-01
1.621967405080795288e-01
2.589399218559265137e-01
2.589399218559265137e-01
2.589399218559265137e-01
2.589399218559265137e-01
2.589399218559265137e-01
2.589399218559265137e-01
2.589399218559265137e-01
2.589399218559265137e-01
2.589399218559265137e-01
2.589399218559265137e-01
1.928019970655441284e-01
-7.212883234024047852e-01
-1.011431574821472168e+00
-8.434497714042663574e-01
-5.547723174095153809e-01
9.188585728406906128e-02
1.067756772041320801e+00
1.667716383934020996e+00
1.557441234588623047e+00
1.013740539550781250e+00
8.306595683097839355e-01
9.231199026107788086e-01
3.326036036014556885e-02
-1.389760971069335938e+00
-2.322996377944946289e+00
-1.631969690322875977e+00
-2.063774168491363525e-01
3.509232997894287109e-01
2.589399218559265137e-01
2.589399218559265137e-01
2.589399218559265137e-01
2.589399218559265137e-01
2.589399218559265137e-01
2.589399218559265137e-01
2.589399218559265137e-01
2.589399218559265137e-01
2.589399218559265137e-01
2.589399218559265137e-01
2.407042831182479858e-01
-3.500970313325524330e-03
5.003690123558044434e-01
7.771713733673095703e-01
1.559475302696228027e+00
1.537530899047851562e+00
1.512575268745422363e+00
1.454941868782043457e+00
1.284517407417297363e+00
1.053753256797790527e+00
9.758755564689636230e-01
8.726610541343688965e-01
6.613918393850326538e-02
-1.604661703109741211e+00
-2.237324237823486328e+00
-1.588591098785400391e+00
-3.847354352474212646e-01
2.724139690399169922e-01
2.589399218559265137e-01
2.589399218559265137e-01
2.589399218559265137e-01
2.589399218559265137e-01
2.589399218559265137e-01
2.589399218559265137e-01
2.589399218559265137e-01
2.589399218559265137e-01
2.589399218559265137e-01
2.589399218559265137e-01
2.574837207794189453e-01
2.483883053064346313e-01
6.067632436752319336e-01
9.902110099792480469e-01
1.418151378631591797e+00
1.226138114929199219e+00
1.075958490371704102e+00
1.467824339866638184e+00
1.705541610717773438e+00
1.315476417541503906e+00
3.084756135940551758e-01
-4.094035625457763672e-01
-1.405958175659179688e+00
-1.852496862411499023e+00
-1.777377128601074219e+00
-1.117713332176208496e+00
-2.446580231189727783e-01
1.392755955457687378e-01
2.589399218559265137e-01
2.589399218559265137e-01
2.589399218559265137e-01
2.589399218559265137e-01
2.589399218559265137e-01
2.589399218559265137e-01
2.589399218559265137e-01
2.589399218559265137e-01
2.589399218559265137e-01
2.589399218559265137e-01
2.591675519943237305e-01
2.684009373188018799e-01
3.675924837589263916e-01
4.861711561679840088e-01
5.825279951095581055e-01
5.845073461532592773e-01
7.990588545799255371e-01
1.250185728073120117e+00
1.021121621131896973e+00
9.585755318403244019e-02
-1.270862221717834473e+00
-2.023617744445800781e+00
-2.349340438842773438e+00
-1.908703327178955078e+00
-1.277385473251342773e+00
-7.630631923675537109e-01
-2.070188224315643311e-01
6.566309183835983276e-02
2.615651786327362061e-01
2.589399218559265137e-01
2.589399218559265137e-01
2.589399218559265137e-01
2.589399218559265137e-01
2.589399218559265137e-01
2.589399218559265137e-01
2.589399218559265137e-01
2.589399218559265137e-01
2.589399218559265137e-01
2.589399218559265137e-01
2.589399218559265137e-01
2.589399218559265137e-01
2.589399218559265137e-01
2.589399218559265137e-01
2.640657126903533936e-01
1.640453040599822998e-01
-2.248585522174835205e-01
-8.372510671615600586e-01
-1.668497800827026367e+00
-2.648517847061157227e+00
-2.732900857925415039e+00
-2.060563802719116211e+00
-8.334213495254516602e-01
-2.840625345706939697e-01
-6.167142987251281738e-01
-6.521544456481933594e-01
-2.514799535274505615e-01
2.283893078565597534e-01
2.600650191307067871e-01
2.589399218559265137e-01
2.589399218559265137e-01
2.589399218559265137e-01
2.589399218559265137e-01
2.589399218559265137e-01
2.589399218559265137e-01
2.589399218559265137e-01
2.589399218559265137e-01
2.589399218559265137e-01
2.589399218559265137e-01
2.589399218559265137e-01
2.589399218559265137e-01
2.589399218559265137e-01
1.712097674608230591e-01
-3.169276416301727295e-01
-1.377936959266662598e+00
-2.124926567077636719e+00
-2.682388305664062500e+00
-3.188978195190429688e+00
-2.901937484741210938e+00
-1.605475425720214844e+00
-2.116457000374794006e-02
2.474977076053619385e-01
-5.585739016532897949e-01
-1.139217138290405273e+00
-9.119895696640014648e-01
-1.043698340654373169e-01
2.631024718284606934e-01
2.589399218559265137e-01
2.589399218559265137e-01
2.589399218559265137e-01
2.589399218559265137e-01
2.589399218559265137e-01
2.589399218559265137e-01
2.589399218559265137e-01
2.589399218559265137e-01
2.589399218559265137e-01
2.589399218559265137e-01
2.589399218559265137e-01
2.589399218559265137e-01
2.589399218559265137e-01
2.179811745882034302e-01
-1.586506217718124390e-01
-9.283884763717651367e-01
-1.284698367118835449e+00
-1.643334627151489258e+00
-1.823458790779113770e+00
-1.527346372604370117e+00
-6.183931827545166016e-01
3.265344798564910889e-01
2.599126100540161133e-01
-6.052674055099487305e-01
-1.312456727027893066e+00
-1.261740207672119141e+00
-5.391026139259338379e-01
1.524210721254348755e-01
2.589399218559265137e-01
2.589399218559265137e-01
2.589399218559265137e-01
2.589399218559265137e-01
2.589399218559265137e-01
2.589399218559265137e-01
2.589399218559265137e-01
2.589399218559265137e-01
2.589399218559265137e-01
2.589399218559265137e-01
2.589399218559265137e-01
2.589399218559265137e-01
2.589399218559265137e-01
2.623541951179504395e-01
2.167385518550872803e-01
1.631954610347747803e-01
3.969593346118927002e-01
6.095417141914367676e-01
6.023280024528503418e-01
4.634657502174377441e-02
-2.187801748514175415e-01
-6.122787594795227051e-01
-8.821165561676025391e-01
-1.156041383743286133e+00
-1.804846405982971191e+00
-1.572092056274414062e+00
-5.322651267051696777e-01
9.237153083086013794e-02
2.580910623073577881e-01
2.595024704933166504e-01
2.589399218559265137e-01
2.589399218559265137e-01
2.589399218559265137e-01
2.589399218559265137e-01
2.589399218559265137e-01
2.589399218559265137e-01
2.589399218559265137e-01
2.589399218559265137e-01
2.589399218559265137e-01
2.589399218559265137e-01
2.589399218559265137e-01
2.589399218559265137e-01
2.600348591804504395e-01
4.261964261531829834e-01
8.259591460227966309e-01
1.297950863838195801e+00
1.715674757957458496e+00
1.393781185150146484e+00
4.840369522571563721e-01
-1.537933647632598877e-01
-5.313358902931213379e-01
-7.685438394546508789e-01
-1.104684591293334961e+00
-1.509769678115844727e+00
-9.893797636032104492e-01
-2.300852686166763306e-01
1.558217108249664307e-01
2.549266517162322998e-01
2.589399218559265137e-01
2.589399218559265137e-01
2.589399218559265137e-01
2.589399218559265137e-01
2.589399218559265137e-01
2.589399218559265137e-01
2.589399218559265137e-01
2.589399218559265137e-01
2.589399218559265137e-01
2.589399218559265137e-01
2.589399218559265137e-01
2.589399218559265137e-01
2.596228122711181641e-01
2.714358270168304443e-01
3.309367001056671143e-01
5.328928828239440918e-01
6.696339845657348633e-01
6.547112464904785156e-01
2.727061510086059570e-01
3.740853630006313324e-03
3.067992329597473145e-01
1.483601182699203491e-01
-2.858396172523498535e-01
-1.365883827209472656e+00
-1.655186533927917480e+00
-7.294932603836059570e-01
1.465456932783126831e-01
2.543130218982696533e-01
2.589399218559265137e-01
2.589399218559265137e-01
2.589399218559265137e-01
2.589399218559265137e-01
2.589399218559265137e-01
2.589399218559265137e-01
2.589399218559265137e-01
2.589399218559265137e-01
2.589399218559265137e-01
2.589399218559265137e-01
2.589399218559265137e-01
2.589399218559265137e-01
2.589399218559265137e-01
2.593951821327209473e-01
2.703494131565093994e-01
3.051706254482269287e-01
3.263915777206420898e-01
3.315929174423217773e-01
2.365262806415557861e-01
4.113819003105163574e-01
7.410150170326232910e-01
6.573202013969421387e-01
-3.597817197442054749e-02
-1.808536410331726074e+00
-2.079154253005981445e+00
-1.025709271430969238e+00
2.326148450374603271e-01
2.627786397933959961e-01
2.589399218559265137e-01
2.589399218559265137e-01
2.589399218559265137e-01
2.589399218559265137e-01
2.589399218559265137e-01
2.589399218559265137e-01
2.589399218559265137e-01
2.589399218559265137e-01
2.589399218559265137e-01
2.589399218559265137e-01
2.589399218559265137e-01
2.589399218559265137e-01
2.589399218559265137e-01
2.589399218559265137e-01
2.589399218559265137e-01
2.589399218559265137e-01
2.589399218559265137e-01
2.607608735561370850e-01
2.684063911437988281e-01
4.197255969047546387e-01
5.991014242172241211e-01
4.384712874889373779e-01
-4.193933010101318359e-01
-1.901886582374572754e+00
-2.109356403350830078e+00
-1.016088843345642090e+00
2.090183198451995850e-01
2.587628960609436035e-01
2.589399218559265137e-01
2.589399218559265137e-01
2.589399218559265137e-01
2.589399218559265137e-01
2.589399218559265137e-01
2.589399218559265137e-01
2.589399218559265137e-01
2.589399218559265137e-01
2.589399218559265137e-01
2.625407576560974121e-01
2.668662965297698975e-01
2.629615366458892822e-01
2.553524971008300781e-01
2.558439671993255615e-01
2.591274678707122803e-01
2.589399218559265137e-01
2.589399218559265137e-01
2.589399218559265137e-01
2.902424633502960205e-01
3.175675868988037109e-01
3.209374547004699707e-01
5.956976208835840225e-03
-8.674363493919372559e-01
-1.655710220336914062e+00
-1.791840314865112305e+00
-8.132456541061401367e-01
6.845597922801971436e-02
2.495721578598022461e-01
2.589399218559265137e-01
2.589399218559265137e-01
2.589399218559265137e-01
2.589399218559265137e-01
2.589399218559265137e-01
2.589399218559265137e-01
2.589399218559265137e-01
2.589399218559265137e-01
2.841430008411407471e-01
3.454521000385284424e-01
3.543689250946044922e-01
2.719297707080841064e-01
2.108450680971145630e-01
2.272635549306869507e-01
2.521609663963317871e-01
2.593149244785308838e-01
2.589399218559265137e-01
2.697415053844451904e-01
5.276327729225158691e-01
8.237827420234680176e-01
6.398320198059082031e-01
-4.456326961517333984e-01
-2.024837970733642578e+00
-2.131030321121215820e+00
-1.364486336708068848e+00
-1.409778445959091187e-01
-1.863320544362068176e-02
2.423204928636550903e-01
2.589399218559265137e-01
2.589399218559265137e-01
2.589399218559265137e-01
2.589399218559265137e-01
2.589399218559265137e-01
2.589399218559265137e-01
2.589399218559265137e-01
2.589399218559265137e-01
6.885979175567626953e-01
1.448251724243164062e+00
1.587294459342956543e+00
8.948364853858947754e-01
4.510402679443359375e-01
4.241656959056854248e-01
4.141557812690734863e-01
2.285445332527160645e-01
3.150675296783447266e-01
8.139771223068237305e-01
1.497178554534912109e+00
1.283703923225402832e+00
9.337165206670761108e-02
-1.617346525192260742e+00
-3.036824941635131836e+00
-1.889379382133483887e+00
-5.973848104476928711e-01
4.638398289680480957e-01
1.829656660556793213e-01
2.489460557699203491e-01
2.589399218559265137e-01
2.589399218559265137e-01
2.589399218559265137e-01
2.589399218559265137e-01
2.589399218559265137e-01
2.589399218559265137e-01
2.589399218559265137e-01
2.589399218559265137e-01
9.503695368766784668e-01
1.706809282302856445e+00
1.463026285171508789e+00
4.794861674308776855e-01
-5.027973279356956482e-02
-4.425639659166336060e-02
1.204436048865318298e-01
1.533351540565490723e-01
5.673589110374450684e-01
1.001537799835205078e+00
8.716040253639221191e-01
-3.362534940242767334e-01
-2.209643602371215820e+00
-3.318897008895874023e+00
-2.778534173965454102e+00
-4.775381684303283691e-01
5.462177395820617676e-01
2.185212373733520508e-01
-1.998224556446075439e-01
2.272690981626510620e-01
2.589399218559265137e-01
2.589399218559265137e-01
2.589399218559265137e-01
2.589399218559265137e-01
2.589399218559265137e-01
2.589399218559265137e-01
2.589399218559265137e-01
2.589399218559265137e-01
1.842693686485290527e-01
-3.697461187839508057e-01
-1.293206930160522461e+00
-1.525874853134155273e+00
-9.872801899909973145e-01
-5.147907137870788574e-01
-3.532131314277648926e-01
-1.739217936992645264e-01
-3.885925710201263428e-01
-9.790686964988708496e-01
-2.218652009963989258e+00
-3.363507509231567383e+00
-3.902730464935302734e+00
-3.528003692626953125e+00
-1.365840911865234375e+00
6.209188699722290039e-01
8.413667082786560059e-01
5.662355422973632812e-01
-6.893848627805709839e-02
2.355030179023742676e-01
2.589399218559265137e-01
2.589399218559265137e-01
2.589399218559265137e-01
2.589399218559265137e-01
2.589399218559265137e-01
2.589399218559265137e-01
2.589399218559265137e-01
2.589399218559265137e-01
-5.549209713935852051e-01
-1.891516208648681641e+00
-2.609100341796875000e+00
-2.575662612915039062e+00
-2.292017698287963867e+00
-2.120730638504028320e+00
-2.225742578506469727e+00
-2.332415819168090820e+00
-2.946763753890991211e+00
-3.652790069580078125e+00
-3.849404573440551758e+00
-3.688695907592773438e+00
-3.014542818069458008e+00
-1.556985855102539062e+00
4.522963464260101318e-01
1.056567668914794922e+00
4.523897469043731689e-01
4.780302569270133972e-02
1.769871264696121216e-01
2.510360479354858398e-01
2.589399218559265137e-01
2.589399218559265137e-01
2.589399218559265137e-01
2.589399218559265137e-01
2.589399218559265137e-01
2.589399218559265137e-01
2.589399218559265137e-01
2.589399218559265137e-01
-3.412934243679046631e-01
-6.357110738754272461e-01
-5.713359117507934570e-01
-7.065041661262512207e-01
-1.568232774734497070e+00
-2.487934827804565430e+00
-3.065052747726440430e+00
-3.313794851303100586e+00
-3.458245038986206055e+00
-2.950784921646118164e+00
-2.274491071701049805e+00
-1.375816464424133301e+00
-5.570400357246398926e-01
7.610799670219421387e-01
1.483948230743408203e+00
7.753531932830810547e-01
2.991148829460144043e-01
-7.481800764799118042e-02
2.491802126169204712e-01
2.573289871215820312e-01
2.589399218559265137e-01
2.589399218559265137e-01
2.589399218559265137e-01
2.589399218559265137e-01
2.589399218559265137e-01
2.589399218559265137e-01
2.589399218559265137e-01
2.589399218559265137e-01
1.333419382572174072e-01
5.819143652915954590e-01
9.149743318557739258e-01
9.288979768753051758e-01
2.870011627674102783e-01
-4.549625217914581299e-01
-7.643610239028930664e-01
-7.775167822837829590e-01
-4.937205314636230469e-01
7.909256964921951294e-02
3.816572427749633789e-01
8.162950277328491211e-01
1.241681456565856934e+00
1.502680063247680664e+00
1.069814205169677734e+00
3.520100414752960205e-01
8.174287527799606323e-02
1.050952300429344177e-01
2.589399218559265137e-01
2.589399218559265137e-01
2.589399218559265137e-01
2.589399218559265137e-01
2.589399218559265137e-01
2.589399218559265137e-01
2.589399218559265137e-01
2.589399218559265137e-01
2.589399218559265137e-01
2.589399218559265137e-01
2.714588046073913574e-01
5.379928350448608398e-01
6.870902180671691895e-01
9.713264107704162598e-01
1.180374622344970703e+00
1.357539296150207520e+00
1.503224730491638184e+00
1.531175136566162109e+00
1.565134525299072266e+00
1.373173117637634277e+00
1.165639758110046387e+00
1.069441080093383789e+00
1.150576114654541016e+00
9.289256334304809570e-01
4.370092451572418213e-01
2.002123594284057617e-01
1.343218982219696045e-01
2.331681251525878906e-01
2.589399218559265137e-01
2.589399218559265137e-01
2.589399218559265137e-01
2.589399218559265137e-01
2.589399218559265137e-01
