-1.423491973876953125e+02
-1.442504730224609375e+02
-1.461692962646484375e+02
-1.481073608398437500e+02
-1.500642089843750000e+02
-1.520400543212890625e+02
-1.540349578857421875e+02
-1.560485534667968750e+02
-1.580822296142578125e+02
-1.601346740722656250e+02
-1.622066497802734375e+02
-1.642987670898437500e+02
-1.664104003906250000e+02
-1.685419464111328125e+02
-2.129821166992187500e+02
-2.155371398925781250e+02
-2.181147766113281250e+02
-2.207152252197265625e+02
-2.233383331298828125e+02
-2.259846496582031250e+02
-2.286535339355468750e+02
-2.313455200195312500e+02
-2.340608215332031250e+02
-2.367993774414062500e+02
-2.395625152587890625e+02
-2.423485717773437500e+02
-2.451587219238281250e+02
-2.479922485351562500e+02
-3.065662841796875000e+02
-3.099077758789062500e+02
-3.132757263183593750e+02
-3.166712646484375000e+02
-3.200932617187500000e+02
-3.235429382324218750e+02
-3.270191650390625000e+02
-3.305237121582031250e+02
-3.340556030273437500e+02
-3.376158447265625000e+02
-3.412038574218750000e+02
-3.448199157714843750e+02
-3.484634399414062500e+02
-3.521360168457031250e+02
-4.275007934570312500e+02
-4.317716369628906250e+02
-4.360742797851562500e+02
-4.404083251953125000e+02
-4.447745361328125000e+02
-4.491719360351562500e+02
-4.536019287109375000e+02
-4.580645141601562500e+02
-4.625598754882812500e+02
-4.670867004394531250e+02
-4.716464233398437500e+02
-4.762392272949218750e+02
-4.808648681640625000e+02
-4.855237426757812500e+02
-5.805590820312500000e+02
-5.859149169921875000e+02
-5.913076171875000000e+02
-5.967361450195312500e+02
-6.022025756835937500e+02
-6.077058105468750000e+02
-6.132457275390625000e+02
-6.188228759765625000e+02
-6.244376831054687500e+02
-6.300900878906250000e+02
-6.357811889648437500e+02
-6.415095825195312500e+02
-6.472767944335937500e+02
-6.530823974609375000e+02
-7.708914794921875000e+02
-7.774984741210937500e+02
-7.841495971679687500e+02
-7.908412475585937500e+02
-7.975753784179687500e+02
-8.043517456054687500e+02
-8.111710205078125000e+02
-8.180322265625000000e+02
-8.249389038085937500e+02
-8.318873291015625000e+02
-8.388779907226562500e+02
-8.459129638671875000e+02
-8.529912719726562500e+02
-8.601142578125000000e+02
-1.004025024414062500e+03
-1.012064819335937500e+03
-1.020150268554687500e+03
-1.028284301757812500e+03
-1.036465820312500000e+03
-1.044696289062500000e+03
-1.052975585937500000e+03
-1.061302978515625000e+03
-1.069679809570312500e+03
-1.078104980468750000e+03
-1.086580810546875000e+03
-1.095103759765625000e+03
-1.103677368164062500e+03
-1.112300781250000000e+03
-1.285864624023437500e+03
-1.295522949218750000e+03
-1.305238159179687500e+03
-1.315002685546875000e+03
-1.324825805664062500e+03
-1.334702880859375000e+03
-1.344632202148437500e+03
-1.354619506835937500e+03
-1.364659912109375000e+03
-1.374755493164062500e+03
-1.384907714843750000e+03
-1.395112915039062500e+03
-1.405377807617187500e+03
-1.415697265625000000e+03
-1.622684326171875000e+03
-1.634167236328125000e+03
-1.645713378906250000e+03
-1.657316406250000000e+03
-1.668979248046875000e+03
-1.680706787109375000e+03
-1.692494506835937500e+03
-1.704342651367187500e+03
-1.716251953125000000e+03
-1.728225097656250000e+03
-1.740260253906250000e+03
-1.752354370117187500e+03
-1.764515869140625000e+03
-1.776735839843750000e+03
-2.021143066406250000e+03
-2.034665283203125000e+03
-2.048253173828125000e+03
-2.061908447265625000e+03
-2.075632812500000000e+03
-2.089422363281250000e+03
-2.103282714843750000e+03
-2.117210205078125000e+03
-2.131206054687500000e+03
-2.145270996093750000e+03
-2.159406250000000000e+03
-2.173607666015625000e+03
-2.187879394531250000e+03
-2.202224853515625000e+03
-2.488275390625000000e+03
-2.504058837890625000e+03
-2.519919433593750000e+03
-2.535849853515625000e+03
-2.551861328125000000e+03
-2.567943847656250000e+03
-2.584102050781250000e+03
-2.600338378906250000e+03
-2.616648925781250000e+03
-2.633035156250000000e+03
-2.649498535156250000e+03
-2.666039550781250000e+03
-2.682653808593750000e+03
-2.699347656250000000e+03
-3.031483886718750000e+03
-3.049767089843750000e+03
-3.068137207031250000e+03
-3.086585937500000000e+03
-3.105116943359375000e+03
-3.123732666015625000e+03
-3.142431152343750000e+03
-3.161215820312500000e+03
-3.180078369140625000e+03
-3.199026367187500000e+03
-3.218058593750000000e+03
-3.237176513671875000e+03
-3.256380615234375000e+03
-3.275666015625000000e+03
-3.658558349609375000e+03
-3.679594482421875000e+03
-3.700716308593750000e+03
-3.721937988281250000e+03
-3.743241210937500000e+03
-3.764638671875000000e+03
-3.786125488281250000e+03
-3.807707031250000000e+03
-3.829377197265625000e+03
-3.851140625000000000e+03
-3.872996582031250000e+03
-3.894945800781250000e+03
-3.916981933593750000e+03
-3.939116210937500000e+03
-4.377652343750000000e+03
-4.401703613281250000e+03
-4.425848632812500000e+03
-4.450089355468750000e+03
-4.474433105468750000e+03
-4.498874511718750000e+03
-4.523416503906250000e+03
-4.548061035156250000e+03
-4.572797851562500000e+03
-4.597641601562500000e+03
-4.622579589843750000e+03
-4.647628906250000000e+03
-4.672769531250000000e+03
-4.698015136718750000e+03
