-2.197965758117737730e+25
-2.322941988048518100e+25
-2.454297793832889996e+25
-2.592323711690014345e+25
-2.737316042446575106e+25
-1.127696504423252850e+26
-1.181984165427535637e+26
-1.238607184231550055e+26
-1.297652444999883273e+26
-1.359212458154064946e+26
-4.578117371431814210e+26
-4.767838075946220733e+26
-4.964551203269207598e+26
-5.168455978236770868e+26
-5.379797742545090882e+26
-1.546166981160898352e+27
-1.602009997838500035e+27
-1.659628034017850345e+27
-1.719072150286545311e+27
-1.780398719894474190e+27
-4.498901149421201809e+27
-4.641811174813234088e+27
-4.788688578346687228e+27
-4.939620428653589139e+27
-5.094712093536088847e+27
