-1.732285618782043457e-01
-1.733206808567047119e-01
-1.734131574630737305e-01
-1.735059171915054321e-01
-1.735989749431610107e-01
-1.736923754215240479e-01
-1.737860739231109619e-01
-1.738800406455993652e-01
-1.739743351936340332e-01
-1.740689724683761597e-01
-1.763298064470291138e-01
-1.764318495988845825e-01
-1.765341609716415405e-01
-1.766367703676223755e-01
-1.767396628856658936e-01
-1.768428981304168701e-01
-1.769464313983917236e-01
-1.770502775907516479e-01
-1.771544069051742554e-01
-1.772588491439819336e-01
-1.797462552785873413e-01
-1.798581182956695557e-01
-1.799702495336532593e-01
-1.800827085971832275e-01
-1.801954954862594604e-01
-1.803085356950759888e-01
-1.804219186305999756e-01
-1.805356144905090332e-01
-1.806495934724807739e-01
-1.807639151811599731e-01
-1.834778040647506714e-01
-1.835994720458984375e-01
-1.837214827537536621e-01
-1.838438212871551514e-01
-1.839664280414581299e-01
-1.840893477201461792e-01
-1.842125207185745239e-01
-1.843361258506774902e-01
-1.844599694013595581e-01
-1.845840811729431152e-01
-1.875244975090026855e-01
-1.876560300588607788e-01
-1.877878755331039429e-01
-1.879200339317321777e-01
-1.880524754524230957e-01
-1.881852746009826660e-01
-1.883183270692825317e-01
-1.884516924619674683e-01
-1.885854303836822510e-01
-1.887194216251373291e-01
-1.918863356113433838e-01
-1.920277327299118042e-01
-1.921694427728652954e-01
-1.923113912343978882e-01
-1.924536973237991333e-01
-1.925963461399078369e-01
-1.927392482757568359e-01
-1.928825229406356812e-01
-1.930260509252548218e-01
-1.931698620319366455e-01
-1.965633034706115723e-01
-1.967145353555679321e-01
-1.968660652637481689e-01
-1.970178931951522827e-01
-1.971700489521026611e-01
-1.973225474357604980e-01
-1.974753141403198242e-01
-1.976283937692642212e-01
-1.977817714214324951e-01
-1.979354768991470337e-01
-2.015553712844848633e-01
-2.017164975404739380e-01
-2.018778324127197266e-01
-2.020395994186401367e-01
-2.022016048431396484e-01
-2.023638188838958740e-01
-2.025264799594879150e-01
-2.026894390583038330e-01
-2.028526365756988525e-01
-2.030162066221237183e-01
-2.068626582622528076e-01
-2.070335596799850464e-01
-2.072048038244247437e-01
-2.073763310909271240e-01
-2.075481861829757690e-01
-2.077203691005706787e-01
-2.078928351402282715e-01
-2.080655992031097412e-01
-2.082386761903762817e-01
-2.084120810031890869e-01
-2.124850153923034668e-01
-2.126657813787460327e-01
-2.128468900918960571e-01
-2.130282819271087646e-01
-2.132099419832229614e-01
-2.133919447660446167e-01
-2.135742306709289551e-01
-2.137569338083267212e-01
-2.139398753643035889e-01
-2.141231149435043335e-01
