-1.691489185818357224e+24
-1.752304642264863796e+24
-1.815161922696029093e+24
-1.880127031867991858e+24
-1.947259921698991647e+24
-2.016633226243818691e+24
-2.088315256101620947e+24
-2.162370286646280245e+24
-2.238881760571692507e+24
-2.317923032508588343e+24
-5.043115586519545380e+24
-5.211966129015988851e+24
-5.386102816611054714e+24
-5.565677258482598772e+24
-5.750824922907412328e+24
-5.941738924237517029e+24
-6.138575483336787103e+24
-6.341494856294362901e+24
-6.550681510550981520e+24
-6.766306078489324772e+24
-1.399729832233194383e+25
-1.443581662829517650e+25
-1.488717386813371102e+25
-1.535172860043548012e+25
-1.582980940782929675e+25
-1.632178407227513049e+25
-1.682807341012216285e+25
-1.734901292152823440e+25
-1.788499344688340689e+25
-1.843648191939704607e+25
-3.648774278814582479e+25
-3.756187824881385827e+25
-3.866553080584283625e+25
-3.979949597507093745e+25
-4.096456004896430373e+25
-4.216139402783861630e+25
-4.339099403587385545e+25
-4.465414867137917228e+25
-4.595153124051325718e+25
-4.728418398431627475e+25
-8.998740500245992485e+25
-9.248585968991925709e+25
-9.504906244907730985e+25
-9.767859969992442216e+25
-1.003761224260551910e+26
-1.031433830681566188e+26
-1.059818204722664550e+26
-1.088931501855835544e+26
-1.118794935836763937e+26
-1.149422526190945748e+26
-2.112515043895673527e+26
-2.168015578322802718e+26
-2.224873055243993983e+26
-2.283126950691565062e+26
-2.342807517325796837e+26
-2.403943901002325770e+26
-2.466572257339536332e+26
-2.530729479825575941e+26
-2.596440840499825580e+26
-2.663748397938773306e+26
-4.745029045833960346e+26
-4.863333180667000339e+26
-4.984392521194889591e+26
-5.108259456170797437e+26
-5.235013675529122301e+26
-5.364700189325404036e+26
-5.497399425363804015e+26
-5.633162665592847151e+26
-5.772067755272524497e+26
-5.914157121914205586e+26
-1.024238493688175041e+27
-1.048536692556017852e+27
-1.073374274220575930e+27
-1.098760388266909836e+27
-1.124709865877254831e+27
-1.151230159536216695e+27
-1.178336321786959574e+27
-1.206039273101975104e+27
-1.234352590284901536e+27
-1.263282766589652816e+27
-2.132655531116742942e+27
-2.180911623317756770e+27
-2.230186713661402314e+27
-2.280508546050766433e+27
-2.331887007940672635e+27
-2.384349990808160369e+27
-2.437916088971255934e+27
-2.492606110357274474e+27
-2.548447798869302850e+27
-2.605451189536117158e+27
-4.297428466979292700e+27
-4.390375559834658954e+27
-4.485208942952026452e+27
-4.581954589347050976e+27
-4.680648802212069589e+27
-4.781340871247247240e+27
-4.884060016095196686e+27
-4.988818928115840640e+27
-5.095699658426818962e+27
-5.204728475191692613e+27
