-1.719929597609187001e+24
-1.800389251227125411e+24
-1.884073193947884943e+24
-1.971090520968839022e+24
-2.061541824691264595e+24
-6.506338420101545275e+24
-6.754828744910963611e+24
-7.011172194549011485e+24
-7.275609153149399424e+24
-7.548300453262020084e+24
-1.937594807787646758e+25
-1.998000515931416055e+25
-2.059884269444091331e+25
-2.123276966621996048e+25
-2.188197976546407601e+25
-4.715076329611715199e+25
-4.833543625896087153e+25
-4.954069117650483250e+25
-5.076745960932475724e+25
-5.201557553672398236e+25
-9.582325385110682602e+25
-9.769935228700734540e+25
-9.959553922720413449e+25
-1.015122666169269992e+26
-1.034483261944391114e+26
