-2.725480150280281215e+25
-2.954861723488044748e+25
-3.202314880111918764e+25
-3.469153720082854147e+25
-3.756796106267216400e+25
-3.033721646636873449e+26
-3.253561457005069979e+26
-3.488311770608045939e+26
-3.738906361630812508e+26
-4.006344305732401794e+26
-2.486937499690399824e+27
-2.644976511554020550e+27
-2.812415984197603664e+27
-2.989771245863592315e+27
-3.177588025028663127e+27
-1.605907425926393389e+28
-1.696710741487279931e+28
-1.792318710767000123e+28
-1.892965090906456010e+28
-1.998902646571643192e+28
-8.567337107161338399e+28
-9.003452374220833004e+28
-9.460335664598691735e+28
-9.938911617652260468e+28
-1.044015115193041720e+29
