-2.188101500000000000e+06
-3.324411750000000000e+06
-4.657662500000000000e+06
-8.735932500000000000e+05
-4.285726875000000000e+05
-1.213100468750000000e+05
-6.488960625000000000e+05
-2.936088500000000000e+06
-1.067081375000000000e+06
-4.153312500000000000e+06
-3.133247187500000000e+05
-2.375319218750000000e+05
-2.247432500000000000e+06
-1.522424062500000000e+05
-7.700666250000000000e+05
-2.102171250000000000e+06
-2.398332000000000000e+06
-4.743529000000000000e+06
-1.066830875000000000e+06
-9.139796875000000000e+05
-9.578808125000000000e+05
-1.201795000000000000e+05
-6.520759375000000000e+05
-4.964142500000000000e+06
-2.241954000000000000e+06
-1.657850125000000000e+06
-1.314463125000000000e+06
-2.402965937500000000e+05
-4.144729500000000000e+06
-2.007726750000000000e+06
-2.538133750000000000e+06
-1.678107375000000000e+06
-8.573472500000000000e+05
-4.712922187500000000e+05
-6.707546250000000000e+05
-9.008388125000000000e+05
-7.008383750000000000e+05
-1.338427812500000000e+05
-8.980474375000000000e+05
-2.175902250000000000e+06
-1.717468500000000000e+06
-1.400626125000000000e+06
-8.320446250000000000e+05
-8.073713125000000000e+05
-1.093953625000000000e+06
-2.664173750000000000e+06
-1.637216900000000000e+07
-1.121296375000000000e+06
-1.600145000000000000e+06
-1.632182343750000000e+05
-1.031487734375000000e+05
-2.729060000000000000e+06
-2.885023500000000000e+06
-2.231953500000000000e+06
-2.539753250000000000e+06
-1.830893125000000000e+06
-2.218037000000000000e+06
-1.545089125000000000e+06
-3.749515000000000000e+06
-2.959372750000000000e+06
-7.460908593750000000e+04
-6.782336250000000000e+05
-2.759749500000000000e+06
-2.484937500000000000e+06
-3.686098000000000000e+06
-2.288273000000000000e+06
-1.026096875000000000e+06
-2.513128281250000000e+05
-3.081744500000000000e+06
-1.049040125000000000e+06
-2.459709500000000000e+06
-1.807868375000000000e+06
-1.047009062500000000e+06
-1.150202500000000000e+06
-2.360745750000000000e+06
-5.026982000000000000e+06
-3.894225937500000000e+05
-1.300712375000000000e+06
-3.634255500000000000e+06
-1.695434687500000000e+05
-2.314959531250000000e+05
-3.490221500000000000e+06
-2.673742250000000000e+06
-1.111716500000000000e+06
-7.334390000000000000e+05
-3.089344250000000000e+06
-4.380228437500000000e+05
-3.504639000000000000e+06
-8.069206875000000000e+05
-4.487099062500000000e+05
-1.348970375000000000e+06
-2.697398000000000000e+06
-1.470752125000000000e+06
-8.665037500000000000e+05
-1.644055750000000000e+06
-1.187827000000000000e+06
-5.270210625000000000e+05
-1.647592625000000000e+06
-3.700183500000000000e+06
-5.619604375000000000e+05
-2.275316000000000000e+06
-2.187722750000000000e+06
-9.699411250000000000e+05
-3.357363500000000000e+06
-4.436754500000000000e+06
-4.675248750000000000e+05
-5.725763000000000000e+06
-9.374609375000000000e+05
-1.991846093750000000e+05
-1.113322600000000000e+07
-2.290543750000000000e+06
-4.209001000000000000e+06
-2.012542125000000000e+06
-4.464644000000000000e+06
-2.359205250000000000e+06
-1.975033375000000000e+06
-2.481264687500000000e+05
-8.333383750000000000e+05
-6.783052500000000000e+05
-2.444644000000000000e+06
-9.357757000000000000e+06
-3.127178250000000000e+06
-1.132961250000000000e+06
-5.829421875000000000e+05
-2.169839750000000000e+06
-3.077570500000000000e+06
-2.154528000000000000e+06
-4.612526562500000000e+05
-2.036358000000000000e+06
-1.047588700000000000e+07
-9.043473125000000000e+05
-1.310968500000000000e+06
-4.001263250000000000e+06
-1.190204750000000000e+06
-9.347971250000000000e+05
-4.698642812500000000e+05
-1.382482750000000000e+06
-4.129820750000000000e+06
-6.460128000000000000e+06
-3.720048000000000000e+06
-1.917966625000000000e+06
-3.563987500000000000e+06
-1.258840125000000000e+06
-7.885161250000000000e+05
-1.038606500000000000e+06
-1.263368500000000000e+06
-5.828000781250000000e+04
-8.405169375000000000e+05
-2.383406250000000000e+06
-1.288781000000000000e+06
-8.310292500000000000e+06
-3.227582500000000000e+06
-4.923061250000000000e+05
-1.239964250000000000e+06
-1.164258375000000000e+06
-3.379308500000000000e+06
-2.805917750000000000e+06
-3.919714250000000000e+06
-2.003077000000000000e+06
-2.190128500000000000e+06
-3.470718750000000000e+06
-9.055420000000000000e+05
-1.860890500000000000e+06
-2.463042187500000000e+04
-1.320671375000000000e+06
-2.898983250000000000e+06
-1.474954750000000000e+06
-2.156633750000000000e+06
-4.271366000000000000e+06
-5.802268000000000000e+06
-9.724195000000000000e+05
-1.729551250000000000e+06
-2.191265156250000000e+05
-1.144035125000000000e+06
-6.444730625000000000e+05
-7.248801250000000000e+05
-2.537617000000000000e+06
-2.858920000000000000e+06
-2.856369250000000000e+06
-2.550747250000000000e+06
-1.701294500000000000e+06
-2.846865000000000000e+05
-8.522253125000000000e+04
-1.824715750000000000e+06
-6.109879000000000000e+06
-1.995634218750000000e+05
-1.410564500000000000e+06
-1.655061375000000000e+06
-3.250893250000000000e+06
-1.015015437500000000e+06
-8.460706250000000000e+05
-5.609144375000000000e+05
-8.237983750000000000e+05
-1.056515625000000000e+06
-1.509602000000000000e+06
-2.578070750000000000e+06
-1.393052500000000000e+06
-5.547561250000000000e+05
-3.817991000000000000e+06
-3.533984687500000000e+05
-2.636757812500000000e+05
-4.719514843750000000e+04
-4.475855000000000000e+05
-1.455675875000000000e+06
-6.517833125000000000e+05
-3.181498250000000000e+06
-8.698900000000000000e+06
-7.078062500000000000e+06
-1.901898500000000000e+06
-9.644091250000000000e+05
-6.506406640625000000e+04
-7.859526250000000000e+05
-1.009251375000000000e+06
-1.297858593750000000e+05
-2.318119250000000000e+06
-2.928801500000000000e+06
-7.580144375000000000e+05
-3.141199250000000000e+06
-3.394971250000000000e+06
-1.063109609375000000e+05
-2.881418125000000000e+05
-1.463379531250000000e+05
-8.837986250000000000e+05
-1.759706750000000000e+06
-9.986751875000000000e+05
-1.426101375000000000e+06
-3.768842500000000000e+06
-1.049074250000000000e+06
-1.171355312500000000e+05
-3.016614062500000000e+05
-1.048028187500000000e+06
-3.523931750000000000e+06
-1.228229750000000000e+06
-2.004386250000000000e+06
-1.168451800000000000e+07
-2.964579000000000000e+06
-1.996852125000000000e+06
-9.495138750000000000e+05
-6.431170000000000000e+05
-3.914183750000000000e+06
-1.832528000000000000e+06
-4.390001562500000000e+05
-1.786190625000000000e+06
-4.295099000000000000e+06
-2.425608000000000000e+06
-1.025699000000000000e+06
-2.993458500000000000e+06
-8.751013750000000000e+05
-9.983428125000000000e+05
-4.214630000000000000e+05
-5.951623750000000000e+05
-5.370803125000000000e+05
-1.090843750000000000e+06
-1.263340000000000000e+06
-1.757132500000000000e+06
-2.146374000000000000e+06
-2.179229750000000000e+06
-1.741127500000000000e+05
-8.385111328125000000e+03
-2.353069750000000000e+06
-1.979094000000000000e+06
-3.639151750000000000e+06
-1.207399400000000000e+07
-1.885455375000000000e+06
-4.741478750000000000e+05
-1.077258671875000000e+05
-1.015745375000000000e+06
-1.757182375000000000e+06
-4.794642578125000000e+04
-2.081269125000000000e+06
-1.400290125000000000e+06
-8.373154375000000000e+05
-4.962082500000000000e+06
-1.735152125000000000e+06
-2.343966000000000000e+06
-1.298075625000000000e+06
-4.046365312500000000e+05
-4.486088125000000000e+05
-3.901335625000000000e+05
-1.918811125000000000e+06
-5.495596875000000000e+05
-6.730732500000000000e+05
-2.081801000000000000e+06
-5.385042500000000000e+05
-9.729965000000000000e+05
-1.465591375000000000e+06
-2.786936562500000000e+05
-2.932204250000000000e+06
-5.901435000000000000e+05
-2.712397250000000000e+06
-6.618909500000000000e+06
-4.166353500000000000e+06
-2.493950000000000000e+06
-5.024765937500000000e+05
-8.468378125000000000e+05
-1.370077125000000000e+06
-9.779982500000000000e+05
-7.689976875000000000e+05
-2.084782000000000000e+06
-3.129068437500000000e+05
-2.596496000000000000e+06
-2.588535750000000000e+06
-2.934878000000000000e+06
-5.703482500000000000e+06
-3.337849375000000000e+05
-1.098977031250000000e+05
-2.477914500000000000e+06
-8.128866250000000000e+05
-3.617817500000000000e+06
-3.140914750000000000e+06
-9.024635000000000000e+05
-1.110024609375000000e+05
-1.055403750000000000e+06
-1.857147000000000000e+06
-1.356350250000000000e+06
-9.102793750000000000e+05
-2.794422500000000000e+06
-4.536043000000000000e+06
-1.704351093750000000e+05
-3.984062500000000000e+05
-3.858123250000000000e+06
-2.064964531250000000e+05
-5.467948125000000000e+05
-1.796714000000000000e+06
-1.480245875000000000e+06
-5.162087000000000000e+06
-1.314843125000000000e+06
-8.644666875000000000e+05
-1.578052000000000000e+06
-3.613775500000000000e+06
-2.526529000000000000e+06
-1.018670562500000000e+06
-1.120662625000000000e+06
-7.450812500000000000e+05
-4.036268125000000000e+05
-1.111249921875000000e+05
-5.313514500000000000e+06
-5.076641000000000000e+06
-3.911425500000000000e+06
-1.246499296875000000e+05
-6.330051250000000000e+05
-5.386969375000000000e+05
-3.730498437500000000e+05
-3.494989750000000000e+06
-1.835746000000000000e+06
-4.036724750000000000e+06
-1.476329000000000000e+06
-5.318462109375000000e+04
-1.168148500000000000e+06
-1.441876250000000000e+06
-1.095009750000000000e+06
-3.756183593750000000e+04
-1.669128500000000000e+06
-1.637415875000000000e+06
-5.367869500000000000e+06
-1.169267250000000000e+06
-9.012875625000000000e+05
-3.222287000000000000e+06
-1.481413250000000000e+06
-3.058495250000000000e+06
-4.324562500000000000e+05
-1.266411250000000000e+05
-3.465879250000000000e+06
-5.709803750000000000e+05
-7.757261500000000000e+06
-9.651608125000000000e+05
-3.653565937500000000e+05
-3.226889375000000000e+05
-2.439340937500000000e+05
-3.440295000000000000e+05
-2.573230500000000000e+06
-6.772354500000000000e+06
-1.761826500000000000e+06
-2.362576000000000000e+06
-2.851093125000000000e+05
-7.713735625000000000e+05
-2.358794750000000000e+06
-1.019759187500000000e+06
-1.008657437500000000e+06
-9.502716250000000000e+05
-2.130195750000000000e+06
-2.870255000000000000e+06
-1.433311500000000000e+06
-3.106513250000000000e+06
-1.470826875000000000e+06
-3.925144250000000000e+06
-4.054109500000000000e+06
-2.948588125000000000e+05
-3.052898125000000000e+05
-6.780031250000000000e+05
-2.692505250000000000e+06
-3.519483250000000000e+06
-5.805472500000000000e+06
-4.271807000000000000e+06
-1.711649062500000000e+05
-8.650407812500000000e+04
-1.232365625000000000e+06
-2.909173250000000000e+06
-2.691251250000000000e+06
-1.939606625000000000e+06
-3.076551000000000000e+06
-2.465936000000000000e+06
-7.102274375000000000e+05
-1.992906875000000000e+06
-3.965325750000000000e+06
-1.021882125000000000e+06
-1.946090500000000000e+06
-3.815490937500000000e+05
-2.830449687500000000e+05
-5.043559375000000000e+05
-1.005958687500000000e+06
-3.035499500000000000e+06
-9.939051250000000000e+05
-3.435358000000000000e+06
-6.511486000000000000e+06
-5.999556250000000000e+05
-9.958300000000000000e+05
-7.584239375000000000e+05
-2.890068437500000000e+05
-8.585191875000000000e+05
-2.283900500000000000e+06
-5.107446250000000000e+05
-5.793563125000000000e+05
-2.953748000000000000e+06
-3.844892750000000000e+06
-6.711643750000000000e+05
-1.371999250000000000e+06
-4.047032000000000000e+06
-2.251603906250000000e+05
-2.153287500000000000e+06
-6.492688750000000000e+05
-2.631268750000000000e+06
-3.789432000000000000e+06
-1.030514100000000000e+07
-3.049072750000000000e+06
-8.162778750000000000e+05
-2.277836250000000000e+06
-7.253025625000000000e+05
-7.538200625000000000e+05
-4.910664687500000000e+05
-1.135538500000000000e+06
-2.397123250000000000e+06
-1.191307500000000000e+06
-6.915423000000000000e+06
-6.529790625000000000e+05
-3.999287500000000000e+05
-3.226169500000000000e+06
-1.930276875000000000e+06
-7.494063000000000000e+06
-4.222407187500000000e+05
-2.363504375000000000e+05
-6.608952500000000000e+05
-3.254045000000000000e+06
-5.131882000000000000e+06
-2.180428500000000000e+06
-5.479208000000000000e+06
-6.650996500000000000e+06
-3.914011562500000000e+05
-8.840629375000000000e+05
-1.373982250000000000e+06
-3.447431500000000000e+06
-3.248462250000000000e+06
-5.880756500000000000e+06
-8.571675000000000000e+05
-1.847023500000000000e+06
-4.228528500000000000e+06
-1.853742125000000000e+06
-3.354026875000000000e+05
-2.894654687500000000e+04
-1.970745000000000000e+05
-5.468685500000000000e+06
-3.862767500000000000e+06
-1.965932875000000000e+06
-8.501166250000000000e+05
-7.197779375000000000e+05
-2.520642750000000000e+06
-4.746774000000000000e+06
-3.991140750000000000e+06
-1.251994125000000000e+06
-1.025364312500000000e+06
-3.733369000000000000e+06
-2.699084000000000000e+06
-1.015984687500000000e+06
-3.651037500000000000e+06
-3.785046875000000000e+05
-1.402715750000000000e+06
-2.808318500000000000e+06
-3.411252750000000000e+06
-1.154894125000000000e+06
-3.799260250000000000e+06
-2.309967250000000000e+06
-4.340954062500000000e+05
-1.798245500000000000e+06
-5.992101250000000000e+05
-2.785226500000000000e+06
-5.666239375000000000e+05
-1.900986875000000000e+05
-2.069530000000000000e+06
-3.817209062500000000e+05
-4.143188000000000000e+06
-8.081173750000000000e+05
-1.527108000000000000e+06
-1.502395750000000000e+06
-3.706510000000000000e+05
-7.439303125000000000e+05
-6.142660500000000000e+06
-3.398126250000000000e+06
-8.956743750000000000e+05
-1.694280250000000000e+06
-2.818728500000000000e+06
-1.474971625000000000e+06
-1.444930000000000000e+06
-3.770726750000000000e+06
-1.342769875000000000e+06
-6.993800625000000000e+05
-5.392456875000000000e+05
-6.579881875000000000e+05
-4.171559750000000000e+06
-3.199847000000000000e+06
-9.944775000000000000e+05
-2.109019000000000000e+06
-6.187096250000000000e+05
-3.881075000000000000e+05
-1.197447375000000000e+06
-2.339509062500000000e+05
-3.193905937500000000e+05
-3.497926750000000000e+06
-3.465178250000000000e+06
-1.469244125000000000e+06
-8.510810000000000000e+05
-1.055769625000000000e+06
-1.401871375000000000e+06
-9.907703750000000000e+05
-3.705526750000000000e+06
-6.390135500000000000e+06
-3.115830500000000000e+06
-1.781399687500000000e+05
-1.036005468750000000e+05
-2.346934500000000000e+06
-1.184556500000000000e+06
-5.037352812500000000e+05
-8.322948750000000000e+05
-6.075406250000000000e+05
-5.022682187500000000e+05
-1.168242000000000000e+06
-2.114542750000000000e+06
-1.145225750000000000e+06
-1.551665250000000000e+06
-6.122166875000000000e+05
-2.212981000000000000e+06
-5.654941875000000000e+05
-3.955787812500000000e+05
-1.728244125000000000e+06
-7.256692968750000000e+04
-1.116911375000000000e+06
-2.563546250000000000e+06
-9.168765000000000000e+05
-4.245462500000000000e+06
-3.705337000000000000e+06
-1.938988500000000000e+06
-8.884516875000000000e+05
-8.138189375000000000e+05
-1.439636125000000000e+06
-2.991414000000000000e+06
-1.762872750000000000e+06
-1.933962343750000000e+05
-5.392836875000000000e+05
-1.565354625000000000e+06
-1.629129125000000000e+06
-6.641388125000000000e+05
-3.862938437500000000e+05
-4.211475625000000000e+05
-1.306449375000000000e+06
-1.397324125000000000e+06
-1.410344000000000000e+06
-1.015670812500000000e+06
-2.132385750000000000e+06
-3.182551500000000000e+06
-8.065662500000000000e+05
-7.521336250000000000e+05
-9.260152500000000000e+05
-1.633984375000000000e+06
-4.832633437500000000e+05
-2.368399000000000000e+06
-4.335953500000000000e+06
-3.874473000000000000e+06
-4.607882500000000000e+06
-2.665599250000000000e+06
-1.236058125000000000e+06
-5.990903750000000000e+05
-8.874295000000000000e+05
-1.446483125000000000e+06
-4.269813750000000000e+05
-1.618592250000000000e+06
-4.480329687500000000e+05
-3.631499755859375000e+03
-3.232389500000000000e+06
-4.912156000000000000e+06
-2.276672750000000000e+06
-2.103697343750000000e+05
-1.961466375000000000e+06
-4.202355500000000000e+06
-1.352443375000000000e+06
-1.798633000000000000e+06
-4.329503125000000000e+05
-1.731281000000000000e+06
-2.884444750000000000e+06
-1.048262375000000000e+06
-4.130083437500000000e+05
-4.566698750000000000e+05
-1.418645781250000000e+05
-1.080315468750000000e+05
-2.215755750000000000e+06
-3.268686750000000000e+06
-4.688578500000000000e+06
-6.087101500000000000e+06
-1.780964125000000000e+06
-2.651648750000000000e+06
-2.703228000000000000e+06
-4.533587000000000000e+06
-1.092218000000000000e+06
-8.109245000000000000e+05
-7.332373125000000000e+05
-4.700940234375000000e+04
-2.050102625000000000e+06
-1.729445000000000000e+06
-5.636050625000000000e+05
-4.801078000000000000e+06
-2.137695750000000000e+06
-3.351273750000000000e+06
-5.145135000000000000e+05
-7.872993750000000000e+05
-1.484012750000000000e+06
-7.896698750000000000e+05
-3.087951750000000000e+06
-4.973983500000000000e+06
-4.213541562500000000e+05
-4.124150312500000000e+05
-4.248000390625000000e+04
-6.067455625000000000e+05
-1.202748000000000000e+06
-6.581350500000000000e+06
-4.476601000000000000e+06
-1.090169000000000000e+06
-4.569205312500000000e+05
-9.858767500000000000e+05
-7.631473500000000000e+06
-1.229317750000000000e+06
-3.314364375000000000e+05
-3.299893500000000000e+06
-9.676866875000000000e+05
-2.111493000000000000e+06
-4.222669000000000000e+06
-7.621823750000000000e+05
-6.714157000000000000e+06
-6.391701500000000000e+06
-2.957502250000000000e+06
-4.316164000000000000e+06
-4.170694921875000000e+04
-3.006073125000000000e+05
-6.140960500000000000e+06
-2.022444625000000000e+06
-1.380405750000000000e+06
-1.553681000000000000e+06
-1.322953625000000000e+06
-8.421051875000000000e+05
-3.278373125000000000e+05
-1.709485125000000000e+06
-4.311239500000000000e+06
-1.572253250000000000e+06
-3.425961000000000000e+06
-3.341438500000000000e+06
-7.237548750000000000e+05
-5.664722000000000000e+06
-1.158087625000000000e+06
-1.887678750000000000e+06
-8.674980625000000000e+05
-5.504986328125000000e+04
-9.433270625000000000e+05
-1.636454750000000000e+06
-2.831105000000000000e+06
-4.575659000000000000e+06
-7.022065625000000000e+05
-1.133229000000000000e+07
-4.914403500000000000e+06
-1.882837250000000000e+06
-1.102858375000000000e+06
-4.053745625000000000e+05
-1.022459687500000000e+06
-1.223643250000000000e+06
-4.648578750000000000e+05
-4.611681250000000000e+05
-3.087421500000000000e+06
-2.675968125000000000e+05
-3.859566162109375000e+03
-1.096397375000000000e+06
-1.909176625000000000e+06
-4.347109000000000000e+06
-1.336490750000000000e+06
-2.794217250000000000e+06
-1.252855125000000000e+06
-9.157385625000000000e+05
-6.940556500000000000e+06
-1.680769250000000000e+06
-1.247116125000000000e+06
-1.165756125000000000e+06
-8.854858125000000000e+05
-3.150594250000000000e+06
-1.697355125000000000e+06
-1.714565125000000000e+06
-1.579011500000000000e+06
-5.764739000000000000e+06
-4.498370500000000000e+06
-9.486609375000000000e+05
-6.072620312500000000e+04
-1.010478515625000000e+05
-1.065461375000000000e+06
-5.085776875000000000e+05
-7.813750500000000000e+06
-1.561817000000000000e+06
-1.910551500000000000e+06
-1.660447250000000000e+06
-2.512330156250000000e+05
-1.945267500000000000e+06
-1.801455625000000000e+06
-5.727008000000000000e+06
-6.409300000000000000e+06
-1.022870062500000000e+06
-3.177960000000000000e+06
-5.913291000000000000e+06
-1.489029625000000000e+06
-1.752253250000000000e+06
-1.911874531250000000e+05
-4.537745625000000000e+05
-7.386744375000000000e+05
-6.852745000000000000e+06
-5.076471000000000000e+06
-1.661291000000000000e+06
-2.765380750000000000e+06
-1.024718800000000000e+07
-6.734513750000000000e+05
-4.635148125000000000e+05
-8.183473750000000000e+05
-1.189863500000000000e+06
-1.909833000000000000e+06
-1.564488000000000000e+06
-2.053875625000000000e+06
-2.022805625000000000e+06
-1.802506875000000000e+06
-7.289629375000000000e+05
-2.361739687500000000e+05
-5.426293125000000000e+05
-3.411899500000000000e+06
-5.246193000000000000e+06
-2.863164000000000000e+06
-5.043673500000000000e+06
-2.585804000000000000e+06
-2.181914500000000000e+06
-1.195903250000000000e+06
-2.880975000000000000e+06
-1.180692000000000000e+06
-2.532551406250000000e+05
-2.812502500000000000e+06
-4.513462500000000000e+06
-1.414051375000000000e+06
-2.037176250000000000e+06
-2.625273000000000000e+06
-3.126698000000000000e+06
-2.030967625000000000e+06
-3.391094921875000000e+04
-2.841844687500000000e+05
-2.158299250000000000e+06
-2.829106250000000000e+06
-2.722895500000000000e+06
-2.972354000000000000e+06
-1.454332500000000000e+06
-9.310642500000000000e+05
-6.018444375000000000e+05
-2.942144687500000000e+05
-5.453636875000000000e+05
-3.625708125000000000e+05
-7.143525500000000000e+06
-3.821545000000000000e+06
-3.279261562500000000e+05
