-1.119470524780033457e+25
-1.168810722906887159e+25
-1.220186403950124249e+25
-1.273679886505173656e+25
-1.329374411504667995e+25
-1.387347570565867307e+25
-1.447690329195485071e+25
-1.510493883484535689e+25
-1.575847469557475731e+25
-1.643850815124453689e+25
-4.221114950829142939e+25
-4.392524863773663149e+25
-4.570447399713406516e+25
-4.755132973199173647e+25
-4.946809862688876699e+25
-5.145727560396112593e+25
-5.352132330354265350e+25
-5.566298567881431402e+25
-5.788492828429475850e+25
-6.018993196665309867e+25
-1.441613049360401459e+26
-1.495863355707934985e+26
-1.552026220481030717e+26
-1.610162979103733740e+26
-1.670344190372125992e+26
-1.732631466411413664e+26
-1.797092506772347270e+26
-1.863797409082406905e+26
-1.932828814755042789e+26
-2.004249811654987009e+26
-4.519496201309735575e+26
-4.677914625805464359e+26
-4.841535401064860711e+26
-5.010521596305536223e+26
-5.185034067135813642e+26
-5.365236620643067510e+26
-5.551311879593627551e+26
-5.743424020009749779e+26
-5.941773004597193207e+26
-6.146525591922384169e+26
-1.314889230236310068e+27
-1.358016242141117102e+27
-1.402466549678795766e+27
-1.448280588112355629e+27
-1.495496874243422597e+27
-1.544155400613148473e+27
-1.594296897632448007e+27
-1.645961800564330771e+27
-1.699196300055957333e+27
-1.754042602257768341e+27
-3.582236983621176569e+27
-3.692606657319280020e+27
-3.806162452653794585e+27
-3.922995865475325863e+27
-4.043185405126651562e+27
-4.166826404381144613e+27
-4.294006522166643283e+27
-4.424819910664899787e+27
-4.559364558980433670e+27
-4.697749081542350933e+27
-9.207383874831210265e+27
-9.474835690884342981e+27
-9.749569396054060689e+27
-1.003177506559129889e+28
-1.032162093380200983e+28
-1.061931065274076724e+28
-1.092502839470040305e+28
-1.123901145859668145e+28
-1.156144165553919294e+28
-1.189252558906156304e+28
-2.246840581785099887e+28
-2.308567106319337307e+28
-2.371884596121653510e+28
-2.436823746574187149e+28
-2.503436503708249791e+28
-2.571744826527986778e+28
-2.641805383431192548e+28
-2.713650994864923043e+28
-2.787331954032220826e+28
-2.862881317498465984e+28
-5.233386982607121557e+28
-5.369751453876410293e+28
-5.509456527195681016e+28
-5.652554620832893580e+28
-5.799141126591001950e+28
-5.949278851944228293e+28
-6.103065077642119724e+28
-6.260585278518016184e+28
-6.421903206519436412e+28
-6.587114725685982663e+28
-1.168829055834549934e+29
-1.197791896157967412e+29
-1.227428901520479361e+29
-1.257751027812326038e+29
-1.288775370000175432e+29
-1.320516756314783752e+29
-1.352988598276962349e+29
-1.386211013167928247e+29
-1.420195618009229307e+29
-1.454963191213390153e+29
