3.265597581863403320e+00
3.261142969131469727e+00
3.256690263748168945e+00
3.252236604690551758e+00
3.247785091400146484e+00
3.243331670761108398e+00
3.238878965377807617e+00
3.234425306320190430e+00
3.229968786239624023e+00
3.225515127182006836e+00
3.221063613891601562e+00
3.216611146926879883e+00
3.212156534194946289e+00
3.207703828811645508e+00
3.203250169754028320e+00
3.198795795440673828e+00
3.194342136383056641e+00
3.189886569976806641e+00
3.185434818267822266e+00
3.180980443954467773e+00
3.176527738571166992e+00
3.172076225280761719e+00
3.167623519897460938e+00
3.163167953491210938e+00
3.158710479736328125e+00
3.154257774353027344e+00
3.149806261062622070e+00
3.145353555679321289e+00
3.123086690902709961e+00
3.118633031845092773e+00
3.114177465438842773e+00
3.109722852706909180e+00
3.105269432067871094e+00
3.100816726684570312e+00
3.096364259719848633e+00
3.091911077499389648e+00
3.087457418441772461e+00
3.083002805709838867e+00
3.078552246093750000e+00
3.074096679687500000e+00
3.069642543792724609e+00
3.065189123153686523e+00
3.060737609863281250e+00
3.056281805038452148e+00
3.051829338073730469e+00
3.047375679016113281e+00
3.042919635772705078e+00
3.038468122482299805e+00
3.034014940261840820e+00
3.029561281204223633e+00
3.025107860565185547e+00
3.020656108856201172e+00
3.016202688217163086e+00
3.011745452880859375e+00
3.007292985916137695e+00
3.002839326858520508e+00
2.980573892593383789e+00
2.976118326187133789e+00
2.971664667129516602e+00
2.967211246490478516e+00
2.962756156921386719e+00
2.958302497863769531e+00
2.953850269317626953e+00
2.949397802352905273e+00
2.944946289062500000e+00
2.940488576889038086e+00
2.936040163040161133e+00
2.931586980819702148e+00
2.927130460739135742e+00
2.922676801681518555e+00
2.918222188949584961e+00
2.913770675659179688e+00
2.909316539764404297e+00
2.904864072799682617e+00
2.900407314300537109e+00
2.895953655242919922e+00
2.891499757766723633e+00
2.887048006057739258e+00
2.882596492767333984e+00
2.878144979476928711e+00
2.873689889907836914e+00
2.869233131408691406e+00
2.864780664443969727e+00
2.860328197479248047e+00
2.838060617446899414e+00
2.833606958389282227e+00
2.829153537750244141e+00
2.824701309204101562e+00
2.820244789123535156e+00
2.815789699554443359e+00
2.811336040496826172e+00
2.806886434555053711e+00
2.802433013916015625e+00
2.797977447509765625e+00
2.793525218963623047e+00
2.789072751998901367e+00
2.784619092941284180e+00
2.780165433883666992e+00
2.775710821151733398e+00
2.771255731582641602e+00
2.766804218292236328e+00
2.762349605560302734e+00
2.757898092269897461e+00
2.753442525863647461e+00
2.748986244201660156e+00
2.744535923004150391e+00
2.740081310272216797e+00
2.735630035400390625e+00
2.731174468994140625e+00
2.726722002029418945e+00
2.722268342971801758e+00
2.717816829681396484e+00
2.695548295974731445e+00
2.691093683242797852e+00
2.686638593673706055e+00
2.682186126708984375e+00
2.677734613418579102e+00
2.673277854919433594e+00
2.668822288513183594e+00
2.664371252059936523e+00
2.659919738769531250e+00
2.655466079711914062e+00
2.651012420654296875e+00
2.646554946899414062e+00
2.642102718353271484e+00
2.637651681900024414e+00
2.633199214935302734e+00
2.628747701644897461e+00
2.624293088912963867e+00
2.619832754135131836e+00
2.615383386611938477e+00
2.610929727554321289e+00
2.606474161148071289e+00
2.602018356323242188e+00
2.597568511962890625e+00
2.593114852905273438e+00
2.588662147521972656e+00
2.584208726882934570e+00
2.579757213592529297e+00
2.575300931930541992e+00
2.553038120269775391e+00
2.548579931259155273e+00
2.544126272201538086e+00
2.539673805236816406e+00
2.535218238830566406e+00
2.530764579772949219e+00
2.526312589645385742e+00
2.521854877471923828e+00
2.517402410507202148e+00
2.512948751449584961e+00
2.508497238159179688e+00
2.504044055938720703e+00
2.499591112136840820e+00
2.495136499404907227e+00
2.490685939788818359e+00
2.486230850219726562e+00
2.481779098510742188e+00
2.477324485778808594e+00
2.472871065139770508e+00
2.468418359756469727e+00
2.463965892791748047e+00
2.459507703781127930e+00
2.455054044723510742e+00
2.450601577758789062e+00
2.446147918701171875e+00
2.441698312759399414e+00
2.437246322631835938e+00
2.432788610458374023e+00
2.410521268844604492e+00
2.406067609786987305e+00
2.401612997055053711e+00
2.397157430648803711e+00
2.392710924148559570e+00
2.388255834579467773e+00
2.383800268173217773e+00
2.379342555999755859e+00
2.374887943267822266e+00
2.370436429977416992e+00
2.365985393524169922e+00
2.361530780792236328e+00
2.357073068618774414e+00
2.352622032165527344e+00
2.348171949386596680e+00
2.343719482421875000e+00
2.339267015457153320e+00
2.334811210632324219e+00
2.330360651016235352e+00
2.325905084609985352e+00
2.321453094482421875e+00
2.316995382308959961e+00
2.312543869018554688e+00
2.308090209960937500e+00
2.303639650344848633e+00
2.299183607101440430e+00
2.294728040695190430e+00
2.290274381637573242e+00
2.268007040023803711e+00
2.263553380966186523e+00
2.259101867675781250e+00
2.254648208618164062e+00
2.250193119049072266e+00
2.245741605758666992e+00
2.241286039352416992e+00
2.236832380294799805e+00
2.232378721237182617e+00
2.227922677993774414e+00
2.223476171493530273e+00
2.219016551971435547e+00
2.214564323425292969e+00
2.210108280181884766e+00
2.205655813217163086e+00
2.201200008392333984e+00
2.196746587753295898e+00
2.192297935485839844e+00
2.187846422195434570e+00
2.183390378952026367e+00
2.178938865661621094e+00
2.174481153488159180e+00
2.170031547546386719e+00
2.165580987930297852e+00
2.161128997802734375e+00
2.156669378280639648e+00
2.152213811874389648e+00
2.147756099700927734e+00
2.125492572784423828e+00
2.121039152145385742e+00
2.116590499877929688e+00
2.112134456634521484e+00
2.107682943344116211e+00
2.103231430053710938e+00
2.098775625228881836e+00
2.094320058822631836e+00
2.089869022369384766e+00
2.085413455963134766e+00
2.080957889556884766e+00
2.076506137847900391e+00
2.072050571441650391e+00
2.067593097686767578e+00
2.063144445419311523e+00
2.058691978454589844e+00
2.054241418838500977e+00
2.049783706665039062e+00
2.045331716537475586e+00
2.040879964828491211e+00
2.036425590515136719e+00
2.031963825225830078e+00
2.027514219284057617e+00
2.023062229156494141e+00
2.018610715866088867e+00
2.014154911041259766e+00
2.009703397750854492e+00
2.005246877670288086e+00
1.982983469963073730e+00
1.978527784347534180e+00
1.974075794219970703e+00
1.969616055488586426e+00
1.965168595314025879e+00
1.960716962814331055e+00
1.956259369850158691e+00
1.951812386512756348e+00
1.947354674339294434e+00
1.942899107933044434e+00
1.938447594642639160e+00
1.933997988700866699e+00
1.929538369178771973e+00
1.925085783004760742e+00
1.920628190040588379e+00
1.916176557540893555e+00
1.911720991134643555e+00
1.907272934913635254e+00
1.902817368507385254e+00
1.898366808891296387e+00
1.893915176391601562e+00
1.889455556869506836e+00
1.885003447532653809e+00
1.880551934242248535e+00
1.876096367835998535e+00
1.871646761894226074e+00
1.867194175720214844e+00
1.862738132476806641e+00
1.840475201606750488e+00
1.836010932922363281e+00
1.831561446189880371e+00
1.827105879783630371e+00
1.822654247283935547e+00
1.818204760551452637e+00
1.813749670982360840e+00
1.809298038482666016e+00
1.804844498634338379e+00
1.800384759902954102e+00
1.795933246612548828e+00
1.791482210159301758e+00
1.787026524543762207e+00
1.782570481300354004e+00
1.778112769126892090e+00
1.773664355278015137e+00
1.769220352172851562e+00
1.764758586883544922e+00
1.760308146476745605e+00
1.755854487419128418e+00
1.751407027244567871e+00
1.746946811676025391e+00
1.742489218711853027e+00
1.738038659095764160e+00
1.733577966690063477e+00
1.729131460189819336e+00
1.724677324295043945e+00
1.720225811004638672e+00
1.697960376739501953e+00
1.693504810333251953e+00
1.689047098159790039e+00
1.684596538543701172e+00
1.680140018463134766e+00
1.675688862800598145e+00
1.671235322952270508e+00
1.666779756546020508e+00
1.662326097488403320e+00
1.657875537872314453e+00
1.653418421745300293e+00
1.648973941802978516e+00
1.644510746002197266e+00
1.640058159828186035e+00
1.635603547096252441e+00
1.631150484085083008e+00
1.626699924468994141e+00
1.622241258621215820e+00
1.617792725563049316e+00
1.613342165946960449e+00
1.608885049819946289e+00
1.604436516761779785e+00
1.599975943565368652e+00
1.595523357391357422e+00
1.591076850891113281e+00
1.586617708206176758e+00
1.582167148590087891e+00
1.577712535858154297e+00
1.555443048477172852e+00
1.550990462303161621e+00
1.546529769897460938e+00
1.542077183723449707e+00
1.537626147270202637e+00
1.533173561096191406e+00
1.528725028038024902e+00
1.524270415306091309e+00
1.519811868667602539e+00
1.515364766120910645e+00
1.510906219482421875e+00
1.506455659866333008e+00
1.502001047134399414e+00
1.497538328170776367e+00
1.493089795112609863e+00
1.488634705543518066e+00
1.484186172485351562e+00
1.479735612869262695e+00
1.475276947021484375e+00
1.470830440521240234e+00
1.466373324394226074e+00
1.461924791336059570e+00
1.457466125488281250e+00
1.453011512756347656e+00
1.448560953140258789e+00
1.444103837013244629e+00
1.439655303955078125e+00
1.435202717781066895e+00
1.412930250167846680e+00
1.408473610877990723e+00
1.404022574424743652e+00
1.399567961692810059e+00
1.395111322402954102e+00
1.390660762786865234e+00
1.386212229728698730e+00
1.381755113601684570e+00
1.377302527427673340e+00
1.372850060462951660e+00
1.368395447731018066e+00
1.363940834999084473e+00
1.359490275382995605e+00
1.355033159255981445e+00
1.350570440292358398e+00
1.346125960350036621e+00
1.341673374176025391e+00
1.337214708328247070e+00
1.332763671875000000e+00
1.328307032585144043e+00
1.323862552642822266e+00
1.319403886795043945e+00
1.314955353736877441e+00
1.310496211051940918e+00
1.306039571762084961e+00
1.301586985588073730e+00
1.297132372856140137e+00
1.292675852775573730e+00
1.270420551300048828e+00
1.265969991683959961e+00
1.261520981788635254e+00
1.257056236267089844e+00
1.252605676651000977e+00
1.248153090476989746e+00
1.243702530860900879e+00
1.239249467849731445e+00
1.234796881675720215e+00
1.230338215827941895e+00
1.225883603096008301e+00
1.221431016921997070e+00
1.216982483863830566e+00
1.212519288063049316e+00
1.208070755004882812e+00
1.203616142272949219e+00
1.199155569076538086e+00
1.194719195365905762e+00
1.190247893333435059e+00
1.185803413391113281e+00
1.181332588195800781e+00
1.176888108253479004e+00
1.172443628311157227e+00
1.167984485626220703e+00
1.163531899452209473e+00
1.159077286720275879e+00
1.154628753662109375e+00
1.150170564651489258e+00
1.127903223037719727e+00
1.123446583747863770e+00
1.119000077247619629e+00
1.114543437957763672e+00
1.110094904899597168e+00
1.105639815330505371e+00
1.101183176040649414e+00
1.096728563308715820e+00
1.092280030250549316e+00
1.087823390960693359e+00
1.083364248275756836e+00
1.078907608985900879e+00
1.074457049369812012e+00
1.070004463195800781e+00
1.065555930137634277e+00
1.061105489730834961e+00
1.056652307510375977e+00
1.052193760871887207e+00
1.047749280929565430e+00
1.043290615081787109e+00
1.038838028907775879e+00
1.034374833106994629e+00
1.029922246932983398e+00
1.025469660758972168e+00
1.021019101142883301e+00
1.016570568084716797e+00
1.012115955352783203e+00
1.007654786109924316e+00
9.853833317756652832e-01
9.809469580650329590e-01
9.764801859855651855e-01
9.720316529273986816e-01
9.675851464271545410e-01
9.631199240684509277e-01
9.586632847785949707e-01
9.542208313941955566e-01
9.497601985931396484e-01
9.453116655349731445e-01
9.408529996871948242e-01
9.363979101181030273e-01
9.319534301757812500e-01
9.274947643280029297e-01
9.230502843856811523e-01
9.185895919799804688e-01
9.141345024108886719e-01
9.096778631210327148e-01
9.052313566207885742e-01
9.007747769355773926e-01
8.963181376457214355e-01
8.918630480766296387e-01
8.874064087867736816e-01
8.829639554023742676e-01
8.785113692283630371e-01
8.740587830543518066e-01
8.696001768112182617e-01
8.651470541954040527e-01
8.428786396980285645e-01
8.384301066398620605e-01
8.339734673500061035e-01
8.295143246650695801e-01
8.250698447227478027e-01
8.206111788749694824e-01
8.161666989326477051e-01
8.117100596427917480e-01
8.072468638420104980e-01
8.027902841567993164e-01
7.983356714248657227e-01
7.938871383666992188e-01
7.894386053085327148e-01
7.849839925765991211e-01
7.805309295654296875e-01
7.760621309280395508e-01
7.716318368911743164e-01
7.671751976013183594e-01
7.627125382423400879e-01
7.582695484161376953e-01
7.538089156150817871e-01
7.493603825569152832e-01
7.449098229408264160e-01
7.404491305351257324e-01
7.359940409660339355e-01
7.315414547920227051e-01
7.270848155021667480e-01
7.226383090019226074e-01
7.003587484359741211e-01
6.959102153778076172e-01
6.914576292037963867e-01
6.870065927505493164e-01
6.825499534606933594e-01
6.780993938446044922e-01
6.736509203910827637e-01
6.691902279853820801e-01
6.647396683692932129e-01
6.602784991264343262e-01
6.558360457420349121e-01
6.513814330101013184e-01
6.469247937202453613e-01
6.424722075462341309e-01
6.380130648612976074e-01
6.335604786872863770e-01
6.291140317916870117e-01
6.246654987335205078e-01
6.202088594436645508e-01
6.157456636428833008e-01
6.112890243530273438e-01
6.068344116210937500e-01
6.023818254470825195e-01
5.979332923889160156e-01
5.934746861457824707e-01
5.890296697616577148e-01
5.845690369606018066e-01
5.801255702972412109e-01
5.578479766845703125e-01
5.534090995788574219e-01
5.489524602890014648e-01
5.444856882095336914e-01
5.400412082672119141e-01
5.355967283248901367e-01
5.311375856399536133e-01
5.266849994659423828e-01
5.222344994544982910e-01
5.177616477012634277e-01
5.133090615272521973e-01
5.088625550270080566e-01
5.044054388999938965e-01
4.999528825283050537e-01
4.955023229122161865e-01
4.910416603088378906e-01
4.865911006927490234e-01
4.821542203426361084e-01
4.776793718338012695e-01
4.732348918914794922e-01
4.687843322753906250e-01
4.643317461013793945e-01
4.598726034164428711e-01
4.554240703582763672e-01
4.509634077548980713e-01
4.465169012546539307e-01
4.420602917671203613e-01
4.376097321510314941e-01
4.153443276882171631e-01
4.108770787715911865e-01
4.064325988292694092e-01
4.019820392131805420e-01
3.975253999233245850e-01
3.930647373199462891e-01
3.886136710643768311e-01
3.841611146926879883e-01
3.797105550765991211e-01
3.752579689025878906e-01
3.708054125308990479e-01
3.663548529148101807e-01
3.618977367877960205e-01
3.574512302875518799e-01
3.529905378818511963e-01
3.485420346260070801e-01
3.440874218940734863e-01
3.396302759647369385e-01
3.351756930351257324e-01
3.307271599769592285e-01
3.262664973735809326e-01
3.218159377574920654e-01
3.173694312572479248e-01
3.129021823406219482e-01
3.084577023983001709e-01
3.040010929107666016e-01
2.995464801788330078e-01
2.950817644596099854e-01
2.728269696235656738e-01
2.683663070201873779e-01
2.639339864253997803e-01
2.594712674617767334e-01
2.550141513347625732e-01
2.505575120449066162e-01
2.461089938879013062e-01
2.416564226150512695e-01
2.371977716684341431e-01
2.327532917261123657e-01
2.282860428094863892e-01
2.238334715366363525e-01
2.193768471479415894e-01
2.149303406476974487e-01
2.104737162590026855e-01
2.060267031192779541e-01
2.015619874000549316e-01
1.971175074577331543e-01
1.926588565111160278e-01
1.882143765687942505e-01
1.837592720985412598e-01
1.793026477098464966e-01
1.748460233211517334e-01
1.703914254903793335e-01
1.659469455480575562e-01
1.614903211593627930e-01
1.570352166891098022e-01
1.525785923004150391e-01
1.303111612796783447e-01
1.258646547794342041e-01
1.214039847254753113e-01
1.169473603367805481e-01
1.124922558665275574e-01
1.080356314778327942e-01
1.035891249775886536e-01
9.913250058889389038e-02
9.468802064657211304e-02
9.023342281579971313e-02
8.578439056873321533e-02
8.132573962211608887e-02
7.687316834926605225e-02
7.242464274168014526e-02
6.797813624143600464e-02
6.351290643215179443e-02
5.905830860137939453e-02
5.460168421268463135e-02
5.015720799565315247e-02
4.569855704903602600e-02
4.125357419252395630e-02
3.679492324590682983e-02
3.234032541513442993e-02
2.789179794490337372e-02
2.342100255191326141e-02
1.897247694432735443e-02
1.451737061142921448e-02
1.006378233432769775e-02
-1.219960115849971771e-02
-1.664610393345355988e-02
-2.111133188009262085e-02
-2.554973773658275604e-02
-3.000636212527751923e-02
-3.446905687451362610e-02
-3.891960904002189636e-02
-4.337218403816223145e-02
-4.781919345259666443e-02
-5.227581784129142761e-02
-5.672434717416763306e-02
-6.119513884186744690e-02
-6.564771384000778198e-02
-7.010281831026077271e-02
-7.454325258731842041e-02
-7.899987697601318359e-02
-8.344637602567672729e-02
-8.791109919548034668e-02
-9.235810488462448120e-02
-9.681472927331924438e-02
-1.012713536620140076e-01
-1.057178601622581482e-01
-1.101744845509529114e-01
-1.146351546049118042e-01
-1.190862134099006653e-01
-1.235347390174865723e-01
-1.279933899641036987e-01
-1.324419230222702026e-01
-1.547133922576904297e-01
-1.591619253158569336e-01
-1.636291742324829102e-01
-1.680736541748046875e-01
-1.725282520055770874e-01
-1.769767850637435913e-01
-1.814374625682830811e-01
-1.858839541673660278e-01
-1.903329938650131226e-01
-1.947997361421585083e-01
-1.992442160844802856e-01
-2.037008404731750488e-01
-2.081554383039474487e-01
-2.126044780015945435e-01
-2.170590758323669434e-01
-2.215116471052169800e-01
-2.259723246097564697e-01
-2.304228693246841431e-01
-2.348800003528594971e-01
-2.393184006214141846e-01
-2.437750250101089478e-01
-2.482316493988037109e-01
-2.526882886886596680e-01
-2.571448981761932373e-01
-2.615919113159179688e-01
-2.660525739192962646e-01
-2.705011069774627686e-01
-2.749557197093963623e-01
-2.972165644168853760e-01
-3.016792535781860352e-01
-3.061358928680419922e-01
-3.105844259262084961e-01
-3.150309324264526367e-01
-3.194900751113891602e-01
-3.239446878433227539e-01
-3.284012973308563232e-01
-3.328498303890228271e-01
-3.372963368892669678e-01
-3.417610526084899902e-01
-3.462161421775817871e-01
-3.506727814674377441e-01
-3.551132082939147949e-01
-3.595718443393707275e-01
-3.640284836292266846e-01
-3.684815764427185059e-01
-3.729402124881744385e-01
-3.773927986621856689e-01
-3.818514347076416016e-01
-3.862999677658081055e-01
-3.907403945922851562e-01
-3.952035903930664062e-01
-3.996440172195434570e-01
-4.041107594966888428e-01
-4.085673987865447998e-01
-4.130199849605560303e-01
-4.174710214138031006e-01
-4.397425055503845215e-01
-4.441910386085510254e-01
-4.486456513404846191e-01
-4.531063139438629150e-01
-4.575548470020294189e-01
-4.620094299316406250e-01
-4.664584696292877197e-01
-4.709130823612213135e-01
-4.753696918487548828e-01
-4.798263311386108398e-01
-4.842809140682220459e-01
-4.887218475341796875e-01
-4.931764602661132812e-01
-4.976371228694915771e-01
-5.020775794982910156e-01
-5.065402388572692871e-01
-5.109973549842834473e-01
-5.154438614845275879e-01
-5.199005007743835449e-01
-5.243449807167053223e-01
-5.288036465644836426e-01
-5.332602858543395996e-01
-5.377153754234313965e-01
-5.421820878982543945e-01
-5.466185212135314941e-01
-5.510771274566650391e-01
-5.555256605148315430e-01
-5.599837899208068848e-01
-5.822492241859436035e-01
-5.867018103599548340e-01
-5.911564230918884277e-01
-5.956175923347473145e-01
-6.000802516937255859e-01
-6.045267581939697266e-01
-6.089712381362915039e-01
-6.134177446365356445e-01
-6.178865432739257812e-01
-6.223396062850952148e-01
-6.267780065536499023e-01
-6.312224864959716797e-01
-6.356933116912841797e-01
-6.401539444923400879e-01
-6.445989608764648438e-01
-6.490616202354431152e-01
-6.534979939460754395e-01
-6.579607129096984863e-01
-6.624214053153991699e-01
-6.668663620948791504e-01
-6.713290810585021973e-01
-6.757816672325134277e-01
-6.802281737327575684e-01
-6.846807003021240234e-01
-6.891332864761352539e-01
-6.935803294181823730e-01
-6.980409622192382812e-01
-7.024955749511718750e-01
