-1.687714457511901855e-01
-1.694917380809783936e-01
-1.702121943235397339e-01
-1.709333062171936035e-01
-1.716547906398773193e-01
-1.723764836788177490e-01
-1.730990111827850342e-01
-1.738216429948806763e-01
-1.745448559522628784e-01
-1.752685308456420898e-01
-1.920320987701416016e-01
-1.927659362554550171e-01
-1.935004591941833496e-01
-1.942355036735534668e-01
-1.949709206819534302e-01
-1.957067400217056274e-01
-1.964428722858428955e-01
-1.971795558929443359e-01
-1.979168057441711426e-01
-1.986543089151382446e-01
-2.157377153635025024e-01
-2.164856493473052979e-01
-2.172340899705886841e-01
-2.179829776287078857e-01
-2.187322229146957397e-01
-2.194819152355194092e-01
-2.202320396900177002e-01
-2.209826260805130005e-01
-2.217335850000381470e-01
-2.224849462509155273e-01
-2.398880422115325928e-01
-2.406498193740844727e-01
-2.414121627807617188e-01
-2.421747148036956787e-01
-2.429380714893341064e-01
-2.437017112970352173e-01
-2.444657683372497559e-01
-2.452302575111389160e-01
-2.459950298070907593e-01
-2.467602640390396118e-01
-2.644820809364318848e-01
-2.652578055858612061e-01
-2.660338878631591797e-01
-2.668104171752929688e-01
-2.675873339176177979e-01
-2.683648467063903809e-01
-2.691427767276763916e-01
-2.699211537837982178e-01
-2.706997096538543701e-01
-2.714788913726806641e-01
-2.895186245441436768e-01
-2.903081476688385010e-01
-2.910981476306915283e-01
-2.918885052204132080e-01
-2.926793992519378662e-01
-2.934705317020416260e-01
-2.942620813846588135e-01
-2.950545251369476318e-01
-2.958468496799468994e-01
-2.966398000717163086e-01
-3.149965107440948486e-01
-3.157998025417327881e-01
-3.166035115718841553e-01
-3.174077272415161133e-01
-3.182121217250823975e-01
-3.190173208713531494e-01
-3.198226094245910645e-01
-3.206285834312438965e-01
-3.214346766471862793e-01
-3.222415745258331299e-01
-3.409142494201660156e-01
-3.417308926582336426e-01
-3.425486981868743896e-01
-3.433665633201599121e-01
-3.441847264766693115e-01
-3.450036048889160156e-01
-3.458225131034851074e-01
-3.466421663761138916e-01
-3.474617600440979004e-01
-3.482825160026550293e-01
-3.672699034214019775e-01
-3.681005835533142090e-01
-3.689316809177398682e-01
-3.697630763053894043e-01
-3.705950081348419189e-01
-3.714274466037750244e-01
-3.722603023052215576e-01
-3.730934560298919678e-01
-3.739270865917205811e-01
-3.747610747814178467e-01
-3.940617740154266357e-01
-3.949059247970581055e-01
-3.957506716251373291e-01
-3.965957164764404297e-01
-3.974409997463226318e-01
-3.982872366905212402e-01
-3.991335630416870117e-01
-3.999801874160766602e-01
-4.008276164531707764e-01
-4.016751945018768311e-01
