-6.649418500000000000e+06
-6.698650500000000000e+06
-6.748102500000000000e+06
-6.797779000000000000e+06
-6.847675000000000000e+06
-6.897796500000000000e+06
-6.948141000000000000e+06
-6.998707500000000000e+06
-7.049500500000000000e+06
-7.100516000000000000e+06
-8.336345500000000000e+06
-8.392816000000000000e+06
-8.449516000000000000e+06
-8.506446000000000000e+06
-8.563606000000000000e+06
-8.620999000000000000e+06
-8.678623000000000000e+06
-8.736474000000000000e+06
-8.794558000000000000e+06
-8.852876000000000000e+06
-1.025844400000000000e+07
-1.032236500000000000e+07
-1.038652500000000000e+07
-1.045092400000000000e+07
-1.051555700000000000e+07
-1.058042000000000000e+07
-1.064552700000000000e+07
-1.071086400000000000e+07
-1.077644500000000000e+07
-1.084225400000000000e+07
-1.242162100000000000e+07
-1.249314800000000000e+07
-1.256492000000000000e+07
-1.263693300000000000e+07
-1.270918700000000000e+07
-1.278167100000000000e+07
-1.285440400000000000e+07
-1.292737500000000000e+07
-1.300058700000000000e+07
-1.307404000000000000e+07
-1.482987200000000000e+07
-1.490910000000000000e+07
-1.498858000000000000e+07
-1.506830000000000000e+07
-1.514826100000000000e+07
-1.522846500000000000e+07
-1.530889800000000000e+07
-1.538958600000000000e+07
-1.547051000000000000e+07
-1.555166900000000000e+07
-1.748529200000000000e+07
-1.757226600000000000e+07
-1.765947200000000000e+07
-1.774693200000000000e+07
-1.783464000000000000e+07
-1.792256800000000000e+07
-1.801074400000000000e+07
-1.809917800000000000e+07
-1.818783600000000000e+07
-1.827673600000000000e+07
-2.038807200000000000e+07
-2.048274400000000000e+07
-2.057767600000000000e+07
-2.067283600000000000e+07
-2.076823400000000000e+07
-2.086388200000000000e+07
-2.095976000000000000e+07
-2.105588800000000000e+07
-2.115225000000000000e+07
-2.124885200000000000e+07
-2.353647400000000000e+07
-2.363878600000000000e+07
-2.374132800000000000e+07
-2.384411800000000000e+07
-2.394712600000000000e+07
-2.405036600000000000e+07
-2.415384800000000000e+07
-2.425756600000000000e+07
-2.436153400000000000e+07
-2.446574800000000000e+07
-2.692681200000000000e+07
-2.703660600000000000e+07
-2.714664600000000000e+07
-2.725687400000000000e+07
-2.736737400000000000e+07
-2.747808200000000000e+07
-2.758900600000000000e+07
-2.770019600000000000e+07
-2.781161400000000000e+07
-2.792322600000000000e+07
-3.055359200000000000e+07
-3.067064800000000000e+07
-3.078794400000000000e+07
-3.090546600000000000e+07
-3.102320000000000000e+07
-3.114117600000000000e+07
-3.125935200000000000e+07
-3.137776400000000000e+07
-3.149637800000000000e+07
-3.161524600000000000e+07
