-7.296898863302888907e+26
-7.866351328597828663e+26
-8.477412269825427682e+26
-9.132904038828963528e+26
-9.835823124715769580e+26
-6.932395627624965858e+27
-7.402975315572253492e+27
-7.903448173651916340e+27
-8.435597485507048050e+27
-9.001264974065967785e+27
-5.032468233753653058e+28
-5.334426735874600486e+28
-5.653347978402015680e+28
-5.990112210448305541e+28
-6.345650682683891964e+28
-2.952571807397664294e+29
-3.111209509078067027e+29
-3.277823665537355220e+29
-3.452786210359719686e+29
-3.636491933383128329e+29
-1.457913612455091518e+30
-1.528796711152283523e+30
-1.602906432862026972e+30
-1.680377572813208898e+30
-1.761354748757000700e+30
