-4.255614578723907471e-01
1.164677381515502930e+00
1.727009892463684082e+00
1.830797433853149414e+00
1.123695015907287598e+00
6.696375459432601929e-02
-1.261193394660949707e+00
-1.650100469589233398e+00
-7.129284739494323730e-01
-3.755752444267272949e-01
-3.012936115264892578e-01
1.803724169731140137e+00
2.908550262451171875e+00
7.920599579811096191e-01
-6.955707669258117676e-01
1.576087117195129395e+00
2.158772945404052734e+00
9.590396285057067871e-01
-1.620808690786361694e-01
-1.151881694793701172e+00
1.893345952033996582e+00
4.850708484649658203e+00
5.379301071166992188e+00
3.967825889587402344e+00
3.813268661499023438e+00
5.302530288696289062e+00
3.841346979141235352e+00
-1.043784618377685547e-01
-8.130665421485900879e-01
-8.473674654960632324e-01
3.329237937927246094e+00
2.358347892761230469e+00
1.524643540382385254e+00
3.064244508743286133e+00
5.850291252136230469e+00
5.881011486053466797e+00
5.140346050262451172e+00
-1.220820546150207520e+00
-3.583443880081176758e+00
-5.150447487831115723e-01
3.589887619018554688e-01
-7.021224498748779297e-01
-1.081726789474487305e+00
5.239700675010681152e-01
4.689945220947265625e+00
5.831516265869140625e+00
5.538763046264648438e+00
8.777940273284912109e-01
-3.119874477386474609e+00
-1.439617037773132324e+00
-4.109115898609161377e-01
-5.082765221595764160e-01
3.911069333553314209e-01
1.173298358917236328e+00
4.146494865417480469e+00
3.814836025238037109e+00
3.618193387985229492e+00
3.480783224105834961e+00
-1.045508384704589844e-01
-1.095433473587036133e+00
-2.964873909950256348e-01
-3.536240458488464355e-01
2.175624608993530273e+00
3.477467060089111328e+00
4.725503444671630859e+00
3.428258419036865234e+00
2.083983898162841797e+00
3.940371751785278320e+00
6.621690392494201660e-01
-5.516372919082641602e-01
2.151187807321548462e-01
-2.390769422054290771e-01
2.886863425374031067e-02
5.720851421356201172e-01
1.823830246925354004e+00
3.041585206985473633e+00
3.058588027954101562e+00
5.834213256835937500e+00
3.305561304092407227e+00
2.433754038065671921e-03
-1.279890984296798706e-01
9.992204904556274414e-01
1.462769389152526855e+00
1.095907807350158691e+00
4.054281711578369141e-01
3.607666015625000000e+00
6.242995738983154297e+00
6.306369781494140625e+00
5.326178550720214844e+00
2.252117991447448730e-01
-1.037350058555603027e+00
-1.578071862459182739e-01
4.130228757858276367e-01
2.563116550445556641e-01
-1.216956734657287598e+00
1.165323615074157715e+00
4.155445098876953125e+00
3.659098386764526367e+00
2.427817344665527344e+00
-1.363247990608215332e+00
