-5.878080939821402276e+23
-6.226485892178247261e+23
-6.593967371980693286e+23
-6.981502480203894657e+23
-7.390105067195965018e+23
-7.820812041735110153e+23
-8.274687694485270257e+23
-8.753006003709035896e+23
-9.256869450595187368e+23
-9.787554175134136376e+23
-3.332393075930960583e+24
-3.506612773874358139e+24
-3.689287133441413857e+24
-3.880769236842913582e+24
-4.081477594585029600e+24
-4.291798435371805204e+24
-4.512166987071229480e+24
-4.743044706515521318e+24
-4.984886709468624270e+24
-5.238173764197959393e+24
-1.566862636979924112e+25
-1.640341552648731369e+25
-1.717021324290778615e+25
-1.797033961418343334e+25
-1.880508937116392876e+25
-1.967591519494507702e+25
-2.058421442639046164e+25
-2.153145242873243790e+25
-2.251921331611833562e+25
-2.354911579034062281e+25
-6.356838396846272664e+25
-6.627626915307690184e+25
-6.909083647035535781e+25
-7.201697891916364599e+25
-7.505853342226909799e+25
-7.821935073749710067e+25
-8.150463284667644012e+25
-8.491779700914677104e+25
-8.846415588720132177e+25
-9.214856097453147793e+25
-2.287383167951692067e+26
-2.376721118435548899e+26
-2.469313627976330308e+26
-2.565263260471086118e+26
-2.664691948898143550e+26
-2.767708713514978226e+26
-2.874431613483661889e+26
-2.984996232373136303e+26
-3.099520444878032472e+26
-3.218133747141747837e+26
-7.447988027443251413e+26
-7.716811690959657760e+26
-7.994690492206966652e+26
-8.281861287379084519e+26
-8.578714409580611056e+26
-8.885454248735882964e+26
-9.202420962805619448e+26
-9.529942165964569588e+26
-9.868327763513171706e+26
-1.021792234063072270e+27
-2.228147684358470755e+27
-2.302944804358785297e+27
-2.380075658845352981e+27
-2.459615362960041954e+27
-2.541633128886616772e+27
-2.626212483482243194e+27
-2.713420130173491753e+27
-2.803318345168355292e+27
-2.896001280648586025e+27
-2.991546855661151301e+27
-6.197195182331025860e+27
-6.391667546757891078e+27
-6.591843349304442111e+27
-6.797867212444216840e+27
-7.009922718174236823e+27
-7.228138550981160259e+27
-7.452695931678767269e+27
-7.683759552798147934e+27
-7.921547233493324614e+27
-8.166163456122730801e+27
-1.617647347061969398e+28
-1.665329907853638708e+28
-1.714318439096145619e+28
-1.764652844786270378e+28
-1.816371966388334589e+28
-1.869508388231070052e+28
-1.924092569578291276e+28
-1.980163942190130224e+28
-2.037769139435605233e+28
-2.096928585549754713e+28
-3.993346906946809151e+28
-4.104329602843970118e+28
-4.218200498082054160e+28
-4.334998316066220808e+28
-4.454838754775300369e+28
-4.577764315507638669e+28
-4.703864723226410231e+28
-4.833213646848747822e+28
-4.965866810299149304e+28
-5.101923855510403226e+28
