-1.356867969216016830e+27
-1.416683824271285191e+27
-1.478968739127331429e+27
-1.543826605846778674e+27
-1.611351281463473962e+27
-1.681645920170277476e+27
-1.754818398526532270e+27
-1.830976002795771038e+27
-1.910229118294530859e+27
-1.992706872231327699e+27
-5.120765979717891039e+27
-5.328943241973854326e+27
-5.545050538146176465e+27
-5.769375932590312504e+27
-6.002226379127648970e+27
-6.243871052647709433e+27
-6.494654685903743377e+27
-6.754857669405671187e+27
-7.024845396260104902e+27
-7.304972634249070104e+27
-1.751996548434693513e+28
-1.818047225898132595e+28
-1.886435238652268008e+28
-1.957226463709535783e+28
-2.030514876162945027e+28
-2.106375679698735438e+28
-2.184893286617788312e+28
-2.266156713528305741e+28
-2.350250726908655235e+28
-2.437265760076983748e+28
-5.505381124920964513e+28
-5.698797450143098006e+28
-5.898610693002926722e+28
-6.104971024754605913e+28
-6.318096618729644158e+28
-6.538207537206143183e+28
-6.765500702866438650e+28
-7.000199011408522009e+28
-7.242520636163901835e+28
-7.492728612945673969e+28
-1.605953303716774467e+29
-1.658768250461188579e+29
-1.713211846958214775e+29
-1.769326783400858195e+29
-1.827163872452474517e+29
-1.886776760196309141e+29
-1.948216825979695688e+29
-2.011524115470408892e+29
-2.076759830538066745e+29
-2.143981584053760256e+29
-4.387440384753147533e+29
-4.523019904265653677e+29
-4.662529566059863254e+29
-4.806075906723629804e+29
-4.953756018111841126e+29
-5.105694948488963610e+29
-5.261995078760345868e+29
-5.422787501819552362e+29
-5.588189710144676889e+29
-5.758298040011969990e+29
-1.130918521062448161e+30
-1.163873083326505693e+30
-1.197724744106581006e+30
-1.232503802106028191e+30
-1.268229222348642453e+30
-1.304920725436856256e+30
-1.342610347904889387e+30
-1.381318943723130199e+30
-1.421073864838247472e+30
-1.461900196460998210e+30
-2.767589949834856822e+30
-2.843873773515449730e+30
-2.922129355207834099e+30
-3.002401425167335669e+30
-3.084741060509833158e+30
-3.169194502647926827e+30
-3.255813130928950296e+30
-3.344656484949519587e+30
-3.435760530252768234e+30
-3.529196593462053501e+30
-6.464354844459329362e+30
-6.633372949910921245e+30
-6.806524372739775545e+30
-6.983928192139124303e+30
-7.165654525806505168e+30
-7.351803714584946154e+30
-7.542496651056408723e+30
-7.737823400194454166e+30
-7.937881884990471268e+30
-8.142782722156954767e+30
-1.447685404888805477e+31
-1.483683226341724406e+31
-1.520520163206037848e+31
-1.558213261335802371e+31
-1.596782588899623578e+31
-1.636242532114754881e+31
-1.676620170919555650e+31
-1.717929287068369490e+31
-1.760194300862752618e+31
-1.803435522256474559e+31
