1.395431160926818848e+00
1.410181999206542969e+00
1.424932599067687988e+00
1.439683794975280762e+00
1.454434514045715332e+00
1.469185709953308105e+00
1.483936429023742676e+00
1.498687505722045898e+00
1.513438582420349121e+00
1.528189301490783691e+00
1.867460131645202637e+00
1.882211208343505859e+00
1.896961808204650879e+00
1.911712646484375000e+00
1.926463603973388672e+00
1.941214799880981445e+00
1.955965518951416016e+00
1.970716714859008789e+00
1.985467314720153809e+00
2.000218152999877930e+00
2.339488983154296875e+00
2.354239702224731445e+00
2.368990659713745117e+00
2.383741378784179688e+00
2.398492813110351562e+00
2.413243532180786133e+00
2.427994489669799805e+00
2.442745208740234375e+00
2.457496166229248047e+00
2.472247123718261719e+00
2.811517477035522461e+00
2.826268672943115234e+00
2.841019630432128906e+00
2.855770587921142578e+00
2.870521545410156250e+00
2.885272979736328125e+00
2.900023221969604492e+00
2.914773941040039062e+00
2.929525375366210938e+00
2.944276332855224609e+00
3.283547163009643555e+00
3.298297405242919922e+00
3.313048601150512695e+00
3.327799797058105469e+00
3.342550992965698242e+00
3.357301712036132812e+00
3.372052192687988281e+00
3.386803150177001953e+00
3.401553630828857422e+00
3.416304826736450195e+00
3.755575418472290039e+00
3.770326614379882812e+00
3.785078048706054688e+00
3.799828767776489258e+00
3.814579248428344727e+00
3.829330444335937500e+00
3.844081401824951172e+00
3.858831644058227539e+00
3.873582839965820312e+00
3.888333797454833984e+00
4.227604866027832031e+00
4.242355346679687500e+00
4.257106304168701172e+00
4.271857738494873047e+00
4.286608219146728516e+00
4.301359176635742188e+00
4.316109657287597656e+00
4.330861091613769531e+00
4.345612049102783203e+00
4.360362529754638672e+00
4.699632644653320312e+00
4.714385032653808594e+00
4.729135036468505859e+00
4.743886470794677734e+00
4.758637905120849609e+00
4.773388862609863281e+00
4.788139343261718750e+00
4.802889347076416016e+00
4.817640781402587891e+00
4.832391262054443359e+00
5.171662330627441406e+00
5.186413288116455078e+00
5.201164722442626953e+00
5.215914726257324219e+00
5.230666637420654297e+00
5.245417594909667969e+00
5.260168075561523438e+00
5.274919509887695312e+00
5.289670467376708984e+00
5.304421424865722656e+00
5.643690109252929688e+00
5.658443927764892578e+00
5.673193931579589844e+00
5.687944412231445312e+00
5.702695369720458984e+00
5.717446804046630859e+00
5.732198238372802734e+00
5.746949195861816406e+00
5.761699676513671875e+00
5.776450157165527344e+00
