1.762616932392120361e-01
1.761229783296585083e-01
1.759839057922363281e-01
1.758448034524917603e-01
1.757054775953292847e-01
1.755661070346832275e-01
1.754265874624252319e-01
1.752867996692657471e-01
1.751467883586883545e-01
1.750067770481109619e-01
1.717415452003479004e-01
1.715975701808929443e-01
1.714535206556320190e-01
1.713093370199203491e-01
1.711651533842086792e-01
1.710205525159835815e-01
1.708759814500808716e-01
1.707311123609542847e-01
1.705860942602157593e-01
1.704409420490264893e-01
1.670598238706588745e-01
1.669106185436248779e-01
1.667616963386535645e-01
1.666124314069747925e-01
1.664631068706512451e-01
1.663134545087814331e-01
1.661638170480728149e-01
1.660139709711074829e-01
1.658639609813690186e-01
1.657137870788574219e-01
1.622162908315658569e-01
1.620622873306274414e-01
1.619082689285278320e-01
1.617539077997207642e-01
1.615993678569793701e-01
1.614448726177215576e-01
1.612901091575622559e-01
1.611352860927581787e-01
1.609801054000854492e-01
1.608250886201858521e-01
1.572117656469345093e-01
1.570525765419006348e-01
1.568934470415115356e-01
1.567341983318328857e-01
1.565745919942855835e-01
1.564149111509323120e-01
1.562551110982894897e-01
1.560952961444854736e-01
1.559352725744247437e-01
1.557750105857849121e-01
1.520458906888961792e-01
1.518818140029907227e-01
1.517175585031509399e-01
1.515533924102783203e-01
1.513889580965042114e-01
1.512242406606674194e-01
1.510594189167022705e-01
1.508945673704147339e-01
1.507295221090316772e-01
1.505641490221023560e-01
1.467196941375732422e-01
1.465506702661514282e-01
1.463814228773117065e-01
1.462121456861495972e-01
1.460425108671188354e-01
1.458730697631835938e-01
1.457030773162841797e-01
1.455333083868026733e-01
1.453630179166793823e-01
1.451928913593292236e-01
1.412332653999328613e-01
1.410592645406723022e-01
1.408850401639938354e-01
1.407105922698974609e-01
1.405361592769622803e-01
1.403614729642868042e-01
1.401865333318710327e-01
1.400117576122283936e-01
1.398366540670394897e-01
1.396613121032714844e-01
1.355870068073272705e-01
1.354080885648727417e-01
1.352289468050003052e-01
1.350496709346771240e-01
1.348703354597091675e-01
1.346906423568725586e-01
1.345108747482299805e-01
1.343307197093963623e-01
1.341507732868194580e-01
1.339705884456634521e-01
1.297819018363952637e-01
1.295979768037796021e-01
1.294136941432952881e-01
1.292295753955841064e-01
1.290451586246490479e-01
1.288605779409408569e-01
1.286758035421371460e-01
1.284908652305603027e-01
1.283057630062103271e-01
1.281206607818603516e-01
