1.500339300000000000e+07
1.515368100000000000e+07
1.530510900000000000e+07
1.545768500000000000e+07
1.561141100000000000e+07
1.576629900000000000e+07
1.592234000000000000e+07
1.607955300000000000e+07
1.623794200000000000e+07
1.639750800000000000e+07
2.040704200000000000e+07
2.059674000000000000e+07
2.078776400000000000e+07
2.098013400000000000e+07
2.117384800000000000e+07
2.136891800000000000e+07
2.156534400000000000e+07
2.176313000000000000e+07
2.196228800000000000e+07
2.216281200000000000e+07
2.717003000000000000e+07
2.740556200000000000e+07
2.764264000000000000e+07
2.788126200000000000e+07
2.812144400000000000e+07
2.836317600000000000e+07
2.860649200000000000e+07
2.885136800000000000e+07
2.909782600000000000e+07
2.934588000000000000e+07
3.550568800000000000e+07
3.579398800000000000e+07
3.608403600000000000e+07
3.637586400000000000e+07
3.666946000000000000e+07
3.696486400000000000e+07
3.726206400000000000e+07
3.756104000000000000e+07
3.786183600000000000e+07
3.816445200000000000e+07
4.564308800000000000e+07
4.599154400000000000e+07
4.634199600000000000e+07
4.669447200000000000e+07
4.704897200000000000e+07
4.740548800000000000e+07
4.776404800000000000e+07
4.812464800000000000e+07
4.848730800000000000e+07
4.885199600000000000e+07
5.782700000000000000e+07
5.824354000000000000e+07
5.866231200000000000e+07
5.908335200000000000e+07
5.950669200000000000e+07
5.993230000000000000e+07
6.036020000000000000e+07
6.079042000000000000e+07
6.122292000000000000e+07
6.165775600000000000e+07
7.231793600000000000e+07
7.281092000000000000e+07
7.330644000000000000e+07
7.380450400000000000e+07
7.430511200000000000e+07
7.480826400000000000e+07
7.531397600000000000e+07
7.582228000000000000e+07
7.633315200000000000e+07
7.684662400000000000e+07
8.939212000000000000e+07
8.997047200000000000e+07
9.055164000000000000e+07
9.113560000000000000e+07
9.172242400000000000e+07
9.231207200000000000e+07
9.290457600000000000e+07
9.349993600000000000e+07
9.409817600000000000e+07
9.469930400000000000e+07
1.093415920000000000e+08
1.100146400000000000e+08
1.106908160000000000e+08
1.113701280000000000e+08
1.120525760000000000e+08
1.127381680000000000e+08
1.134269200000000000e+08
1.141187920000000000e+08
1.148138960000000000e+08
1.155121600000000000e+08
1.324739600000000000e+08
1.332516320000000000e+08
1.340326960000000000e+08
1.348172480000000000e+08
1.356052480000000000e+08
1.363966720000000000e+08
1.371915680000000000e+08
1.379900160000000000e+08
1.387919040000000000e+08
1.395973440000000000e+08
