-7.398195513710558472e+22
-7.896296334657511752e+22
-8.424629819903003171e+22
-8.984874010668190977e+22
-9.578718657533264580e+22
-5.001180372632480535e+23
-5.281498824958827792e+23
-5.575975873937687508e+23
-5.885258596763520278e+23
-6.209968129896933040e+23
-2.522754237551178445e+24
-2.643427072673863298e+24
-2.769292378022921237e+24
-2.900541250337740849e+24
-3.037387844787802854e+24
-1.021401522800219064e+25
-1.063865812365747992e+25
-1.107911679651296591e+25
-1.153591928461775858e+25
-1.200952906241670985e+25
-3.483604438221596367e+25
-3.611207023339871134e+25
-3.742968196325262798e+25
-3.879035300546060114e+25
-4.019509562510367564e+25
