2.608336210250854492e-01
2.605921030044555664e-01
2.603506147861480713e-01
2.601087689399719238e-01
2.598668634891510010e-01
2.596245110034942627e-01
2.593818902969360352e-01
2.591390609741210938e-01
2.588959634304046631e-01
2.586526870727539062e-01
2.529879808425903320e-01
2.527383863925933838e-01
2.524886131286621094e-01
2.522389292716979980e-01
2.519888281822204590e-01
2.517385184764862061e-01
2.514879703521728516e-01
2.512374520301818848e-01
2.509860992431640625e-01
2.507347166538238525e-01
2.448855936527252197e-01
2.446282207965850830e-01
2.443707287311553955e-01
2.441126555204391479e-01
2.438546121120452881e-01
2.435965240001678467e-01
2.433376163244247437e-01
2.430787831544876099e-01
2.428198605775833130e-01
2.425605058670043945e-01
2.365270107984542847e-01
2.362617254257202148e-01
2.359961569309234619e-01
2.357303053140640259e-01
2.354642152786254883e-01
2.351978123188018799e-01
2.349314093589782715e-01
2.346646040678024292e-01
2.343974113464355469e-01
2.341299355030059814e-01
2.279127389192581177e-01
2.276392728090286255e-01
2.273657768964767456e-01
2.270918488502502441e-01
2.268179506063461304e-01
2.265437096357345581e-01
2.262690663337707520e-01
2.259942889213562012e-01
2.257192879915237427e-01
2.254438102245330811e-01
2.190431803464889526e-01
2.187618911266326904e-01
2.184800654649734497e-01
2.181984782218933105e-01
2.179164737462997437e-01
2.176342904567718506e-01
2.173516899347305298e-01
2.170689553022384644e-01
2.167860716581344604e-01
2.165026217699050903e-01
2.099187970161437988e-01
2.096294164657592773e-01
2.093399912118911743e-01
2.090504467487335205e-01
2.087603807449340820e-01
2.084702104330062866e-01
2.081796675920486450e-01
2.078889310359954834e-01
2.075980901718139648e-01
2.073064744472503662e-01
2.005402296781539917e-01
2.002432644367218018e-01
1.999457627534866333e-01
1.996482461690902710e-01
1.993501037359237671e-01
1.990519911050796509e-01
1.987537741661071777e-01
1.984547972679138184e-01
1.981562972068786621e-01
1.978572458028793335e-01
1.909083873033523560e-01
1.906036287546157837e-01
1.902985870838165283e-01
1.899929642677307129e-01
1.896871626377105713e-01
1.893808543682098389e-01
1.890748739242553711e-01
1.887680888175964355e-01
1.884612590074539185e-01
1.881543248891830444e-01
1.810245811939239502e-01
1.807118505239486694e-01
1.803984493017196655e-01
1.800851374864578247e-01
1.797715425491333008e-01
1.794575750827789307e-01
1.791433840990066528e-01
1.788291186094284058e-01
1.785144507884979248e-01
1.781994998455047607e-01
