1.838294118642807007e-01
1.836312860250473022e-01
1.834327131509780884e-01
1.832341998815536499e-01
1.830352842807769775e-01
1.828360408544540405e-01
1.826367229223251343e-01
1.824367642402648926e-01
1.822366863489151001e-01
1.820363998413085938e-01
1.773456037044525146e-01
1.771382540464401245e-01
1.769305914640426636e-01
1.767223924398422241e-01
1.765139698982238770e-01
1.763051897287368774e-01
1.760963350534439087e-01
1.758870482444763184e-01
1.756776124238967896e-01
1.754677146673202515e-01
1.705607622861862183e-01
1.703438758850097656e-01
1.701266318559646606e-01
1.699093282222747803e-01
1.696915775537490845e-01
1.694734096527099609e-01
1.692551970481872559e-01
1.690364778041839600e-01
1.688175052404403687e-01
1.685982793569564819e-01
1.634748876094818115e-01
1.632483452558517456e-01
1.630218923091888428e-01
1.627950817346572876e-01
1.625681817531585693e-01
1.623405069112777710e-01
1.621127873659133911e-01
1.618846058845520020e-01
1.616563796997070312e-01
1.614274829626083374e-01
1.560881286859512329e-01
1.558524221181869507e-01
1.556165665388107300e-01
1.553801447153091431e-01
1.551437228918075562e-01
1.549070030450820923e-01
1.546697765588760376e-01
1.544323861598968506e-01
1.541945934295654297e-01
1.539566516876220703e-01
1.484012752771377563e-01
1.481563150882720947e-01
1.479105800390243530e-01
1.476653218269348145e-01
1.474192887544631958e-01
1.471729576587677002e-01
1.469265669584274292e-01
1.466797739267349243e-01
1.464326381683349609e-01
1.461852341890335083e-01
1.404147893190383911e-01
1.401604712009429932e-01
1.399057507514953613e-01
1.396509110927581787e-01
1.393955349922180176e-01
1.391398459672927856e-01
1.388840973377227783e-01
1.386276930570602417e-01
1.383713930845260620e-01
1.381147801876068115e-01
1.321294456720352173e-01
1.318656653165817261e-01
1.316018849611282349e-01
1.313371360301971436e-01
1.310727596282958984e-01
1.308079659938812256e-01
1.305426061153411865e-01
1.302773505449295044e-01
1.300113946199417114e-01
1.297455281019210815e-01
1.235460862517356873e-01
1.232730075716972351e-01
1.229994669556617737e-01
1.227260753512382507e-01
1.224524304270744324e-01
1.221780255436897278e-01
1.219034716486930847e-01
1.216290146112442017e-01
1.213535889983177185e-01
1.210784241557121277e-01
1.146655008196830750e-01
1.143834143877029419e-01
1.141009777784347534e-01
1.138178259134292603e-01
1.135346218943595886e-01
1.132511124014854431e-01
1.129676029086112976e-01
1.126835346221923828e-01
1.123992130160331726e-01
1.121147423982620239e-01
