3.096994750000000000e+06
3.141899750000000000e+06
3.187265750000000000e+06
3.233097500000000000e+06
3.279398750000000000e+06
3.326170750000000000e+06
3.373412750000000000e+06
3.421140250000000000e+06
3.469346000000000000e+06
3.518034750000000000e+06
4.778819500000000000e+06
4.840091000000000000e+06
4.901931000000000000e+06
4.964334500000000000e+06
5.027313000000000000e+06
5.090863000000000000e+06
5.154990500000000000e+06
5.219704000000000000e+06
5.285005000000000000e+06
5.350896500000000000e+06
7.037028500000000000e+06
7.118117500000000000e+06
7.199884000000000000e+06
7.282335000000000000e+06
7.365469500000000000e+06
7.449297500000000000e+06
7.533818500000000000e+06
7.619034000000000000e+06
7.704951000000000000e+06
7.791574500000000000e+06
9.987157000000000000e+06
1.009185700000000000e+07
1.019733500000000000e+07
1.030363100000000000e+07
1.041074000000000000e+07
1.051865300000000000e+07
1.062740300000000000e+07
1.073695800000000000e+07
1.084734400000000000e+07
1.095856600000000000e+07
1.375518100000000000e+07
1.388756600000000000e+07
1.402089200000000000e+07
1.415515300000000000e+07
1.429036500000000000e+07
1.442652300000000000e+07
1.456362800000000000e+07
1.470169900000000000e+07
1.484072800000000000e+07
1.498071700000000000e+07
1.847742000000000000e+07
1.864193800000000000e+07
1.880754000000000000e+07
1.897420400000000000e+07
1.914199200000000000e+07
1.931085400000000000e+07
1.948081400000000000e+07
1.965188200000000000e+07
1.982405400000000000e+07
1.999734000000000000e+07
2.430063200000000000e+07
2.450205200000000000e+07
2.470468200000000000e+07
2.490854600000000000e+07
2.511364800000000000e+07
2.532002000000000000e+07
2.552765000000000000e+07
2.573651200000000000e+07
2.594664800000000000e+07
2.615806000000000000e+07
3.138198200000000000e+07
3.162533400000000000e+07
3.187009000000000000e+07
3.211624400000000000e+07
3.236382800000000000e+07
3.261280800000000000e+07
3.286320600000000000e+07
3.311502000000000000e+07
3.336830000000000000e+07
3.362297200000000000e+07
3.988894400000000000e+07
4.017969600000000000e+07
4.047198000000000000e+07
4.076584000000000000e+07
4.106130800000000000e+07
4.135837200000000000e+07
4.165700800000000000e+07
4.195723600000000000e+07
4.225910800000000000e+07
4.256253600000000000e+07
4.999952000000000000e+07
5.034335200000000000e+07
5.068896000000000000e+07
5.103625600000000000e+07
5.138538000000000000e+07
5.173624800000000000e+07
5.208891200000000000e+07
5.244336800000000000e+07
5.279956400000000000e+07
5.315756400000000000e+07
