3.219906091690063477e-01
3.219224214553833008e-01
3.218539059162139893e-01
3.217850029468536377e-01
3.217156529426574707e-01
3.216459751129150391e-01
3.215758502483367920e-01
3.215055763721466064e-01
3.214345872402191162e-01
3.213634788990020752e-01
3.196197748184204102e-01
3.195393979549407959e-01
3.194584548473358154e-01
3.193774223327636719e-01
3.192959129810333252e-01
3.192138373851776123e-01
3.191315829753875732e-01
3.190488219261169434e-01
3.189657628536224365e-01
3.188823163509368896e-01
3.168571591377258301e-01
3.167645335197448730e-01
3.166714906692504883e-01
3.165780603885650635e-01
3.164844214916229248e-01
3.163902461528778076e-01
3.162957429885864258e-01
3.162009119987487793e-01
3.161055445671081543e-01
3.160096704959869385e-01
3.137032985687255859e-01
3.135983347892761230e-01
3.134931325912475586e-01
3.133874535560607910e-01
3.132815659046173096e-01
3.131750524044036865e-01
3.130681812763214111e-01
3.129611015319824219e-01
3.128536641597747803e-01
3.127456605434417725e-01
3.101582229137420654e-01
3.100409209728240967e-01
3.099234700202941895e-01
3.098056614398956299e-01
3.096874356269836426e-01
3.095687329769134521e-01
3.094499409198760986e-01
3.093306124210357666e-01
3.092107474803924561e-01
3.090905547142028809e-01
3.062222898006439209e-01
3.060931265354156494e-01
3.059633076190948486e-01
3.058333694934844971e-01
3.057028949260711670e-01
3.055721223354339600e-01
3.054407835006713867e-01
3.053092956542968750e-01
3.051773905754089355e-01
3.050450384616851807e-01
3.018966019153594971e-01
3.017551302909851074e-01
3.016132712364196777e-01
3.014710545539855957e-01
3.013285100460052490e-01
3.011854588985443115e-01
3.010421693325042725e-01
3.008983135223388672e-01
3.007542192935943604e-01
3.006097674369812012e-01
2.971816658973693848e-01
2.970281243324279785e-01
2.968741953372955322e-01
2.967197597026824951e-01
2.965649068355560303e-01
2.964099049568176270e-01
2.962544262409210205e-01
2.960984110832214355e-01
2.959421873092651367e-01
2.957854866981506348e-01
2.920786440372467041e-01
2.919125854969024658e-01
2.917466461658477783e-01
2.915800809860229492e-01
2.914132475852966309e-01
2.912461161613464355e-01
2.910785079002380371e-01
2.909104228019714355e-01
2.907421886920928955e-01
2.905733585357666016e-01
2.865881025791168213e-01
2.864103913307189941e-01
2.862320542335510254e-01
2.860536277294158936e-01
2.858747541904449463e-01
2.856952548027038574e-01
2.855157554149627686e-01
2.853355705738067627e-01
2.851550281047821045e-01
2.849744856357574463e-01
