2.919870615005493164e+00
4.691050529479980469e+00
3.084319114685058594e+00
5.641034245491027832e-02
-1.590277075767517090e+00
2.137265205383300781e+00
3.262946128845214844e+00
6.571075916290283203e+00
2.236914157867431641e+00
-1.591343641281127930e+00
-4.261097311973571777e-01
2.407209873199462891e+00
5.858242511749267578e+00
4.862194538116455078e+00
-4.563359916210174561e-01
-7.870509624481201172e-01
-6.431496739387512207e-01
1.440303802490234375e+00
5.766196250915527344e+00
2.179616093635559082e-01
4.586823880672454834e-01
1.334260702133178711e+00
1.383087038993835449e+00
4.944756507873535156e+00
2.403588533401489258e+00
