2.754678577184677124e-02
2.767215855419635773e-02
2.779782563447952271e-02
2.792377024888992310e-02
2.804999798536300659e-02
2.817651443183422089e-02
2.830331586301326752e-02
2.843040041625499725e-02
2.855776809155941010e-02
2.868543006479740143e-02
2.881336584687232971e-02
2.894159220159053802e-02
2.907009422779083252e-02
2.919889055192470551e-02
3.170008212327957153e-02
3.183457255363464355e-02
3.196933493018150330e-02
3.210439905524253845e-02
3.223975002765655518e-02
3.237537294626235962e-02
3.251128643751144409e-02
3.264748305082321167e-02
3.278397023677825928e-02
3.292073309421539307e-02
3.305778652429580688e-02
3.319512680172920227e-02
3.333275020122528076e-02
3.347065299749374390e-02
3.614497184753417969e-02
3.628858923912048340e-02
3.643245249986648560e-02
3.657663613557815552e-02
3.672108799219131470e-02
3.686584159731864929e-02
3.701087087392807007e-02
3.715617209672927856e-02
3.730177134275436401e-02
3.744764626026153564e-02
3.759380429983139038e-02
3.774026036262512207e-02
3.788699209690093994e-02
3.803401067852973938e-02
4.088147729635238647e-02
4.103419929742813110e-02
4.118719696998596191e-02
4.134046286344528198e-02
4.149402678012847900e-02
4.164788126945495605e-02
4.180202633142471313e-02
4.195645451545715332e-02
4.211117327213287354e-02
4.226616770029067993e-02
4.242144525051116943e-02
4.257699102163314819e-02
4.273284226655960083e-02
4.288895800709724426e-02
4.590958356857299805e-02
4.607140272855758667e-02
4.623352363705635071e-02
4.639591276645660400e-02
4.655858874320983887e-02
4.672156274318695068e-02
4.688479751348495483e-02
4.704836010932922363e-02
4.721216484904289246e-02
4.737626016139984131e-02
4.754066467285156250e-02
4.770534485578536987e-02
4.787029325962066650e-02
4.803553968667984009e-02
5.122925341129302979e-02
5.140022188425064087e-02
5.157142877578735352e-02
5.174295604228973389e-02
5.191475898027420044e-02
5.208683013916015625e-02
5.225916951894760132e-02
5.243182927370071411e-02
5.260477215051651001e-02
5.277797579765319824e-02
5.295148491859436035e-02
5.312526971101760864e-02
5.329934507608413696e-02
5.347370356321334839e-02
5.684057995676994324e-02
5.702063068747520447e-02
5.720095708966255188e-02
5.738158896565437317e-02
5.756248161196708679e-02
5.774367228150367737e-02
5.792515724897384644e-02
5.810691043734550476e-02
5.828896909952163696e-02
5.847130343317985535e-02
5.865391343832015991e-02
5.883681774139404297e-02
5.902000144124031067e-02
5.920347571372985840e-02
6.274347007274627686e-02
6.293264776468276978e-02
6.312207132577896118e-02
6.331183016300201416e-02
6.350184977054595947e-02
6.369215995073318481e-02
6.388276070356369019e-02
6.407360732555389404e-02
6.426474452018737793e-02
6.445621699094772339e-02
6.464791297912597656e-02
6.483992934226989746e-02
6.503223627805709839e-02
6.522483378648757935e-02
6.893800944089889526e-02
6.913625448942184448e-02
6.933480501174926758e-02
6.953366100788116455e-02
6.973280012607574463e-02
6.993221491575241089e-02
7.013194262981414795e-02
7.033191621303558350e-02
7.053217291831970215e-02
7.073273509740829468e-02
7.093358784914016724e-02
7.113469392061233521e-02
7.133610546588897705e-02
7.153776288032531738e-02
7.542410492897033691e-02
7.563148438930511475e-02
7.583915442228317261e-02
7.604712247848510742e-02
7.625535130500793457e-02
7.646386325359344482e-02
7.667268067598342896e-02
7.688178867101669312e-02
7.709118723869323730e-02
7.730086892843246460e-02
7.751079648733139038e-02
7.772102952003479004e-02
7.793155312538146973e-02
7.814235985279083252e-02
8.220180869102478027e-02
8.241829276084899902e-02
8.263509720563888550e-02
8.285216242074966431e-02
8.306951820850372314e-02
8.328714221715927124e-02
8.350506424903869629e-02
8.372332155704498291e-02
8.394177258014678955e-02
8.416055142879486084e-02
8.437964320182800293e-02
8.459895849227905273e-02
8.481860160827636719e-02
8.503852784633636475e-02
8.927112817764282227e-02
8.949667215347290039e-02
8.972262591123580933e-02
8.994881063699722290e-02
9.017525613307952881e-02
9.040207415819168091e-02
9.062907099723815918e-02
9.085635840892791748e-02
9.108404070138931274e-02
9.131189435720443726e-02
9.154004603624343872e-02
9.176851063966751099e-02
9.199725836515426636e-02
9.222627431154251099e-02
9.663203358650207520e-02
9.686681628227233887e-02
9.710174798965454102e-02
9.733703732490539551e-02
9.757260978221893311e-02
9.780851006507873535e-02
9.804469347000122070e-02
9.828110039234161377e-02
9.851779043674468994e-02
9.875478595495223999e-02
9.899209439754486084e-02
9.922966361045837402e-02
9.946753084659576416e-02
9.970569610595703125e-02
1.042845249176025391e-01
1.045283526182174683e-01
1.047725230455398560e-01
1.050169169902801514e-01
1.052615791559219360e-01
1.055065765976905823e-01
1.057518124580383301e-01
1.059973686933517456e-01
1.062432229518890381e-01
1.064893603324890137e-01
1.067357361316680908e-01
1.069824174046516418e-01
1.072294116020202637e-01
1.074766442179679871e-01
