3.195785284042358398e-01
3.197079300880432129e-01
3.198378086090087891e-01
3.199681639671325684e-01
3.200990557670593262e-01
3.239662051200866699e-01
3.241116106510162354e-01
3.242575228214263916e-01
3.244039416313171387e-01
3.245508670806884766e-01
3.288713693618774414e-01
3.290330767631530762e-01
3.291953504085540771e-01
3.293581604957580566e-01
3.295214176177978516e-01
3.343049287796020508e-01
3.344833254814147949e-01
3.346623182296752930e-01
3.348418474197387695e-01
3.350218534469604492e-01
3.402789235115051270e-01
3.404744267463684082e-01
3.406705558300018311e-01
3.408671319484710693e-01
3.410643041133880615e-01
