3.736802339553833008e-01
3.736221194267272949e-01
3.735631108283996582e-01
3.735035359859466553e-01
3.734431564807891846e-01
3.714683949947357178e-01
3.713876605033874512e-01
3.713062703609466553e-01
3.712242245674133301e-01
3.711414635181427002e-01
3.685423135757446289e-01
3.684394359588623047e-01
3.683359920978546143e-01
3.682317435741424561e-01
3.681268990039825439e-01
3.649135529994964600e-01
3.647890090942382812e-01
3.646637201309204102e-01
3.645377755165100098e-01
3.644112646579742432e-01
3.605961203575134277e-01
3.604502677917480469e-01
3.603037595748901367e-01
3.601565957069396973e-01
3.600087761878967285e-01
