7.480001449584960938e-02
7.028819620609283447e-02
6.577626615762710571e-02
6.126447394490242004e-02
5.675261840224266052e-02
5.224079266190528870e-02
4.772894829511642456e-02
4.321714490652084351e-02
3.870521485805511475e-02
3.419344127178192139e-02
2.968158386647701263e-02
2.516975998878479004e-02
2.065789699554443359e-02
1.614600419998168945e-02
-6.957893818616867065e-02
-7.409069687128067017e-02
-7.860250771045684814e-02
-8.311437815427780151e-02
-8.762627840042114258e-02
-9.213813394308090210e-02
-9.664988517761230469e-02
-1.011617928743362427e-01
-1.056736409664154053e-01
-1.101854667067527771e-01
-1.146972924470901489e-01
-1.192091405391693115e-01
-1.237209588289260864e-01
-1.282328516244888306e-01
-2.139577567577362061e-01
-2.184695154428482056e-01
-2.229814231395721436e-01
-2.274932712316513062e-01
-2.320051193237304688e-01
-2.365169227123260498e-01
-2.410286962985992432e-01
-2.455405592918395996e-01
-2.500525414943695068e-01
-2.545643448829650879e-01
-2.590761482715606689e-01
-2.635880112648010254e-01
-2.680998444557189941e-01
-2.726116478443145752e-01
-3.583365976810455322e-01
-3.628484606742858887e-01
-3.673602640628814697e-01
-3.718721270561218262e-01
-3.763838708400726318e-01
-3.808957934379577637e-01
-3.854075968265533447e-01
-3.899195194244384766e-01
-3.944313228130340576e-01
-3.989430963993072510e-01
-4.034549891948699951e-01
-4.079668819904327393e-01
-4.124787449836730957e-01
-4.169905483722686768e-01
-5.027154684066772461e-01
-5.072274208068847656e-01
-5.117390751838684082e-01
-5.162509679794311523e-01
-5.207627415657043457e-01
-5.252747535705566406e-01
-5.297864675521850586e-01
-5.342983007431030273e-01
-5.388100743293762207e-01
-5.433220863342285156e-01
-5.478338599205017090e-01
-5.523457527160644531e-01
-5.568575859069824219e-01
-5.613693594932556152e-01
-6.470944285392761230e-01
-6.516062617301940918e-01
-6.561180353164672852e-01
-6.606298089027404785e-01
-6.651417016983032227e-01
-6.696535348892211914e-01
-6.741653680801391602e-01
-6.786772608757019043e-01
-6.831891536712646484e-01
-6.877008676528930664e-01
-6.922127008438110352e-01
-6.967245340347290039e-01
-7.012364864349365234e-01
-7.057483196258544922e-01
-7.914731502532958984e-01
-7.959851622581481934e-01
-8.004969358444213867e-01
-8.050087094306945801e-01
-8.095204830169677734e-01
-8.140324354171752930e-01
-8.185442686080932617e-01
-8.230561614036560059e-01
-8.275678753852844238e-01
-8.320797681808471680e-01
-8.365915417671203613e-01
-8.411034941673278809e-01
-8.456152677536010742e-01
-8.501271009445190430e-01
-9.358520507812500000e-01
-9.403640031814575195e-01
-9.448757767677307129e-01
-9.493876099586486816e-01
-9.538995027542114258e-01
-9.584113359451293945e-01
-9.629231095314025879e-01
-9.674350023269653320e-01
-9.719468355178833008e-01
-9.764585494995117188e-01
-9.809705018997192383e-01
-9.854823350906372070e-01
-9.899942874908447266e-01
-9.945060014724731445e-01
-1.080230951309204102e+00
-1.084742665290832520e+00
-1.089254617691040039e+00
-1.093766331672668457e+00
-1.098278164863586426e+00
-1.102790117263793945e+00
-1.107301950454711914e+00
-1.111813783645629883e+00
-1.116325616836547852e+00
-1.120837330818176270e+00
-1.125349283218383789e+00
-1.129861235618591309e+00
-1.134372949600219727e+00
-1.138884902000427246e+00
-1.224609851837158203e+00
-1.229121685028076172e+00
-1.233633518218994141e+00
-1.238145470619201660e+00
-1.242657303810119629e+00
-1.247169017791748047e+00
-1.251680850982666016e+00
-1.256192803382873535e+00
-1.260704398155212402e+00
-1.265216469764709473e+00
-1.269728302955627441e+00
-1.274240016937255859e+00
-1.278751969337463379e+00
-1.283263683319091797e+00
-1.368988752365112305e+00
-1.373500466346740723e+00
-1.378012418746948242e+00
-1.382524132728576660e+00
-1.387036085128784180e+00
-1.391547918319702148e+00
-1.396059632301330566e+00
-1.400571465492248535e+00
-1.405083417892456055e+00
-1.409595251083374023e+00
-1.414107203483581543e+00
-1.418619036674499512e+00
-1.423130750656127930e+00
-1.427642583847045898e+00
-1.513367652893066406e+00
-1.517879486083984375e+00
-1.522391319274902344e+00
-1.526903033256530762e+00
-1.531414985656738281e+00
-1.535926818847656250e+00
-1.540438532829284668e+00
-1.544950485229492188e+00
-1.549462318420410156e+00
-1.553974032402038574e+00
-1.558485865592956543e+00
-1.562997817993164062e+00
-1.567509651184082031e+00
-1.572021245956420898e+00
-1.657746434211730957e+00
-1.662258267402648926e+00
-1.666770100593566895e+00
-1.671281933784484863e+00
-1.675793766975402832e+00
-1.680305719375610352e+00
-1.684817552566528320e+00
-1.689329147338867188e+00
-1.693841338157653809e+00
-1.698352932929992676e+00
-1.702864885330200195e+00
-1.707376718521118164e+00
-1.711888313293457031e+00
-1.716400265693664551e+00
-1.802125453948974609e+00
-1.806637048721313477e+00
-1.811149120330810547e+00
-1.815660953521728516e+00
-1.820172667503356934e+00
-1.824684381484985352e+00
-1.829196333885192871e+00
-1.833708167076110840e+00
-1.838220000267028809e+00
-1.842731714248657227e+00
-1.847243666648864746e+00
-1.851755499839782715e+00
-1.856267213821411133e+00
-1.860779047012329102e+00
