6.602548360824584961e-01
4.411181211471557617e-01
-1.003578186035156250e+00
-1.017834424972534180e+00
8.147470951080322266e-01
7.034344673156738281e-01
-1.104196459054946899e-01
-1.787513732910156250e+00
-6.515605449676513672e-01
1.225188016891479492e+00
6.152447462081909180e-01
-9.207514524459838867e-01
-2.063837289810180664e+00
1.755191385746002197e-01
1.349893808364868164e+00
1.508339047431945801e-01
-1.845031023025512695e+00
-1.759569287300109863e+00
1.354643344879150391e+00
8.865432143211364746e-01
-7.148107290267944336e-01
-2.068102121353149414e+00
-1.252558350563049316e+00
9.760552048683166504e-01
5.328757166862487793e-01
