3.161370754241943359e-01
3.162232637405395508e-01
3.163087964057922363e-01
3.163940608501434326e-01
3.164788484573364258e-01
3.186862170696258545e-01
3.187590837478637695e-01
3.188314735889434814e-01
3.189035654067993164e-01
3.189750611782073975e-01
3.208112120628356934e-01
3.208707571029663086e-01
3.209298849105834961e-01
3.209886550903320312e-01
3.210468292236328125e-01
3.225094377994537354e-01
3.225555419921875000e-01
3.226014077663421631e-01
3.226466178894042969e-01
3.226915895938873291e-01
3.237792253494262695e-01
3.238120079040527344e-01
3.238443434238433838e-01
3.238762617111206055e-01
3.239077627658843994e-01
