1.702541410923004150e-01
1.702261865139007568e-01
1.701982021331787109e-01
1.701702475547790527e-01
1.701423376798629761e-01
1.701143831014633179e-01
1.700864434242248535e-01
1.700585186481475830e-01
1.700305789709091187e-01
1.700026392936706543e-01
1.699746847152709961e-01
1.699467450380325317e-01
1.699188351631164551e-01
1.698909252882003784e-01
1.693605482578277588e-01
1.693326532840728760e-01
1.693047732114791870e-01
1.692768931388854980e-01
1.692489683628082275e-01
1.692210882902145386e-01
1.691931933164596558e-01
1.691653132438659668e-01
1.691374182701110840e-01
1.691095530986785889e-01
1.690816432237625122e-01
1.690537780523300171e-01
1.690258979797363281e-01
1.689980328083038330e-01
1.684686690568923950e-01
1.684408336877822876e-01
1.684129685163497925e-01
1.683851182460784912e-01
1.683572828769683838e-01
1.683294326066970825e-01
1.683016121387481689e-01
1.682737916707992554e-01
1.682459414005279541e-01
1.682181060314178467e-01
1.681903004646301270e-01
1.681624501943588257e-01
1.681346148252487183e-01
1.681067645549774170e-01
1.675783991813659668e-01
1.675506085157394409e-01
1.675228327512741089e-01
1.674950420856475830e-01
1.674672514200210571e-01
1.674394756555557251e-01
1.674116849899291992e-01
1.673839092254638672e-01
1.673561185598373413e-01
1.673283278942108154e-01
1.673005521297454834e-01
1.672727614641189575e-01
1.672450155019760132e-01
1.672172099351882935e-01
1.666898280382156372e-01
1.666620820760726929e-01
1.666343361139297485e-01
1.666065901517868042e-01
1.665788590908050537e-01
1.665511131286621094e-01
1.665233820676803589e-01
1.664956510066986084e-01
1.664679497480392456e-01
1.664402186870574951e-01
1.664124727249145508e-01
1.663847565650939941e-01
1.663570255041122437e-01
1.663293242454528809e-01
1.658028811216354370e-01
1.657751798629760742e-01
1.657475084066390991e-01
1.657198071479797363e-01
1.656921207904815674e-01
1.656644642353057861e-01
1.656367927789688110e-01
1.656091213226318359e-01
1.655814051628112793e-01
1.655537486076354980e-01
1.655260622501373291e-01
1.654983907938003540e-01
1.654707193374633789e-01
1.654430478811264038e-01
1.649175733327865601e-01
1.648899614810943604e-01
1.648623049259185791e-01
1.648347079753875732e-01
1.648070812225341797e-01
1.647794097661972046e-01
1.647518128156661987e-01
1.647241711616516113e-01
1.646965295076370239e-01
1.646689176559448242e-01
1.646412909030914307e-01
1.646136790513992310e-01
1.645860373973846436e-01
1.645584404468536377e-01
1.640339493751525879e-01
1.640063673257827759e-01
1.639787852764129639e-01
1.639512181282043457e-01
1.639236211776733398e-01
1.638960540294647217e-01
1.638684868812561035e-01
1.638408899307250977e-01
1.638133376836776733e-01
1.637857556343078613e-01
1.637581884860992432e-01
1.637306362390518188e-01
1.637030541896820068e-01
1.636755019426345825e-01
1.631520092487335205e-01
1.631244719028472900e-01
1.630969345569610596e-01
1.630694121122360229e-01
1.630419045686721802e-01
1.630143523216247559e-01
1.629868149757385254e-01
1.629592925310134888e-01
1.629317700862884521e-01
1.629042476415634155e-01
1.628766953945159912e-01
1.628492027521133423e-01
1.628217101097106934e-01
1.627941727638244629e-01
1.622716784477233887e-01
1.622442007064819336e-01
1.622166782617568970e-01
1.621892154216766357e-01
1.621617823839187622e-01
1.621342748403549194e-01
1.621068269014358521e-01
1.620793491601943970e-01
1.620518565177917480e-01
1.620243787765502930e-01
1.619969308376312256e-01
1.619694381952285767e-01
1.619419902563095093e-01
1.619145423173904419e-01
1.613930165767669678e-01
1.613655835390090942e-01
1.613381505012512207e-01
1.613107323646545410e-01
1.612832844257354736e-01
1.612558960914611816e-01
1.612284630537033081e-01
1.612010598182678223e-01
1.611736118793487549e-01
1.611461788415908813e-01
1.611187756061553955e-01
1.610913276672363281e-01
1.610639244318008423e-01
1.610365211963653564e-01
1.605160087347030640e-01
1.604886353015899658e-01
1.604612469673156738e-01
1.604338586330413818e-01
1.604064702987670898e-01
1.603791117668151855e-01
1.603516936302185059e-01
1.603243798017501831e-01
1.602970063686370850e-01
1.602696478366851807e-01
1.602423042058944702e-01
1.602148711681365967e-01
1.601875573396682739e-01
1.601601690053939819e-01
1.596406400203704834e-01
1.596133410930633545e-01
1.595859825611114502e-01
1.595586538314819336e-01
1.595313251018524170e-01
1.595040261745452881e-01
1.594766974449157715e-01
1.594494134187698364e-01
1.594220697879791260e-01
1.593947410583496094e-01
1.593674272298812866e-01
1.593401432037353516e-01
1.593128144741058350e-01
1.592855006456375122e-01
1.587669551372528076e-01
1.587396562099456787e-01
1.587124168872833252e-01
1.586851030588150024e-01
1.586578339338302612e-01
1.586305648088455200e-01
1.586032807826995850e-01
1.585760265588760376e-01
1.585487723350524902e-01
1.585215032100677490e-01
1.584942340850830078e-01
1.584669798612594604e-01
1.584397256374359131e-01
1.584124565124511719e-01
