3.570895269513130188e-02
3.551730886101722717e-02
3.532438725233078003e-02
3.513020277023315430e-02
3.493477776646614075e-02
2.902100048959255219e-02
2.879648469388484955e-02
2.857122197747230530e-02
2.834524959325790405e-02
2.811858057975769043e-02
2.157049067318439484e-02
2.133254148066043854e-02
2.109454199671745300e-02
2.085650339722633362e-02
2.061845362186431885e-02
1.404946111142635345e-02
1.382202934473752975e-02
1.359536405652761459e-02
1.336949039250612259e-02
1.314443536102771759e-02
7.293876726180315018e-03
7.105410099029541016e-03
6.918665487319231033e-03
6.733682937920093536e-03
6.550488993525505066e-03
