3.315182924270629883e-01
3.312852680683135986e-01
3.310516476631164551e-01
3.308174908161163330e-01
3.305827081203460693e-01
3.237644731998443604e-01
3.235123753547668457e-01
3.232597112655639648e-01
3.230063915252685547e-01
3.227525055408477783e-01
3.154090642929077148e-01
3.151384592056274414e-01
3.148673772811889648e-01
3.145957291126251221e-01
3.143234848976135254e-01
3.064759373664855957e-01
3.061877489089965820e-01
3.058990240097045898e-01
3.056097328662872314e-01
3.053199648857116699e-01
2.969918847084045410e-01
2.966869473457336426e-01
2.963814735412597656e-01
2.960755527019500732e-01
2.957690954208374023e-01
