6.062329411506652832e-01
6.054367423057556152e-01
6.046429872512817383e-01
6.038514971733093262e-01
6.030624508857727051e-01
5.819090008735656738e-01
5.811867117881774902e-01
5.804665684700012207e-01
5.797486901283264160e-01
5.790330767631530762e-01
5.598930120468139648e-01
5.592409372329711914e-01
5.585911870002746582e-01
5.579434633255004883e-01
5.572979450225830078e-01
5.400789976119995117e-01
5.394941568374633789e-01
5.389114618301391602e-01
5.383308529853820801e-01
5.377521514892578125e-01
5.223699808120727539e-01
5.218495726585388184e-01
5.213310718536376953e-01
5.208145380020141602e-01
5.202999114990234375e-01
