1.959249258041381836e+00
1.971810340881347656e+00
1.984371662139892578e+00
1.996932625770568848e+00
2.009493350982666016e+00
2.361202239990234375e+00
2.373762845993041992e+00
2.386324167251586914e+00
2.398884773254394531e+00
2.411446094512939453e+00
2.763154983520507812e+00
2.775715827941894531e+00
2.788276672363281250e+00
2.800837993621826172e+00
2.813398838043212891e+00
3.165107488632202148e+00
3.177668571472167969e+00
3.190229415893554688e+00
3.202790498733520508e+00
3.215351819992065430e+00
3.567059755325317383e+00
3.579621315002441406e+00
3.592181921005249023e+00
3.604742765426635742e+00
3.617304325103759766e+00
