2.427679598331451416e-01
2.433085739612579346e-01
2.438496351242065430e-01
2.443911582231521606e-01
2.449331283569335938e-01
2.454756051301956177e-01
2.460185140371322632e-01
2.465619146823883057e-01
2.471057474613189697e-01
2.476500868797302246e-01
2.481948733329772949e-01
2.487401366233825684e-01
2.492858618497848511e-01
2.498320490121841431e-01
2.602980732917785645e-01
2.608535885810852051e-01
2.614096105098724365e-01
2.619660496711730957e-01
2.625229358673095703e-01
2.630802989006042480e-01
2.636381387710571289e-01
2.641964554786682129e-01
2.647552192211151123e-01
2.653144299983978271e-01
2.658741176128387451e-01
2.664343118667602539e-01
2.669949233531951904e-01
2.675560414791107178e-01
2.783053219318389893e-01
2.788757085800170898e-01
2.794466018676757812e-01
2.800179421901702881e-01
2.805897593498229980e-01
2.811620235443115234e-01
2.817347347736358643e-01
2.823079526424407959e-01
2.828815877437591553e-01
2.834557294845581055e-01
2.840303182601928711e-01
2.846054136753082275e-01
2.851809263229370117e-01
2.857569158077239990e-01
2.967891693115234375e-01
2.973744869232177734e-01
2.979602217674255371e-01
2.985464334487915039e-01
2.991331517696380615e-01
2.997202575206756592e-01
3.003078997135162354e-01
3.008959889411926270e-01
3.014845252037048340e-01
3.020735681056976318e-01
3.026630282402038574e-01
3.032529652118682861e-01
3.038433790206909180e-01
3.044342696666717529e-01
3.157490491867065430e-01
3.163492083549499512e-01
3.169498145580291748e-01
3.175509274005889893e-01
3.181524872779846191e-01
3.187544941902160645e-01
3.193569779396057129e-01
3.199599087238311768e-01
3.205633163452148438e-01
3.211672008037567139e-01
3.217715322971343994e-01
3.223763108253479004e-01
3.229815661907196045e-01
3.235872983932495117e-01
3.351841270923614502e-01
3.357990980148315430e-01
3.364145457744598389e-01
3.370305001735687256e-01
3.376468718051910400e-01
3.382637202739715576e-01
3.388810455799102783e-01
3.394988179206848145e-01
3.401170372962951660e-01
3.407357335090637207e-01
3.413548469543457031e-01
3.419744968414306641e-01
3.425945937633514404e-01
3.432151675224304199e-01
3.550933599472045898e-01
3.557231426239013672e-01
3.563534021377563477e-01
3.569841086864471436e-01
3.576152920722961426e-01
3.582469224929809570e-01
3.588790893554687500e-01
3.595116436481475830e-01
3.601446449756622314e-01
3.607781231403350830e-01
3.614121079444885254e-01
3.620464801788330078e-01
3.626813590526580811e-01
3.633166551589965820e-01
3.754755854606628418e-01
3.761200904846191406e-01
3.767651319503784180e-01
3.774105906486511230e-01
3.780565261840820312e-01
3.787028789520263672e-01
3.793497681617736816e-01
3.799970746040344238e-01
3.806448578834533691e-01
3.812930881977081299e-01
3.819417357444763184e-01
3.825909197330474854e-01
3.832405209541320801e-01
3.838905692100524902e-01
3.963291645050048828e-01
3.969884514808654785e-01
3.976481854915618896e-01
3.983083367347717285e-01
3.989689946174621582e-01
3.996300697326660156e-01
4.002916216850280762e-01
4.009536504745483398e-01
4.016160666942596436e-01
4.022790193557739258e-01
4.029424190521240234e-01
4.036062359809875488e-01
4.042705595493316650e-01
4.049353003501892090e-01
4.176526665687561035e-01
4.183265566825866699e-01
4.190009236335754395e-01
4.196757376194000244e-01
4.203510582447052002e-01
4.210267961025238037e-01
4.217030107975006104e-01
4.223796129226684570e-01
4.230567216873168945e-01
4.237343072891235352e-01
4.244123101234436035e-01
4.250907897949218750e-01
4.257697165012359619e-01
4.264490902423858643e-01
4.394440650939941406e-01
4.401325583457946777e-01
4.408215284347534180e-01
4.415109455585479736e-01
4.422008395195007324e-01
4.428911209106445312e-01
4.435819089412689209e-01
4.442731142044067383e-01
4.449648261070251465e-01
4.456569254398345947e-01
4.463495612144470215e-01
4.470425546169281006e-01
4.477360844612121582e-01
4.484300315380096436e-01
4.617013633251190186e-01
4.624043703079223633e-01
4.631078839302062988e-01
4.638117551803588867e-01
4.645161628723144531e-01
4.652209877967834473e-01
4.659262895584106445e-01
4.666320085525512695e-01
4.673382043838500977e-01
4.680448174476623535e-01
4.687519073486328125e-01
4.694594740867614746e-01
4.701674580574035645e-01
4.708759188652038574e-01
4.844222068786621094e-01
4.851397275924682617e-01
4.858576357364654541e-01
4.865759611129760742e-01
4.872948229312896729e-01
4.880140721797943115e-01
4.887338280677795410e-01
4.894539415836334229e-01
4.901745915412902832e-01
4.908956587314605713e-01
4.916171431541442871e-01
4.923391342163085938e-01
4.930616021156311035e-01
4.937844276428222656e-01
5.076041817665100098e-01
5.083360671997070312e-01
5.090683698654174805e-01
5.098010301589965820e-01
5.105342268943786621e-01
5.112677812576293945e-01
5.120018720626831055e-01
5.127364397048950195e-01
5.134713649749755859e-01
5.142068266868591309e-01
5.149426460266113281e-01
5.156790018081665039e-01
5.164157152175903320e-01
5.171529650688171387e-01
