3.277645111083984375e-01
3.276028931140899658e-01
3.274410367012023926e-01
3.272787928581237793e-01
3.271161317825317383e-01
3.224318027496337891e-01
3.222598433494567871e-01
3.220874667167663574e-01
3.219149112701416016e-01
3.217419683933258057e-01
3.167711794376373291e-01
3.165890574455261230e-01
3.164066672325134277e-01
3.162239789962768555e-01
3.160410225391387939e-01
3.107920289039611816e-01
3.106001019477844238e-01
3.104079067707061768e-01
3.102154731750488281e-01
3.100226819515228271e-01
3.045045733451843262e-01
3.043032288551330566e-01
3.041016757488250732e-01
3.038997352123260498e-01
3.036975562572479248e-01
