5.692982077598571777e-01
5.686108469963073730e-01
5.679126381874084473e-01
5.672036409378051758e-01
5.664837360382080078e-01
5.420409440994262695e-01
5.410187244415283203e-01
5.399864315986633301e-01
5.389441251754760742e-01
5.378919839859008789e-01
5.045325756072998047e-01
5.032073259353637695e-01
5.018732547760009766e-01
5.005304217338562012e-01
4.991787374019622803e-01
4.579643905162811279e-01
4.563790261745452881e-01
4.547864198684692383e-01
4.531864523887634277e-01
4.515793621540069580e-01
4.038789570331573486e-01
4.020873308181762695e-01
4.002903103828430176e-01
3.984878659248352051e-01
3.966801762580871582e-01
