9.815927594900131226e-03
1.000000443309545517e-02
1.018466707319021225e-02
1.037000864744186401e-02
1.055599376559257507e-02
1.602659747004508972e-02
1.623162068426609039e-02
1.643727160990238190e-02
1.664364710450172424e-02
1.685069501399993896e-02
2.293025515973567963e-02
2.315768226981163025e-02
2.338587492704391479e-02
2.361476048827171326e-02
2.384434454143047333e-02
3.057593852281570435e-02
3.082738816738128662e-02
3.107964433729648590e-02
3.133260458707809448e-02
3.158640116453170776e-02
3.901548311114311218e-02
3.929254785180091858e-02
3.957051038742065430e-02
3.984930366277694702e-02
4.012890160083770752e-02
