3.006789684295654297e-01
-8.816722035408020020e-01
-7.055822610855102539e-01
-9.386277198791503906e-01
9.999482631683349609e-01
1.575911939144134521e-01
-1.752907991409301758e+00
1.531487703323364258e-01
-2.701226234436035156e+00
7.757513523101806641e-01
-6.462581157684326172e-01
-1.316133618354797363e+00
-6.186400055885314941e-01
-8.133893609046936035e-01
-3.922606706619262695e-01
-1.706207156181335449e+00
-5.708284974098205566e-01
-2.062324047088623047e+00
3.922137916088104248e-01
-9.863493591547012329e-02
-1.670518875122070312e+00
-1.736743569374084473e+00
-1.213191986083984375e+00
-5.279202461242675781e-01
3.418851792812347412e-01
