1.155362248420715332e+00
1.173244476318359375e+00
1.191126704216003418e+00
1.209008932113647461e+00
1.226890921592712402e+00
1.727593302726745605e+00
1.745475769042968750e+00
1.763358116149902344e+00
1.781240105628967285e+00
1.799122333526611328e+00
2.299824237823486328e+00
2.317706823348999023e+00
2.335588693618774414e+00
2.353471517562866211e+00
2.371353626251220703e+00
2.872056007385253906e+00
2.889937877655029297e+00
2.907820224761962891e+00
2.925702095031738281e+00
2.943584918975830078e+00
3.444286823272705078e+00
3.462169408798217773e+00
3.480051040649414062e+00
3.497933149337768555e+00
3.515815496444702148e+00
