1.669795747147873044e-04
1.660809357417747378e-04
1.652826031204313040e-04
1.645842130528762937e-04
1.639839465497061610e-04
1.874986337497830391e-04
1.898793125292286277e-04
1.923800155054777861e-04
1.950022124219685793e-04
1.977476640604436398e-04
3.359662950970232487e-04
3.435820399317890406e-04
3.514232812449336052e-04
3.594934823922812939e-04
3.677978529594838619e-04
7.174456841312348843e-04
7.349915686063468456e-04
7.529542781412601471e-04
7.713402155786752701e-04
7.901564822532236576e-04
1.524672494269907475e-03
1.559586264193058014e-03
1.595191657543182373e-03
1.631500199437141418e-03
1.668522018007934093e-03
