2.826715707778930664e-01
2.834122776985168457e-01
2.841542661190032959e-01
2.848975956439971924e-01
2.856423854827880859e-01
3.070437312126159668e-01
3.078279197216033936e-01
3.086135387420654297e-01
3.094004094600677490e-01
3.101888597011566162e-01
3.328318595886230469e-01
3.336610794067382812e-01
3.344916403293609619e-01
3.353238105773925781e-01
3.361572325229644775e-01
3.600842058658599854e-01
3.609600067138671875e-01
3.618372678756713867e-01
3.627159297466278076e-01
3.635960817337036133e-01
3.888499736785888672e-01
3.897738456726074219e-01
3.906992375850677490e-01
3.916260898113250732e-01
3.925546705722808838e-01
