-1.434284925460815430e+00
-1.332401514053344727e+00
1.415521502494812012e-01
-2.143857479095458984e+00
-3.273079991340637207e-01
-1.459412574768066406e+00
2.386202216148376465e-01
-6.887472271919250488e-01
-8.257408142089843750e-01
-7.113779187202453613e-01
-1.389128923416137695e+00
1.430732369422912598e+00
-1.673182487487792969e+00
-1.481876224279403687e-01
-7.699256539344787598e-01
-5.796761512756347656e-01
1.718419492244720459e-01
-1.499506235122680664e+00
-3.490402400493621826e-01
-8.669328689575195312e-01
-2.454012483358383179e-01
-1.298919767141342163e-01
-4.678391814231872559e-01
-7.243499159812927246e-01
-1.275353550910949707e+00
