4.556494355201721191e-01
4.556494355201721191e-01
4.556494355201721191e-01
5.089417099952697754e-01
5.701318383216857910e-01
6.371186971664428711e-01
6.141486167907714844e-01
5.515237450599670410e-01
4.857130646705627441e-01
4.567418098449707031e-01
4.556494355201721191e-01
4.556494355201721191e-01
4.556494355201721191e-01
4.556494355201721191e-01
4.556494355201721191e-01
4.609175920486450195e-01
7.174476385116577148e-01
9.758883714675903320e-01
1.599997758865356445e+00
2.091805696487426758e+00
2.239254236221313477e+00
1.805799007415771484e+00
1.073429346084594727e+00
6.013051271438598633e-01
4.560136198997497559e-01
4.556494355201721191e-01
4.556494355201721191e-01
4.556494355201721191e-01
4.556494355201721191e-01
4.429216384887695312e-01
7.153698801994323730e-02
-5.164725780487060547e-01
-1.870188355445861816e+00
-3.787659168243408203e+00
-4.035655021667480469e+00
-1.809584140777587891e+00
4.644824862480163574e-01
8.880436420440673828e-01
5.042371749877929688e-01
4.556494355201721191e-01
4.556494355201721191e-01
4.556494355201721191e-01
4.556494355201721191e-01
4.282083213329315186e-01
-9.420076608657836914e-01
-2.538852691650390625e+00
-3.098384618759155273e+00
-1.564589500427246094e+00
-1.408047556877136230e+00
-2.390829563140869141e+00
-1.813808560371398926e+00
-6.852142512798309326e-03
5.340301990509033203e-01
4.556494355201721191e-01
4.556494355201721191e-01
4.556494355201721191e-01
4.556494355201721191e-01
4.614814519882202148e-01
8.441465497016906738e-01
9.633239507675170898e-01
8.054842948913574219e-01
9.863307476043701172e-01
1.407755374908447266e+00
3.469242453575134277e-01
-7.460167407989501953e-01
-8.807651996612548828e-01
2.190978080034255981e-01
4.556494355201721191e-01
4.556494355201721191e-01
4.556494355201721191e-01
4.556494355201721191e-01
4.560242295265197754e-01
5.060760378837585449e-01
6.021473407745361328e-01
4.958954155445098877e-01
-4.504193365573883057e-02
-1.856898367404937744e-01
-4.530025422573089600e-01
-5.630933046340942383e-01
-5.274898409843444824e-01
2.972581386566162109e-01
4.578341245651245117e-01
4.556494355201721191e-01
4.556494355201721191e-01
4.556494355201721191e-01
4.556494355201721191e-01
4.556494355201721191e-01
4.556494355201721191e-01
2.372752279043197632e-01
-1.400841832160949707e+00
-3.332278013229370117e+00
-4.089990615844726562e+00
-2.239227771759033203e+00
-1.287609338760375977e-01
9.079407453536987305e-01
5.709835290908813477e-01
4.556494355201721191e-01
4.556494355201721191e-01
4.556494355201721191e-01
4.556494355201721191e-01
4.556494355201721191e-01
4.556494355201721191e-01
5.203599333763122559e-01
9.130406975746154785e-01
7.982518672943115234e-01
-5.672068595886230469e-01
-2.451236486434936523e+00
-2.154125690460205078e+00
-4.599788784980773926e-01
6.706940531730651855e-01
4.609307050704956055e-01
4.556494355201721191e-01
4.556494355201721191e-01
4.556494355201721191e-01
4.556494355201721191e-01
4.556494355201721191e-01
4.567737579345703125e-01
5.122086405754089355e-01
6.685179471969604492e-01
8.446351885795593262e-01
-1.391491889953613281e-01
-1.374030947685241699e+00
-1.030216693878173828e+00
3.146454691886901855e-01
4.638913273811340332e-01
4.556494355201721191e-01
4.556494355201721191e-01
4.556494355201721191e-01
4.556494355201721191e-01
4.567811489105224609e-01
4.561764299869537354e-01
4.566032290458679199e-01
4.556494355201721191e-01
5.037726163864135742e-01
2.931741178035736084e-01
-7.686368227005004883e-01
-1.004173040390014648e+00
-5.306668281555175781e-01
4.347791671752929688e-01
4.556494355201721191e-01
4.556494355201721191e-01
4.556494355201721191e-01
5.127533078193664551e-01
7.087123394012451172e-01
7.916467785835266113e-01
7.930297851562500000e-01
6.496630907058715820e-01
7.175160050392150879e-01
4.453046321868896484e-01
-5.626412630081176758e-01
-1.058166861534118652e+00
-9.426897764205932617e-01
4.112675786018371582e-01
4.556494355201721191e-01
4.556494355201721191e-01
4.556494355201721191e-01
3.162512481212615967e-01
2.934331297874450684e-01
1.029590129852294922e+00
1.722996830940246582e+00
1.973373174667358398e+00
1.534731507301330566e+00
2.331987321376800537e-01
-6.075851321220397949e-01
-9.454872608184814453e-01
-2.862487137317657471e-01
4.305170178413391113e-01
4.556494355201721191e-01
4.556494355201721191e-01
4.556494355201721191e-01
2.150402367115020752e-01
-1.454327821731567383e+00
-3.491273641586303711e+00
-4.435291290283203125e+00
-3.786069393157958984e+00
-3.469147443771362305e+00
-3.228876590728759766e+00
-2.260585784912109375e+00
-1.005181550979614258e+00
1.233162581920623779e-01
4.540931582450866699e-01
4.556494355201721191e-01
4.556494355201721191e-01
4.556494355201721191e-01
5.194649696350097656e-01
1.007199287414550781e+00
9.348313808441162109e-01
-1.341894865036010742e-01
-1.154175162315368652e+00
-1.082342147827148438e+00
-2.886301875114440918e-01
1.987754702568054199e-01
3.340501785278320312e-01
4.298561811447143555e-01
4.556494355201721191e-01
4.556494355201721191e-01
