2.147899150848388672e+00
1.646349787712097168e+00
2.393664598464965820e+00
3.548787236213684082e-01
1.528970003128051758e+00
8.547372221946716309e-01
2.226626157760620117e+00
3.273298263549804688e+00
1.066628932952880859e+00
6.498039960861206055e-01
9.309184551239013672e-01
1.004231095314025879e+00
6.922988891601562500e-01
3.759401798248291016e+00
-1.059222936630249023e+00
1.532346725463867188e+00
-4.995173215866088867e-02
-1.222571432590484619e-01
4.000858306884765625e+00
-7.462045550346374512e-02
2.275543689727783203e+00
3.594496011734008789e+00
2.394232034683227539e+00
2.255213737487792969e+00
3.484034836292266846e-01
