1.476314365863800049e-01
1.473837643861770630e-01
1.471358686685562134e-01
1.468877047300338745e-01
1.466392725706100464e-01
1.395848095417022705e-01
1.393294632434844971e-01
1.390738189220428467e-01
1.388180106878280640e-01
1.385619640350341797e-01
1.313033998012542725e-01
1.310410797595977783e-01
1.307785809040069580e-01
1.305158585309982300e-01
1.302529424428939819e-01
1.228121966123580933e-01
1.225437521934509277e-01
1.222751140594482422e-01
1.220063343644142151e-01
1.217373609542846680e-01
1.141376793384552002e-01
1.138639226555824280e-01
1.135900244116783142e-01
1.133160144090652466e-01
1.130418255925178528e-01
