-1.035460591316223145e+00
-7.306778430938720703e-01
1.827802538871765137e+00
2.559965252876281738e-01
-1.536864757537841797e+00
-9.611060619354248047e-01
-4.462009966373443604e-01
2.070902109146118164e+00
2.749040424823760986e-01
-8.568637371063232422e-01
-7.297452688217163086e-01
1.185843706130981445e+00
1.307239770889282227e+00
-6.606615185737609863e-01
-5.510030984878540039e-01
-2.050216794013977051e-01
2.494276523590087891e+00
1.368146777153015137e+00
-1.253098368644714355e+00
-7.707789540290832520e-01
4.934902489185333252e-02
2.696770429611206055e+00
7.055156826972961426e-01
-7.289693355560302734e-01
-1.028244853019714355e+00
