-9.518070816993713379e-01
-9.710532426834106445e-01
-9.902995824813842773e-01
-1.009545922279357910e+00
-1.028792262077331543e+00
-1.567687630653381348e+00
-1.586933851242065430e+00
-1.606180191040039062e+00
-1.625426530838012695e+00
-1.644672751426696777e+00
-2.183568477630615234e+00
-2.202814340591430664e+00
-2.222060918807983398e+00
-2.241307258605957031e+00
-2.260553359985351562e+00
-2.799448966979980469e+00
-2.818695068359375000e+00
-2.837941169738769531e+00
-2.857187747955322266e+00
-2.876434326171875000e+00
-3.415329456329345703e+00
-3.434575796127319336e+00
-3.453821897506713867e+00
-3.473067522048950195e+00
-3.492314338684082031e+00
