1.509386301040649414e-01
1.503191441297531128e-01
1.496997624635696411e-01
1.490805298089981079e-01
1.484613865613937378e-01
1.311911642551422119e-01
1.305771470069885254e-01
1.299633085727691650e-01
1.293497085571289062e-01
1.287364065647125244e-01
1.116683632135391235e-01
1.110630333423614502e-01
1.104580312967300415e-01
1.098533272743225098e-01
1.092490106821060181e-01
9.247502684593200684e-02
9.188165515661239624e-02
9.128876775503158569e-02
9.069631993770599365e-02
9.010433405637741089e-02
7.371784746646881104e-02
7.313989102840423584e-02
7.256250083446502686e-02
7.198559492826461792e-02
7.140924781560897827e-02
