5.603866577148437500e-01
1.814604401588439941e+00
5.177937746047973633e-01
5.162964761257171631e-02
-6.006165742874145508e-01
3.107909917831420898e+00
3.484003782272338867e+00
5.211775302886962891e+00
1.914123535156250000e+00
-1.439730644226074219e+00
-3.155804276466369629e-01
2.516621351242065430e-01
4.620697975158691406e+00
3.378883600234985352e+00
-1.439868927001953125e+00
-1.685174107551574707e-01
1.563511371612548828e+00
3.254794359207153320e+00
3.729289293289184570e+00
8.546317219734191895e-01
-8.098146319389343262e-02
8.070029616355895996e-01
9.903652667999267578e-01
5.090977191925048828e+00
1.653989911079406738e+00
