2.324695698916912079e-02
1.903800666332244873e-02
1.482938043773174286e-02
1.062063127756118774e-02
6.411719601601362228e-03
2.202992327511310577e-03
-2.005713991820812225e-03
-6.214525550603866577e-03
-1.042343955487012863e-02
-1.463210396468639374e-02
-1.884093508124351501e-02
-2.304974570870399475e-02
-2.725845202803611755e-02
-3.146724402904510498e-02
-1.114341989159584045e-01
-1.156429499387741089e-01
-1.198516562581062317e-01
-1.240606904029846191e-01
-1.282694339752197266e-01
-1.324782222509384155e-01
-1.366870552301406860e-01
-1.408959329128265381e-01
-1.451045125722885132e-01
-1.493135094642639160e-01
-1.535222083330154419e-01
-1.577310860157012939e-01
-1.619398742914199829e-01
-1.661486327648162842e-01
-2.461154460906982422e-01
-2.503243684768676758e-01
-2.545332014560699463e-01
-2.587419450283050537e-01
-2.629507184028625488e-01
-2.671594917774200439e-01
-2.713681459426879883e-01
-2.755770385265350342e-01
-2.797858417034149170e-01
-2.839945852756500244e-01
-2.882033884525299072e-01
-2.924121916294097900e-01
-2.966209650039672852e-01
-3.008298277854919434e-01
-3.807967901229858398e-01
-3.850052952766418457e-01
-3.892144560813903809e-01
-3.934229910373687744e-01
-3.976319730281829834e-01
-4.018406271934509277e-01
-4.060495197772979736e-01
-4.102582633495330811e-01
-4.144670367240905762e-01
-4.186758399009704590e-01
-4.228847026824951172e-01
-4.270933866500854492e-01
-4.313021898269653320e-01
-4.355108439922332764e-01
-5.154778957366943359e-01
-5.196866989135742188e-01
-5.238954424858093262e-01
-5.281042456626892090e-01
-5.323129296302795410e-01
-5.365219712257385254e-01
-5.407306551933288574e-01
-5.449395179748535156e-01
-5.491481423377990723e-01
-5.533570647239685059e-01
-5.575658082962036133e-01
-5.617746114730834961e-01
-5.659832954406738281e-01
-5.701922178268432617e-01
-6.501591205596923828e-01
-6.543679833412170410e-01
-6.585764884948730469e-01
-6.627855300903320312e-01
-6.669943332672119141e-01
-6.712031960487365723e-01
-6.754117012023925781e-01
-6.796206831932067871e-01
-6.838295459747314453e-01
-6.880384683609008789e-01
-6.922468543052673340e-01
-6.964558959007263184e-01
-7.006645202636718750e-01
-7.048734426498413086e-01
-7.848402857780456543e-01
-7.890491485595703125e-01
-7.932578325271606445e-01
-7.974666357040405273e-01
-8.016755580902099609e-01
-8.058841228485107422e-01
-8.100930452346801758e-01
-8.143019676208496094e-01
-8.185107707977294922e-01
-8.227192759513854980e-01
-8.269281983375549316e-01
-8.311370611190795898e-01
-8.353458046913146973e-01
-8.395544886589050293e-01
-9.195216298103332520e-01
-9.237304329872131348e-01
-9.279393553733825684e-01
-9.321478605270385742e-01
-9.363567829132080078e-01
-9.405654668807983398e-01
-9.447742700576782227e-01
-9.489829540252685547e-01
-9.531917572021484375e-01
-9.574007987976074219e-01
-9.616092443466186523e-01
-9.658185243606567383e-01
-9.700268507003784180e-01
-9.742357730865478516e-01
-1.054202795028686523e+00
-1.058411478996276855e+00
-1.062620401382446289e+00
-1.066829204559326172e+00
-1.071037769317626953e+00
-1.075247049331665039e+00
-1.079455494880676270e+00
-1.083664178848266602e+00
-1.087873101234436035e+00
-1.092081785202026367e+00
-1.096290588378906250e+00
-1.100499391555786133e+00
-1.104708433151245117e+00
-1.108916878700256348e+00
-1.188883781433105469e+00
-1.193093061447143555e+00
-1.197301626205444336e+00
-1.201510429382324219e+00
-1.205719232559204102e+00
-1.209927797317504883e+00
-1.214137077331542969e+00
-1.218345642089843750e+00
-1.222554087638854980e+00
-1.226763010025024414e+00
-1.230971932411193848e+00
-1.235180616378784180e+00
-1.239389419555664062e+00
-1.243598341941833496e+00
-1.323565244674682617e+00
-1.327773809432983398e+00
-1.331982851028442383e+00
-1.336191415786743164e+00
-1.340400338172912598e+00
-1.344609260559082031e+00
-1.348817825317382812e+00
-1.353026747703552246e+00
-1.357235431671142578e+00
-1.361444473266601562e+00
-1.365653038024902344e+00
-1.369861841201782227e+00
-1.374070405960083008e+00
-1.378279447555541992e+00
-1.458246469497680664e+00
-1.462455272674560547e+00
-1.466663837432861328e+00
-1.470873117446899414e+00
-1.475081682205200195e+00
-1.479290246963500977e+00
-1.483499169349670410e+00
-1.487708091735839844e+00
-1.491916418075561523e+00
-1.496125459671020508e+00
-1.500334024429321289e+00
-1.504543066024780273e+00
-1.508751988410949707e+00
-1.512960433959960938e+00
-1.592927575111389160e+00
-1.597136735916137695e+00
-1.601345300674438477e+00
-1.605554103851318359e+00
-1.609762907028198242e+00
-1.613971590995788574e+00
-1.618180513381958008e+00
-1.622389078140258789e+00
-1.626598000526428223e+00
-1.630806565284729004e+00
-1.635015726089477539e+00
-1.639224529266357422e+00
-1.643432736396789551e+00
-1.647642016410827637e+00
-1.727609038352966309e+00
-1.731817483901977539e+00
-1.736026525497436523e+00
-1.740234851837158203e+00
-1.744444131851196289e+00
-1.748652815818786621e+00
-1.752861499786376953e+00
-1.757070422172546387e+00
-1.761279106140136719e+00
-1.765487909317016602e+00
-1.769696474075317383e+00
-1.773905515670776367e+00
-1.778114318847656250e+00
-1.782322883605957031e+00
