6.800602674484252930e-01
6.718324422836303711e-01
6.636046171188354492e-01
6.553766727447509766e-01
6.471486687660217285e-01
4.167673289775848389e-01
4.085394740104675293e-01
4.003112912178039551e-01
3.920836448669433594e-01
3.838557600975036621e-01
1.534743160009384155e-01
1.452464014291763306e-01
1.370185613632202148e-01
1.287906467914581299e-01
1.205626577138900757e-01
-1.098185777664184570e-01
-1.180466786026954651e-01
-1.262744516134262085e-01
-1.345023810863494873e-01
-1.427303552627563477e-01
-3.731117546558380127e-01
-3.813398182392120361e-01
-3.895676136016845703e-01
-3.977954685688018799e-01
-4.060233831405639648e-01
