-2.476419657468795776e-01
-2.476419657468795776e-01
-2.476419657468795776e-01
-2.696006894111633301e-01
-2.741927504539489746e-01
-1.692419052124023438e-01
-3.641586378216743469e-02
-3.660847619175910950e-02
-1.224594861268997192e-01
-2.416357100009918213e-01
-2.476419657468795776e-01
-2.476419657468795776e-01
-2.476419657468795776e-01
-2.476419657468795776e-01
-2.476419657468795776e-01
-2.552502155303955078e-01
-3.006214201450347900e-01
-4.894610047340393066e-01
-1.706372499465942383e-01
-1.068500757217407227e+00
-1.356388092041015625e+00
-1.216895461082458496e+00
-1.644659489393234253e-01
1.745597720146179199e-01
-2.456397265195846558e-01
-2.476419657468795776e-01
-2.476419657468795776e-01
-2.476419657468795776e-01
-2.476419657468795776e-01
-2.565842568874359131e-01
-1.872351169586181641e-01
-2.542997598648071289e-01
-1.339992761611938477e+00
-1.644168615341186523e+00
-2.056751012802124023e+00
-3.214551687240600586e+00
-4.257673740386962891e+00
-1.104911446571350098e+00
-5.472682043910026550e-02
-2.476419657468795776e-01
-2.476419657468795776e-01
-2.476419657468795776e-01
-2.476419657468795776e-01
-2.503640651702880859e-01
-2.545928955078125000e-01
2.097122907638549805e+00
1.530451178550720215e-01
1.924469918012619019e-01
1.846601843833923340e+00
4.182203292846679688e+00
-3.035000562667846680e-01
-3.352840423583984375e+00
-4.681422412395477295e-01
-2.476419657468795776e-01
-2.476419657468795776e-01
-2.476419657468795776e-01
-2.476419657468795776e-01
-2.775641977787017822e-01
-1.007046461105346680e+00
6.468768119812011719e-01
2.000059843063354492e+00
1.116892933845520020e+00
-5.352334380149841309e-01
1.498872160911560059e+00
2.922275781631469727e+00
-2.291645050048828125e+00
-8.956716060638427734e-01
-2.476419657468795776e-01
-2.476419657468795776e-01
-2.476419657468795776e-01
-2.476419657468795776e-01
-2.492870241403579712e-01
-3.381460905075073242e-01
-2.517787218093872070e-01
-6.934754550457000732e-02
9.961488097906112671e-02
-9.485346078872680664e-01
-2.425743818283081055e+00
3.448221087455749512e-01
-1.741496801376342773e+00
-2.877973318099975586e-01
-2.356299757957458496e-01
-2.476419657468795776e-01
-2.476419657468795776e-01
-2.476419657468795776e-01
-2.476419657468795776e-01
-2.476419657468795776e-01
-2.476419657468795776e-01
-2.832446694374084473e-01
1.915961652994155884e-01
2.163424015045166016e+00
-4.758107960224151611e-01
-1.124278455972671509e-01
-2.929226160049438477e+00
-1.611128926277160645e+00
7.154010236263275146e-02
-2.476419657468795776e-01
-2.476419657468795776e-01
-2.476419657468795776e-01
-2.476419657468795776e-01
-2.476419657468795776e-01
-2.476419657468795776e-01
-4.497179687023162842e-01
-8.636515736579895020e-01
1.186808228492736816e+00
2.662451744079589844e+00
3.969614982604980469e+00
1.003070354461669922e+00
-4.212365150451660156e+00
-6.339344978332519531e-01
-2.291804999113082886e-01
-2.476419657468795776e-01
-2.476419657468795776e-01
-2.476419657468795776e-01
-2.476419657468795776e-01
-2.476419657468795776e-01
-2.525766789913177490e-01
-3.683423399925231934e-01
-3.090685606002807617e-01
-4.374930858612060547e-01
6.336339712142944336e-01
3.879261493682861328e+00
-1.247389435768127441e+00
-2.168299913406372070e+00
-2.639663219451904297e-01
-2.476419657468795776e-01
-2.476419657468795776e-01
-2.476419657468795776e-01
-2.476419657468795776e-01
-2.476509213447570801e-01
-2.487583011388778687e-01
-2.441158294677734375e-01
-2.476419657468795776e-01
-3.966325819492340088e-01
-8.600184917449951172e-01
2.169130325317382812e+00
1.009440541267395020e+00
-2.900741100311279297e+00
-3.190924823284149170e-01
-2.476419657468795776e-01
-2.476419657468795776e-01
-2.476419657468795776e-01
-3.267894089221954346e-01
-1.907285898923873901e-01
-3.292968869209289551e-01
2.191808074712753296e-01
2.842563390731811523e-02
-6.053933501243591309e-02
-6.459994316101074219e-01
1.248047471046447754e+00
1.648432731628417969e+00
-2.368124485015869141e+00
-3.265891373157501221e-01
-2.476419657468795776e-01
-2.476419657468795776e-01
-2.476419657468795776e-01
-3.298556804656982422e-01
-4.081176221370697021e-02
-1.487279415130615234e+00
-2.668920278549194336e+00
-1.757739186286926270e+00
-9.821609258651733398e-01
-7.947371006011962891e-01
-5.202460885047912598e-01
-4.507901072502136230e-01
-5.994046926498413086e-01
-2.391324192285537720e-01
-2.476419657468795776e-01
-2.476419657468795776e-01
-2.476419657468795776e-01
-2.772287428379058838e-01
5.932155847549438477e-01
2.111136913299560547e+00
-3.182666301727294922e-01
-1.837355732917785645e+00
-2.952105760574340820e+00
-1.963467359542846680e+00
-9.536546468734741211e-02
-4.426925778388977051e-01
-1.018074154853820801e-01
-2.416268587112426758e-01
-2.476419657468795776e-01
-2.476419657468795776e-01
-2.476419657468795776e-01
-5.157456398010253906e-01
-6.998741626739501953e-01
8.421338796615600586e-01
2.451112270355224609e+00
2.734382629394531250e+00
2.005403041839599609e+00
1.621750116348266602e+00
2.008831977844238281e+00
6.692491173744201660e-01
-1.275447905063629150e-01
-2.476419657468795776e-01
-2.476419657468795776e-01
