3.378857374191284180e-01
3.773707151412963867e-01
1.347408533096313477e+00
2.100921392440795898e+00
7.645975351333618164e-01
3.059124052524566650e-01
6.178725957870483398e-01
1.551057696342468262e+00
2.571234703063964844e+00
1.150965332984924316e+00
2.603350877761840820e-01
1.390115141868591309e+00
2.595768928527832031e+00
1.367805957794189453e+00
1.085068106651306152e+00
4.569910168647766113e-01
1.949884891510009766e+00
2.199063539505004883e+00
5.401856899261474609e-01
5.867311954498291016e-01
7.904890775680541992e-01
2.320060014724731445e+00
4.934849262237548828e+00
2.048734664916992188e+00
3.579195141792297363e-01
