-5.243344306945800781e-01
-5.243344306945800781e-01
-5.243344306945800781e-01
-4.937019646167755127e-01
-3.823277950286865234e-01
-2.776865661144256592e-01
-2.788917124271392822e-01
-3.842281699180603027e-01
-4.904474318027496338e-01
-5.232406854629516602e-01
-5.243344306945800781e-01
-5.243344306945800781e-01
-5.243344306945800781e-01
-5.243344306945800781e-01
-5.243344306945800781e-01
-5.214244127273559570e-01
-3.061948418617248535e-01
5.239448547363281250e-01
1.634499549865722656e+00
1.918775916099548340e+00
1.557191610336303711e+00
7.161657214164733887e-01
-4.049283266067504883e-02
-4.172867834568023682e-01
-5.239698290824890137e-01
-5.243344306945800781e-01
-5.243344306945800781e-01
-5.243344306945800781e-01
-5.243344306945800781e-01
-5.086274743080139160e-01
3.873361349105834961e-01
1.699993729591369629e+00
1.175032734870910645e+00
1.922715306282043457e-01
2.323697209358215332e-01
1.001331925392150879e+00
3.491781949996948242e-01
-3.991281688213348389e-01
-4.933273196220397949e-01
-5.243344306945800781e-01
-5.243344306945800781e-01
-5.243344306945800781e-01
-5.243344306945800781e-01
-5.329496860504150391e-01
-7.537012100219726562e-01
-8.172208070755004883e-01
-1.285372257232666016e+00
-1.440264821052551270e+00
-1.042240381240844727e+00
6.068813800811767578e-01
1.179470062255859375e+00
-2.525647878646850586e-01
-5.926374197006225586e-01
-5.243344306945800781e-01
-5.243344306945800781e-01
-5.243344306945800781e-01
-5.243344306945800781e-01
-5.302070379257202148e-01
-7.827417850494384766e-01
-1.068721771240234375e+00
-5.960105657577514648e-01
4.060443490743637085e-02
3.895119130611419678e-01
9.807238578796386719e-01
1.169129967689514160e+00
-3.087747097015380859e-01
-5.870733857154846191e-01
-5.243344306945800781e-01
-5.243344306945800781e-01
-5.243344306945800781e-01
-5.243344306945800781e-01
-5.244836807250976562e-01
-5.310423970222473145e-01
-5.358067750930786133e-01
-3.815740942955017090e-01
7.030924558639526367e-01
1.793230056762695312e+00
1.344089984893798828e+00
6.918938159942626953e-01
-9.014166891574859619e-02
-4.357658028602600098e-01
-5.221470594406127930e-01
-5.243344306945800781e-01
-5.243344306945800781e-01
-5.243344306945800781e-01
-5.243344306945800781e-01
-5.243344306945800781e-01
-5.243344306945800781e-01
-5.936162471771240234e-01
-6.738355159759521484e-01
-3.742860853672027588e-01
-2.328419983386993408e-01
8.190652132034301758e-01
8.703230023384094238e-01
-1.931169629096984863e-01
-4.836520850658416748e-01
-5.243344306945800781e-01
-5.243344306945800781e-01
-5.243344306945800781e-01
-5.243344306945800781e-01
-5.243344306945800781e-01
-5.243344306945800781e-01
-5.614031553268432617e-01
-9.315477609634399414e-01
-1.248520493507385254e+00
-1.025379180908203125e+00
2.622635662555694580e-01
1.325343608856201172e+00
4.393384605646133423e-02
-4.983859658241271973e-01
-5.215639472007751465e-01
-5.243344306945800781e-01
-5.243344306945800781e-01
-5.243344306945800781e-01
-5.243344306945800781e-01
-5.243344306945800781e-01
-5.247820615768432617e-01
-5.407128334045410156e-01
-5.737342238426208496e-01
-7.050235867500305176e-01
-7.141534090042114258e-01
9.519627690315246582e-01
8.602017164230346680e-01
-4.844111800193786621e-01
-5.296516418457031250e-01
-5.243344306945800781e-01
-5.243344306945800781e-01
-5.243344306945800781e-01
-5.243344306945800781e-01
-5.235542058944702148e-01
-5.227506756782531738e-01
-5.232419967651367188e-01
-5.243344306945800781e-01
-5.424290299415588379e-01
-4.083995819091796875e-01
7.835202217102050781e-01
8.818730115890502930e-01
-5.636524558067321777e-01
-5.329108238220214844e-01
-5.243344306945800781e-01
-5.243344306945800781e-01
-5.243344306945800781e-01
-5.022976398468017578e-01
-2.432446777820587158e-01
-2.480478584766387939e-02
-8.819572627544403076e-02
-2.665425837039947510e-01
-2.162186801433563232e-01
3.982910513877868652e-01
1.002653241157531738e+00
1.972905844449996948e-01
-6.856140494346618652e-01
-5.312697887420654297e-01
-5.243344306945800781e-01
-5.243344306945800781e-01
-5.243344306945800781e-01
-3.689684569835662842e-01
7.805944681167602539e-01
1.538181900978088379e+00
1.338318228721618652e+00
1.341962695121765137e+00
1.567574262619018555e+00
1.678963184356689453e+00
3.335567712783813477e-01
-8.884171247482299805e-01
-4.358797669410705566e-01
-5.203319787979125977e-01
-5.243344306945800781e-01
-5.243344306945800781e-01
-5.243344306945800781e-01
-6.171951293945312500e-01
-8.140715360641479492e-01
-4.412913024425506592e-01
2.384915649890899658e-01
4.086881279945373535e-01
-2.464556992053985596e-01
-1.019775629043579102e+00
-1.185973167419433594e+00
-6.317957043647766113e-01
-4.402543902397155762e-01
-5.239950418472290039e-01
-5.243344306945800781e-01
-5.243344306945800781e-01
-5.243344306945800781e-01
-5.729406476020812988e-01
-8.416196107864379883e-01
-1.069997310638427734e+00
-1.232378482818603516e+00
-1.267568349838256836e+00
-1.089205622673034668e+00
-8.787931203842163086e-01
-5.008716583251953125e-01
-3.220885992050170898e-01
-5.191602706909179688e-01
-5.243344306945800781e-01
-5.243344306945800781e-01
