1.872463896870613098e-02
1.876819878816604614e-02
1.881181821227073669e-02
1.885548047721385956e-02
1.889919489622116089e-02
1.894297637045383453e-02
1.898678392171859741e-02
1.903064548969268799e-02
1.907457225024700165e-02
1.911854557693004608e-02
1.916256919503211975e-02
1.920663565397262573e-02
1.925075612962245941e-02
1.929492875933647156e-02
2.014381252229213715e-02
2.018899470567703247e-02
2.023423463106155396e-02
2.027952112257480621e-02
2.032486349344253540e-02
2.037023752927780151e-02
2.041567489504814148e-02
2.046116627752780914e-02
2.050669491291046143e-02
2.055229060351848602e-02
2.059793472290039062e-02
2.064362168312072754e-02
2.068936452269554138e-02
2.073515020310878754e-02
2.161482349038124084e-02
2.166163176298141479e-02
2.170848473906517029e-02
2.175537869334220886e-02
2.180233784019947052e-02
2.184935100376605988e-02
2.189639210700988770e-02
2.194350771605968475e-02
2.199067734181880951e-02
2.203788422048091888e-02
2.208514697849750519e-02
2.213245257735252380e-02
2.217981591820716858e-02
2.222722955048084259e-02
2.313766442239284515e-02
2.318608388304710388e-02
2.323458157479763031e-02
2.328309416770935059e-02
2.333164587616920471e-02
2.338029444217681885e-02
2.342898398637771606e-02
2.347770705819129944e-02
2.352648042142391205e-02
2.357530221343040466e-02
2.362417988479137421e-02
2.367312647402286530e-02
2.372211404144763947e-02
2.377111278474330902e-02
2.471235394477844238e-02
2.476239763200283051e-02
2.481250278651714325e-02
2.486264705657958984e-02
2.491283044219017029e-02
2.496309205889701843e-02
2.501337975263595581e-02
2.506372891366481781e-02
2.511412277817726135e-02
2.516458742320537567e-02
2.521505206823348999e-02
2.526562102138996124e-02
2.531623840332031250e-02
2.536687999963760376e-02
2.633887715637683868e-02
2.639054507017135620e-02
2.644227817654609680e-02
2.649401314556598663e-02
2.654582820832729340e-02
2.659771218895912170e-02
2.664964273571968079e-02
2.670158632099628448e-02
2.675362303853034973e-02
2.680567651987075806e-02
2.685781009495258331e-02
2.690995857119560242e-02
2.696219086647033691e-02
2.701446413993835449e-02
2.801725827157497406e-02
2.807053551077842712e-02
2.812387049198150635e-02
2.817725203931331635e-02
2.823068946599960327e-02
2.828418090939521790e-02
2.833771519362926483e-02
2.839129045605659485e-02
2.844492532312870026e-02
2.849861234426498413e-02
2.855236269533634186e-02
2.860614284873008728e-02
2.865998633205890656e-02
2.871389873325824738e-02
2.974747307598590851e-02
2.980233170092105865e-02
2.985730022192001343e-02
2.991231158375740051e-02
2.996740676462650299e-02
3.002247586846351624e-02
3.007761947810649872e-02
3.013285063207149506e-02
3.018810786306858063e-02
3.024340420961380005e-02
3.029875829815864563e-02
3.035419806838035583e-02
3.040962480008602142e-02
3.046514466404914856e-02
3.152948245406150818e-02
3.158602118492126465e-02
3.164260089397430420e-02
3.169919550418853760e-02
3.175588697195053101e-02
3.181262314319610596e-02
3.186937421560287476e-02
3.192622214555740356e-02
3.198308870196342468e-02
3.204002976417541504e-02
3.209699690341949463e-02
3.215406462550163269e-02
3.221110999584197998e-02
3.226824104785919189e-02
3.336335718631744385e-02
3.342152386903762817e-02
3.347972035408020020e-02
3.353793919086456299e-02
3.359626233577728271e-02
3.365457803010940552e-02
3.371299430727958679e-02
3.377144038677215576e-02
3.382994234561920166e-02
3.388848155736923218e-02
3.394707292318344116e-02
3.400573506951332092e-02
3.406443446874618530e-02
3.412318229675292969e-02
3.524909541010856628e-02
3.530886024236679077e-02
3.536867350339889526e-02
3.542852774262428284e-02
3.548844903707504272e-02
3.554839268326759338e-02
3.560843318700790405e-02
3.566850721836090088e-02
3.572861850261688232e-02
3.578877821564674377e-02
3.584901243448257446e-02
3.590925782918930054e-02
3.596960008144378662e-02
3.602994233369827271e-02
3.718663007020950317e-02
3.724802285432815552e-02
3.730946406722068787e-02
3.737096488475799561e-02
3.743250668048858643e-02
3.749407827854156494e-02
3.755572438240051270e-02
3.761736303567886353e-02
3.767912089824676514e-02
3.774092346429824829e-02
3.780274838209152222e-02
3.786464035511016846e-02
3.792660683393478394e-02
3.798861056566238403e-02
3.917600214481353760e-02
3.923901170492172241e-02
3.930207714438438416e-02
3.936519101262092590e-02
3.942833840847015381e-02
3.949157148599624634e-02
3.955485299229621887e-02
3.961812704801559448e-02
3.968150541186332703e-02
3.974489122629165649e-02
3.980834409594535828e-02
3.987185284495353699e-02
3.993542492389678955e-02
3.999903053045272827e-02
4.121727496385574341e-02
4.128190875053405762e-02
4.134654253721237183e-02
4.141128808259963989e-02
4.147604480385780334e-02
4.154089093208312988e-02
4.160576686263084412e-02
4.167072474956512451e-02
4.173570871353149414e-02
4.180071130394935608e-02
4.186579957604408264e-02
4.193090274930000305e-02
4.199607670307159424e-02
4.206133261322975159e-02
