5.343353152275085449e-01
-1.003071665763854980e+00
-4.772719860076904297e+00
-3.079187631607055664e+00
-1.633693456649780273e+00
5.078214406967163086e-01
1.029666662216186523e+00
-1.752079844474792480e+00
-5.595253944396972656e+00
-2.557972431182861328e+00
3.747286200523376465e-01
-3.986730873584747314e-01
1.217991590499877930e+00
-4.492263793945312500e+00
-2.148224592208862305e+00
-7.384134531021118164e-01
-1.000470995903015137e+00
-5.363175868988037109e-01
-2.414238929748535156e+00
-1.374752759933471680e+00
3.902521729469299316e-01
-2.025194883346557617e+00
-2.046529531478881836e+00
-3.740493059158325195e+00
-3.541883707046508789e+00
