-2.697900868952274323e-02
-7.858176231384277344e-01
8.919496536254882812e-01
2.475021362304687500e+00
4.267311096191406250e-01
-1.562626361846923828e-01
-1.423822283744812012e+00
2.157086849212646484e+00
1.833018064498901367e+00
-2.926144003868103027e-01
-5.778957009315490723e-01
-1.556885838508605957e-01
3.089738845825195312e+00
1.794528603553771973e+00
-4.651412069797515869e-01
-9.484071135520935059e-01
1.529621481895446777e+00
3.221238136291503906e+00
5.461298227310180664e-01
5.628636106848716736e-02
-1.595232248306274414e+00
9.522187113761901855e-01
2.557114601135253906e+00
1.478437632322311401e-01
1.723269075155258179e-01
