1.277921814471483231e-02
1.280001271516084671e-02
1.282082125544548035e-02
1.284164935350418091e-02
1.286249794065952301e-02
1.288336142897605896e-02
1.290423143655061722e-02
1.292512845247983932e-02
1.294603478163480759e-02
1.296696532517671585e-02
1.298790890723466873e-02
1.300887204706668854e-02
1.302985101938247681e-02
1.305084954947233200e-02
1.345298625528812408e-02
1.347431726753711700e-02
1.349567435681819916e-02
1.351703610271215439e-02
1.353842020034790039e-02
1.355982571840286255e-02
1.358125079423189163e-02
1.360268332064151764e-02
1.362413913011550903e-02
1.364559680223464966e-02
1.366708986461162567e-02
1.368859875947237015e-02
1.371011231094598770e-02
1.373165473341941833e-02
1.414407230913639069e-02
1.416594535112380981e-02
1.418783515691757202e-02
1.420974079519510269e-02
1.423166505992412567e-02
1.425361819565296173e-02
1.427557040005922318e-02
1.429754309356212616e-02
1.431954279541969299e-02
1.434155739843845367e-02
1.436358038336038589e-02
1.438561826944351196e-02
1.440767943859100342e-02
1.442976668477058411e-02
1.485246233642101288e-02
1.487486902624368668e-02
1.489730551838874817e-02
1.491975039243698120e-02
1.494221761822700500e-02
1.496469974517822266e-02
1.498719770461320877e-02
1.500972360372543335e-02
1.503226161003112793e-02
1.505480241030454636e-02
1.507737487554550171e-02
1.509996410459280014e-02
1.512256450951099396e-02
1.514518074691295624e-02
1.557815074920654297e-02
1.560111343860626221e-02
1.562408450990915298e-02
1.564707979559898376e-02
1.567008532583713531e-02
1.569310203194618225e-02
1.571615599095821381e-02
1.573919877409934998e-02
1.576227881014347076e-02
1.578537933528423309e-02
1.580848358571529388e-02
1.583160646259784698e-02
1.585475541651248932e-02
1.587791182100772858e-02
1.632115803658962250e-02
1.634466089308261871e-02
1.636817306280136108e-02
1.639170199632644653e-02
1.641525700688362122e-02
1.643881760537624359e-02
1.646240241825580597e-02
1.648599095642566681e-02
1.650961488485336304e-02
1.653324998915195465e-02
1.655689626932144165e-02
1.658055558800697327e-02
1.660425215959548950e-02
1.662795804440975189e-02
1.708148047327995300e-02
1.710551604628562927e-02
1.712957024574279785e-02
1.715364307165145874e-02
1.717773824930191040e-02
1.720184460282325745e-02
1.722595840692520142e-02
1.725010201334953308e-02
1.727426052093505859e-02
1.729843392968177795e-02
1.732262782752513885e-02
1.734683476388454437e-02
1.737105846405029297e-02
1.739529892802238464e-02
1.785909943282604218e-02
1.788369938731193542e-02
1.790827885270118713e-02
1.793289184570312500e-02
1.795751973986625671e-02
1.798216998577117920e-02
1.800683140754699707e-02
1.803151704370975494e-02
1.805620640516281128e-02
1.808093301951885223e-02
1.810565590858459473e-02
1.813041232526302338e-02
1.815517432987689972e-02
1.817995123565196991e-02
1.865402609109878540e-02
1.867915689945220947e-02
1.870429888367652893e-02
1.872944645583629608e-02
1.875462010502815247e-02
1.877980120480060577e-02
1.880502142012119293e-02
1.883024349808692932e-02
1.885546930134296417e-02
1.888073049485683441e-02
1.890601217746734619e-02
1.893129572272300720e-02
1.895661093294620514e-02
1.898192055523395538e-02
1.946627162396907806e-02
1.949195377528667450e-02
1.951763220131397247e-02
1.954331807792186737e-02
1.956901699304580688e-02
1.959477365016937256e-02
1.962050236761569977e-02
1.964626833796501160e-02
1.967205479741096497e-02
1.969783939421176910e-02
1.972365751862525940e-02
1.974948681890964508e-02
1.977533102035522461e-02
1.980120688676834106e-02
2.029583789408206940e-02
2.032203413546085358e-02
2.034825459122657776e-02
2.037449553608894348e-02
2.040074765682220459e-02
2.042701467871665955e-02
2.045330032706260681e-02
2.047960273921489716e-02
2.050593122839927673e-02
2.053226530551910400e-02
2.055861800909042358e-02
2.058499865233898163e-02
2.061138115823268890e-02
2.063778974115848541e-02
2.114270254969596863e-02
2.116944082081317902e-02
2.119619771838188171e-02
2.122298069298267365e-02
2.124977111816406250e-02
2.127658016979694366e-02
2.130341157317161560e-02
2.133025228977203369e-02
2.135713025927543640e-02
2.138399891555309296e-02
2.141088433563709259e-02
2.143780887126922607e-02
2.146473899483680725e-02
2.149168774485588074e-02
2.200687676668167114e-02
2.203415334224700928e-02
2.206145226955413818e-02
2.208877913653850555e-02
2.211610600352287292e-02
2.214346081018447876e-02
2.217082865536212921e-02
2.219821885228157043e-02
2.222561463713645935e-02
2.225303649902343750e-02
2.228047512471675873e-02
2.230793610215187073e-02
2.233538776636123657e-02
2.236288972198963165e-02
2.288835495710372925e-02
2.291617169976234436e-02
2.294402197003364563e-02
2.297188341617584229e-02
2.299975045025348663e-02
2.302765473723411560e-02
2.305555529892444611e-02
2.308347634971141815e-02
2.311142347753047943e-02
2.313938736915588379e-02
2.316736057400703430e-02
2.319536730647087097e-02
2.322336100041866302e-02
2.325138822197914124e-02
