2.005093097686767578e-01
2.007458060979843140e-01
2.009841650724411011e-01
2.012243568897247314e-01
2.014664560556411743e-01
2.090149521827697754e-01
2.093125432729721069e-01
2.096121460199356079e-01
2.099136412143707275e-01
2.102171778678894043e-01
2.195337265729904175e-01
2.198962420225143433e-01
2.202609479427337646e-01
2.206276655197143555e-01
2.209965288639068604e-01
2.321994602680206299e-01
2.326315492391586304e-01
2.330658435821533203e-01
2.335024029016494751e-01
2.339412122964859009e-01
2.471691220998764038e-01
2.476759552955627441e-01
2.481852620840072632e-01
2.486968636512756348e-01
2.492110133171081543e-01
