2.618086338043212891e+00
2.631818532943725586e+00
2.645550251007080078e+00
2.659282684326171875e+00
2.673015117645263672e+00
3.057518720626831055e+00
3.071250677108764648e+00
3.084982395172119141e+00
3.098715543746948242e+00
3.112447500228881836e+00
3.496950626373291016e+00
3.510682582855224609e+00
3.524414777755737305e+00
3.538146972656250000e+00
3.551879405975341797e+00
3.936382770538330078e+00
3.950115203857421875e+00
3.963847637176513672e+00
3.977579355239868164e+00
3.991311550140380859e+00
4.375814914703369141e+00
4.389547348022460938e+00
4.403279781341552734e+00
4.417011260986328125e+00
4.430743694305419922e+00
