3.956010043621063232e-01
3.954016566276550293e-01
3.951962590217590332e-01
3.949848413467407227e-01
3.947672843933105469e-01
3.862284719944000244e-01
3.858371376991271973e-01
3.854399919509887695e-01
3.850369453430175781e-01
3.846279978752136230e-01
3.708453178405761719e-01
3.702713847160339355e-01
3.696920275688171387e-01
3.691071867942810059e-01
3.685168623924255371e-01
3.498272895812988281e-01
3.490850627422332764e-01
3.483377695083618164e-01
3.475856781005859375e-01
3.468284606933593750e-01
3.237011432647705078e-01
3.228094875812530518e-01
3.219133615493774414e-01
3.210129737854003906e-01
3.201082944869995117e-01
