6.575680971145629883e-01
6.575680971145629883e-01
6.575680971145629883e-01
6.575680971145629883e-01
6.575680971145629883e-01
6.575680971145629883e-01
6.575680971145629883e-01
4.613143205642700195e-01
-6.374783515930175781e-01
-2.199349552392959595e-02
1.432653784751892090e+00
7.937600612640380859e-01
6.575680971145629883e-01
6.575680971145629883e-01
6.575680971145629883e-01
6.575680971145629883e-01
6.575680971145629883e-01
6.575680971145629883e-01
6.575680971145629883e-01
6.575680971145629883e-01
6.575680971145629883e-01
1.679760813713073730e-01
-1.751358985900878906e+00
-3.783954381942749023e-01
1.354012012481689453e+00
6.184082031250000000e-01
6.575680971145629883e-01
6.575680971145629883e-01
6.575680971145629883e-01
6.575680971145629883e-01
6.575680971145629883e-01
6.575680971145629883e-01
6.575680971145629883e-01
6.575680971145629883e-01
6.292067170143127441e-01
-3.773554265499114990e-01
-2.421717166900634766e+00
1.790950149297714233e-01
9.635443091392517090e-01
6.105093955993652344e-01
6.575680971145629883e-01
6.575680971145629883e-01
6.575680971145629883e-01
6.575680971145629883e-01
6.575680971145629883e-01
6.575680971145629883e-01
6.575680971145629883e-01
6.563386321067810059e-01
4.045911133289337158e-01
-1.313714027404785156e+00
-2.183004617691040039e+00
1.214776992797851562e+00
7.707760930061340332e-01
6.562958359718322754e-01
6.575680971145629883e-01
6.575680971145629883e-01
6.575680971145629883e-01
6.575680971145629883e-01
6.575680971145629883e-01
6.575680971145629883e-01
6.575680971145629883e-01
6.520533561706542969e-01
6.040474772453308105e-02
-2.397418737411499023e+00
-1.401452541351318359e+00
1.418430328369140625e+00
6.203303933143615723e-01
6.575680971145629883e-01
6.575680971145629883e-01
6.575680971145629883e-01
6.575680971145629883e-01
6.575680971145629883e-01
6.575680971145629883e-01
6.575680971145629883e-01
6.575680971145629883e-01
6.413084864616394043e-01
-3.351271748542785645e-01
-2.881393432617187500e+00
-3.401040732860565186e-01
1.098458409309387207e+00
5.806752443313598633e-01
6.575680971145629883e-01
6.575680971145629883e-01
6.575680971145629883e-01
6.575680971145629883e-01
6.575680971145629883e-01
6.575680971145629883e-01
6.575680971145629883e-01
6.477324962615966797e-01
3.312216103076934814e-01
-1.116279721260070801e+00
-2.438253641128540039e+00
8.720788955688476562e-01
8.221666812896728516e-01
6.349372863769531250e-01
6.575680971145629883e-01
6.575680971145629883e-01
6.575680971145629883e-01
6.575680971145629883e-01
6.575680971145629883e-01
6.575680971145629883e-01
6.575680971145629883e-01
5.519677996635437012e-01
-5.515000224113464355e-01
-2.006746530532836914e+00
-1.021224617958068848e+00
1.067252755165100098e+00
6.157761216163635254e-01
6.575680971145629883e-01
6.575680971145629883e-01
6.575680971145629883e-01
6.575680971145629883e-01
6.575680971145629883e-01
6.575680971145629883e-01
6.575680971145629883e-01
6.563386321067810059e-01
2.418385148048400879e-01
-1.649170875549316406e+00
-2.210000038146972656e+00
1.793860197067260742e-01
8.063620924949645996e-01
6.058415174484252930e-01
6.575680971145629883e-01
6.575680971145629883e-01
6.575680971145629883e-01
6.575680971145629883e-01
6.575680971145629883e-01
6.575680971145629883e-01
6.575680971145629883e-01
6.025581955909729004e-01
-3.904077112674713135e-01
-2.578812599182128906e+00
-1.442435741424560547e+00
8.109867572784423828e-01
9.313338994979858398e-01
6.953517198562622070e-01
6.575680971145629883e-01
6.575680971145629883e-01
6.575680971145629883e-01
6.575680971145629883e-01
6.575680971145629883e-01
6.575680971145629883e-01
6.575680971145629883e-01
4.396164715290069580e-01
-1.388193368911743164e+00
-3.202503681182861328e+00
-9.176170825958251953e-01
5.381231307983398438e-01
1.076728105545043945e+00
6.901285648345947266e-01
6.575680971145629883e-01
6.575680971145629883e-01
6.575680971145629883e-01
6.575680971145629883e-01
6.575680971145629883e-01
6.575680971145629883e-01
6.575680971145629883e-01
5.447907447814941406e-01
-1.215513467788696289e+00
-2.649266719818115234e+00
-1.036030769348144531e+00
5.537948384881019592e-02
6.837171912193298340e-01
6.240119934082031250e-01
6.575680971145629883e-01
6.575680971145629883e-01
6.575680971145629883e-01
6.575680971145629883e-01
6.575680971145629883e-01
6.575680971145629883e-01
6.575680971145629883e-01
6.262565851211547852e-01
-4.454727470874786377e-01
-9.021337032318115234e-01
-2.871648371219635010e-01
3.521298766136169434e-01
6.217840313911437988e-01
6.500205993652343750e-01
6.575680971145629883e-01
6.575680971145629883e-01
6.575680971145629883e-01
6.575680971145629883e-01
6.575680971145629883e-01
6.575680971145629883e-01
6.575680971145629883e-01
6.623575687408447266e-01
5.592898130416870117e-01
4.739487469196319580e-01
5.785148143768310547e-01
6.490057706832885742e-01
6.559349298477172852e-01
6.575680971145629883e-01
6.575680971145629883e-01
6.575680971145629883e-01
6.575680971145629883e-01
6.575680971145629883e-01
