1.638821125030517578e+00
1.668322682380676270e+00
1.697824716567993164e+00
1.727326631546020508e+00
1.756828308105468750e+00
2.582878589630126953e+00
2.612380504608154297e+00
2.641882658004760742e+00
2.671384334564208984e+00
2.700886249542236328e+00
3.526936531066894531e+00
3.556438684463500977e+00
3.585940599441528320e+00
3.615442037582397461e+00
3.644943714141845703e+00
4.470994472503662109e+00
4.500496387481689453e+00
4.529998779296875000e+00
4.559499740600585938e+00
4.589001655578613281e+00
5.415052413940429688e+00
5.444554805755615234e+00
5.474056720733642578e+00
5.503559112548828125e+00
5.533060073852539062e+00
