1.731154173612594604e-01
1.731303781270980835e-01
1.731453239917755127e-01
1.731602847576141357e-01
1.731752455234527588e-01
1.731902062892913818e-01
1.732051968574523926e-01
1.732201278209686279e-01
1.732350736856460571e-01
1.732500493526458740e-01
1.732649803161621094e-01
1.732799708843231201e-01
1.732949018478393555e-01
1.733098924160003662e-01
1.735942214727401733e-01
1.736091971397399902e-01
1.736241579055786133e-01
1.736391484737396240e-01
1.736541092395782471e-01
1.736690849065780640e-01
1.736840456724166870e-01
1.736990213394165039e-01
1.737139821052551270e-01
1.737289577722549438e-01
1.737439334392547607e-01
1.737589240074157715e-01
1.737738698720932007e-01
1.737888604402542114e-01
1.740734875202178955e-01
1.740884780883789062e-01
1.741034686565399170e-01
1.741184592247009277e-01
1.741334199905395508e-01
1.741484105587005615e-01
1.741634011268615723e-01
1.741783916950225830e-01
1.741933822631835938e-01
1.742083728313446045e-01
1.742233633995056152e-01
1.742383390665054321e-01
1.742533445358276367e-01
1.742683202028274536e-01
1.745532155036926270e-01
1.745682358741760254e-01
1.745832264423370361e-01
1.745982170104980469e-01
1.746132075786590576e-01
1.746282279491424561e-01
1.746432185173034668e-01
1.746582239866256714e-01
1.746732294559478760e-01
1.746882796287536621e-01
1.747032552957534790e-01
1.747182458639144897e-01
1.747332513332366943e-01
1.747482419013977051e-01
1.750334352254867554e-01
1.750484406948089600e-01
1.750634759664535522e-01
1.750784814357757568e-01
1.750935018062591553e-01
1.751084923744201660e-01
1.751235127449035645e-01
1.751385480165481567e-01
1.751535683870315552e-01
1.751685589551925659e-01
1.751835942268371582e-01
1.751986145973205566e-01
1.752136349678039551e-01
1.752286553382873535e-01
1.755141019821166992e-01
1.755291223526000977e-01
1.755441576242446899e-01
1.755591779947280884e-01
1.755742281675338745e-01
1.755892485380172729e-01
1.756042838096618652e-01
1.756193339824676514e-01
1.756343543529510498e-01
1.756493747234344482e-01
1.756643950939178467e-01
1.756794452667236328e-01
1.756944805383682251e-01
1.757095009088516235e-01
1.759952306747436523e-01
1.760102957487106323e-01
1.760253310203552246e-01
1.760403811931610107e-01
1.760554313659667969e-01
1.760704666376113892e-01
1.760855168104171753e-01
1.761005669832229614e-01
1.761156022548675537e-01
1.761306524276733398e-01
1.761457026004791260e-01
1.761607527732849121e-01
1.761758029460906982e-01
1.761908531188964844e-01
1.764768809080123901e-01
1.764919161796569824e-01
1.765069812536239624e-01
1.765220314264297485e-01
1.765371263027191162e-01
1.765521466732025146e-01
1.765672266483306885e-01
1.765822768211364746e-01
1.765973269939422607e-01
1.766124069690704346e-01
1.766274571418762207e-01
1.766425371170043945e-01
1.766575872898101807e-01
1.766726374626159668e-01
1.769589185714721680e-01
1.769740134477615356e-01
1.769890785217285156e-01
1.770041435956954956e-01
1.770192384719848633e-01
1.770343184471130371e-01
1.770493686199188232e-01
1.770644485950469971e-01
1.770795434713363647e-01
1.770946085453033447e-01
1.771097034215927124e-01
1.771247535943984985e-01
1.771398484706878662e-01
1.771549284458160400e-01
1.774414777755737305e-01
1.774565875530242920e-01
1.774716675281524658e-01
1.774867475032806396e-01
1.775018572807312012e-01
1.775169223546981812e-01
1.775320172309875488e-01
1.775471270084381104e-01
1.775621771812438965e-01
1.775772869586944580e-01
1.775923520326614380e-01
1.776074767112731934e-01
1.776225715875625610e-01
1.776376664638519287e-01
1.779245138168334961e-01
1.779396235942840576e-01
1.779547184705734253e-01
1.779697984457015991e-01
1.779849231243133545e-01
1.780000180006027222e-01
1.780151277780532837e-01
1.780302375555038452e-01
1.780453324317932129e-01
1.780604422092437744e-01
1.780755519866943359e-01
1.780906617641448975e-01
1.781057715415954590e-01
1.781208664178848267e-01
1.784079968929290771e-01
1.784231066703796387e-01
1.784382313489913940e-01
1.784533411264419556e-01
1.784684658050537109e-01
1.784835755825042725e-01
1.784987002611160278e-01
1.785138249397277832e-01
1.785289347171783447e-01
1.785440593957901001e-01
1.785591691732406616e-01
1.785743087530136108e-01
1.785894334316253662e-01
1.786045432090759277e-01
1.788919568061828613e-01
1.789070814847946167e-01
1.789222210645675659e-01
1.789373457431793213e-01
1.789524555206298828e-01
1.789676249027252197e-01
1.789827346801757812e-01
1.789978742599487305e-01
1.790130138397216797e-01
1.790281236171722412e-01
1.790432929992675781e-01
1.790584325790405273e-01
1.790735423564910889e-01
1.790886819362640381e-01
1.793763786554336548e-01
1.793915033340454102e-01
1.794066578149795532e-01
1.794217824935913086e-01
1.794369667768478394e-01
1.794521212577819824e-01
1.794672608375549316e-01
1.794824004173278809e-01
1.794975250959396362e-01
1.795126944780349731e-01
1.795278638601303101e-01
1.795429885387420654e-01
1.795581579208374023e-01
1.795732975006103516e-01
