3.056714683771133423e-02
3.063532151281833649e-02
3.070399165153503418e-02
3.077317774295806885e-02
3.084286488592624664e-02
3.300763294100761414e-02
3.309280052781105042e-02
3.317853063344955444e-02
3.326480835676193237e-02
3.335165604948997498e-02
3.601881116628646851e-02
3.612274676561355591e-02
3.622730448842048645e-02
3.633248060941696167e-02
3.643828257918357849e-02
3.966196253895759583e-02
3.978674113750457764e-02
3.991220518946647644e-02
4.003836587071418762e-02
4.016521200537681580e-02
4.400791972875595093e-02
4.415590688586235046e-02
4.430465400218963623e-02
4.445417597889900208e-02
4.460448026657104492e-02
