1.260778307914733887e-02
1.261809561401605606e-02
1.262842491269111633e-02
1.263876724988222122e-02
1.264909747987985611e-02
1.265945285558700562e-02
1.266977842897176743e-02
1.268014777451753616e-02
1.269050221890211105e-02
1.270086225122213364e-02
1.271121669560670853e-02
1.272159814834594727e-02
1.273194886744022369e-02
1.274232845753431320e-02
1.275270059704780579e-02
1.276310719549655914e-02
1.277348399162292480e-02
1.278386916965246201e-02
1.279426924884319305e-02
1.280466746538877487e-02
1.281506847590208054e-02
1.282547879964113235e-02
1.283590309321880341e-02
1.284631341695785522e-02
1.285673119127750397e-02
1.286716666072607040e-02
1.287759747356176376e-02
1.288802456110715866e-02
1.294027548283338547e-02
1.295071933418512344e-02
1.296119578182697296e-02
1.297166664153337479e-02
1.298212632536888123e-02
1.299260929226875305e-02
1.300309132784605026e-02
1.301357802003622055e-02
1.302406843751668930e-02
1.303455792367458344e-02
1.304506696760654449e-02
1.305556111037731171e-02
1.306606829166412354e-02
1.307658012956380844e-02
1.308708731085062027e-02
1.309761870652437210e-02
1.310813147574663162e-02
1.311865448951721191e-02
1.312920078635215759e-02
1.313972566276788712e-02
1.315026730298995972e-02
1.316082105040550232e-02
1.317136548459529877e-02
1.318190712481737137e-02
1.319246832281351089e-02
1.320304069668054581e-02
1.321359910070896149e-02
1.322417799383401871e-02
1.327708642929792404e-02
1.328767836093902588e-02
1.329826563596725464e-02
1.330887805670499802e-02
1.331948675215244293e-02
1.333011873066425323e-02
1.334070507436990738e-02
1.335133519023656845e-02
1.336196064949035645e-02
1.337258145213127136e-02
1.338322088122367859e-02
1.339386776089668274e-02
1.340451929718255997e-02
1.341515779495239258e-02
1.342580281198024750e-02
1.343645527958869934e-02
1.344712264835834503e-02
1.345777790993452072e-02
1.346843689680099487e-02
1.347911823540925980e-02
1.348979119211435318e-02
1.350047159940004349e-02
1.351116970181465149e-02
1.352185383439064026e-02
1.353252958506345749e-02
1.354324072599411011e-02
1.355393789708614349e-02
1.356464345008134842e-02
1.361823268234729767e-02
1.362894661724567413e-02
1.363968756049871445e-02
1.365043595433235168e-02
1.366116572171449661e-02
1.367192808538675308e-02
1.368267741054296494e-02
1.369342487305402756e-02
1.370418537408113480e-02
1.371495425701141357e-02
1.372572034597396851e-02
1.373649388551712036e-02
1.374727673828601837e-02
1.375805307179689407e-02
1.376884523779153824e-02
1.377962995320558548e-02
1.379042956978082657e-02
1.380122918635606766e-02
1.381201483309268951e-02
1.382281631231307983e-02
1.383364200592041016e-02
1.384445466101169586e-02
1.385527756065130234e-02
1.386609300971031189e-02
1.387691870331764221e-02
1.388776022940874100e-02
1.389858778566122055e-02
1.390944700688123703e-02
1.396370679140090942e-02
1.397457532584667206e-02
1.398544572293758392e-02
1.399630680680274963e-02
1.400719117373228073e-02
1.401806995272636414e-02
1.402895338833332062e-02
1.403984054923057556e-02
1.405073609203100204e-02
1.406164746731519699e-02
1.407255139201879501e-02
1.408346090465784073e-02
1.409436482936143875e-02
1.410528179258108139e-02
1.411620341241359711e-02
1.412712875753641129e-02
1.413805037736892700e-02
1.414901111274957657e-02
1.415993645787239075e-02
1.417087949812412262e-02
1.418181695044040680e-02
1.419276278465986252e-02
1.420371420681476593e-02
1.421467773616313934e-02
1.422563754022121429e-02
1.423660572618246078e-02
1.424758322536945343e-02
1.425856817513704300e-02
1.431349571794271469e-02
1.432451233267784119e-02
1.433550938963890076e-02
1.434651948511600494e-02
1.435753423720598221e-02
1.436854340136051178e-02
1.437957212328910828e-02
1.439059898257255554e-02
1.440161559730768204e-02
1.441266015172004700e-02
1.442370563745498657e-02
1.443475298583507538e-02
1.444579195231199265e-02
1.445684116333723068e-02
1.446789409965276718e-02
1.447894610464572906e-02
1.449001114815473557e-02
1.450109854340553284e-02
1.451217569410800934e-02
1.452323608100414276e-02
1.453432906419038773e-02
1.454541459679603577e-02
1.455649640411138535e-02
1.456758566200733185e-02
1.457869354635477066e-02
1.458978466689586639e-02
1.460090093314647675e-02
1.461201254278421402e-02
1.466763019561767578e-02
1.467876695096492767e-02
1.468989904969930649e-02
1.470103580504655838e-02
1.471220888197422028e-02
1.472334843128919601e-02
1.473449729382991791e-02
1.474566478282213211e-02
1.475682668387889862e-02
1.476799696683883667e-02
1.477916818112134933e-02
1.479035709053277969e-02
1.480153109878301620e-02
1.481272466480731964e-02
1.482392009347677231e-02
1.483511645346879959e-02
1.484631653875112534e-02
1.485752314329147339e-02
1.486871764063835144e-02
1.487993542104959488e-02
1.489115320146083832e-02
1.490237843245267868e-02
1.491359993815422058e-02
1.492483913898468018e-02
1.493605505675077438e-02
1.494730263948440552e-02
1.495853625237941742e-02
1.496979221701622009e-02
1.502608228474855423e-02
1.503736805170774460e-02
1.504862587898969650e-02
1.505991537123918533e-02
1.507118809968233109e-02
1.508248038589954376e-02
1.509376987814903259e-02
1.510506775230169296e-02
1.511637493968009949e-02
1.512767560780048370e-02
1.513898558914661407e-02
1.515028718858957291e-02
1.516161020845174789e-02
1.517292391508817673e-02
1.518425624817609787e-02
1.519560255110263824e-02
1.520692370831966400e-02
1.521827839314937592e-02
1.522960327565670013e-02
1.524095516651868820e-02
1.525230798870325089e-02
1.526366081088781357e-02
1.527503132820129395e-02
1.528638694435358047e-02
1.529777515679597855e-02
1.530912704765796661e-02
1.532050501555204391e-02
1.533189043402671814e-02
1.538885105401277542e-02
1.540027745068073273e-02
1.541168894618749619e-02
1.542309578508138657e-02
1.543451193720102310e-02
1.544594578444957733e-02
1.545737963169813156e-02
1.546880323439836502e-02
1.548024453222751617e-02
1.549167279154062271e-02
1.550312153995037079e-02
1.551456190645694733e-02
1.552603673189878464e-02
1.553748548030853271e-02
1.554892398416996002e-02
1.556039974093437195e-02
1.557186711579561234e-02
1.558334566652774811e-02
1.559482142329216003e-02
1.560632884502410889e-02
1.561779808253049850e-02
1.562927663326263428e-02
1.564077660441398621e-02
1.565228402614593506e-02
1.566380076110363007e-02
1.567529514431953430e-02
1.568680442869663239e-02
1.569832488894462585e-02
1.575596444308757782e-02
1.576750725507736206e-02
1.577906124293804169e-02
1.579060778021812439e-02
1.580215618014335632e-02
1.581372320652008057e-02
1.582528278231620789e-02
1.583685167133808136e-02
1.584840938448905945e-02
1.586001552641391754e-02
1.587156578898429871e-02
1.588316261768341064e-02
1.589475199580192566e-02
1.590634882450103760e-02
1.591794565320014954e-02
1.592952944338321686e-02
1.594113558530807495e-02
1.595276407897472382e-02
1.596436835825443268e-02
1.597599498927593231e-02
1.598761416971683502e-02
1.599924452602863312e-02
1.601085253059864044e-02
1.602251082658767700e-02
1.603413186967372894e-02
1.604579575359821320e-02
1.605743169784545898e-02
1.606908440589904785e-02
1.612740010023117065e-02
1.613908633589744568e-02
1.615075580775737762e-02
1.616245880722999573e-02
1.617413759231567383e-02
1.618583500385284424e-02
1.619752310216426849e-02
1.620923727750778198e-02
1.622094959020614624e-02
1.623266190290451050e-02
1.624437794089317322e-02
1.625608280301094055e-02
1.626780256628990173e-02
1.627954654395580292e-02
1.629126444458961487e-02
1.630299352109432220e-02
1.631474308669567108e-02
1.632648520171642303e-02
1.633823849260807037e-02
1.634999178349971771e-02
1.636173576116561890e-02
1.637352071702480316e-02
1.638527959585189819e-02
1.639703102409839630e-02
1.640881411731243134e-02
1.642060466110706329e-02
1.643240451812744141e-02
1.644418016076087952e-02
1.650316826999187469e-02
1.651498116552829742e-02
1.652679406106472015e-02
1.653863489627838135e-02
1.655044965445995331e-02
1.656227186322212219e-02
1.657410897314548492e-02
1.658594049513339996e-02
1.659779064357280731e-02
1.660962216556072235e-02
1.662147045135498047e-02
1.663334108889102936e-02
1.664520055055618286e-02
1.665706373751163483e-02
1.666891761124134064e-02
1.668079011142253876e-02
1.669267378747463226e-02
1.670456305146217346e-02
1.671644672751426697e-02
1.672832481563091278e-02
1.674022153019905090e-02
1.675210893154144287e-02
1.676400564610958099e-02
1.677590794861316681e-02
1.678781956434249878e-02
1.679976843297481537e-02
1.681165583431720734e-02
1.682358793914318085e-02
1.688326150178909302e-02
1.689521409571170807e-02
1.690715551376342773e-02
1.691911183297634125e-02
1.693108491599559784e-02
1.694303564727306366e-02
1.695500873029232025e-02
1.696697063744068146e-02
1.697895675897598267e-02
1.699095033109188080e-02
1.700291782617568970e-02
1.701492629945278168e-02
1.702691055834293365e-02
1.703890971839427948e-02
1.705090515315532684e-02
1.706291735172271729e-02
1.707493513822555542e-02
1.708693988621234894e-02
1.709895767271518707e-02
1.711098477244377136e-02
1.712302118539810181e-02
1.713505387306213379e-02
1.714709587395191193e-02
1.715912483632564545e-02
1.717116311192512512e-02
1.718321256339550018e-02
1.719526760280132294e-02
1.720733009278774261e-02
1.726768352091312408e-02
1.727976463735103607e-02
1.729185134172439575e-02
1.730394363403320312e-02
1.731603592634201050e-02
1.732812076807022095e-02
1.734024100005626678e-02
1.735234633088111877e-02
1.736446470022201538e-02
1.737657748162746429e-02
1.738871447741985321e-02
1.740081235766410828e-02
1.741295121610164642e-02
1.742505840957164764e-02
1.743721216917037964e-02
1.744937151670455933e-02
1.746150292456150055e-02
1.747366972267627716e-02
1.748582161962985992e-02
1.749797351658344269e-02
1.751012913882732391e-02
1.752230525016784668e-02
1.753447018563747406e-02
1.754664629697799683e-02
1.755883544683456421e-02
1.757102459669113159e-02
1.758320815861225128e-02
1.759538613259792328e-02
1.765641383826732635e-02
1.766864769160747528e-02
1.768088713288307190e-02
1.769309490919113159e-02
1.770531944930553436e-02
1.771754212677478790e-02
1.772979460656642914e-02
1.774204708635807037e-02
1.775427907705307007e-02
1.776651665568351746e-02
1.777878962457180023e-02
1.779105328023433685e-02
1.780331507325172424e-02
1.781558990478515625e-02
1.782785914838314056e-02
1.784014515578746796e-02
1.785239949822425842e-02
1.786470226943492889e-02
1.787700876593589783e-02
1.788928359746932983e-02
1.790157891809940338e-02
1.791386678814888000e-02
1.792621053755283356e-02
1.793850585818290710e-02
1.795082539319992065e-02
1.796314120292663574e-02
1.797546260058879852e-02
1.798777841031551361e-02
1.804948970675468445e-02
1.806184835731983185e-02
1.807423122227191925e-02
1.808658242225646973e-02
1.809894107282161713e-02
1.811130717396736145e-02
1.812367886304855347e-02
1.813604682683944702e-02
1.814845763146877289e-02
1.816082559525966644e-02
1.817322149872779846e-02
1.818561367690563202e-02
1.819801889359951019e-02
1.821040734648704529e-02
1.822283305227756500e-02
1.823523081839084625e-02
1.824764348566532135e-02
1.826008222997188568e-02
1.827250421047210693e-02
1.828493736684322357e-02
1.829736866056919098e-02
1.830981113016605377e-02
1.832224987447261810e-02
1.833467744290828705e-02
1.834713108837604523e-02
1.835960336029529572e-02
1.837205886840820312e-02
1.838450692594051361e-02
1.844689436256885529e-02
1.845937967300415039e-02
1.847186870872974396e-02
1.848437078297138214e-02
1.849686913192272186e-02
1.850939169526100159e-02
1.852187886834144592e-02
1.853441260755062103e-02
1.854691654443740845e-02
1.855944283306598663e-02
1.857195422053337097e-02
1.858448237180709839e-02
1.859704591333866119e-02
1.860958524048328400e-02
1.862213388085365295e-02
1.863466762006282806e-02
1.864722743630409241e-02
1.865976862609386444e-02
1.867232471704483032e-02
1.868489570915699005e-02
1.869746856391429901e-02
1.871004700660705566e-02
1.872263289988040924e-02
1.873520389199256897e-02
1.874779723584651947e-02
1.876038126647472382e-02
1.877296343445777893e-02
1.878555491566658020e-02
1.884860172867774963e-02
1.886123046278953552e-02
1.887387596070766449e-02
1.888651214540004730e-02
1.889915764331817627e-02
1.891178265213966370e-02
1.892441324889659882e-02
1.893707923591136932e-02
1.894972845911979675e-02
1.896239072084426880e-02
1.897505484521389008e-02
1.898771710693836212e-02
1.900039240717887878e-02
1.901306398212909698e-02
1.902574673295021057e-02
1.903842762112617493e-02
1.905109733343124390e-02
1.906378567218780518e-02
1.907648704946041107e-02
1.908921636641025543e-02
1.910191401839256287e-02
1.911461725831031799e-02
1.912731491029262543e-02
1.914002932608127594e-02
1.915277540683746338e-02
1.916548795998096466e-02
1.917821913957595825e-02
1.919094473123550415e-02
1.925466395914554596e-02
1.926741562783718109e-02
1.928020827472209930e-02
1.929297298192977905e-02
1.930575072765350342e-02
1.931852288544178009e-02
1.933129504323005676e-02
1.934408955276012421e-02
1.935686916112899780e-02
1.936965063214302063e-02
1.938245631754398346e-02
1.939526759088039398e-02
1.940806582570075989e-02
1.942088454961776733e-02
1.943368278443813324e-02
1.944651827216148376e-02
1.945932395756244659e-02
1.947216875851154327e-02
1.948498375713825226e-02
1.949780248105525970e-02
1.951066032052040100e-02
1.952349953353404999e-02
1.953634433448314667e-02
1.954920217394828796e-02
1.956205442547798157e-02
1.957491971552371979e-02
1.958779804408550262e-02
1.960064657032489777e-02
1.966505870223045349e-02
1.967795006930828094e-02
1.969085261225700378e-02
1.970378123223781586e-02
1.971666514873504639e-02
1.972959376871585846e-02
1.974247954785823822e-02
1.975540816783905029e-02
1.976830512285232544e-02
1.978124119341373444e-02
1.979423314332962036e-02
1.980714127421379089e-02
1.982005871832370758e-02
1.983299851417541504e-02
1.984595693647861481e-02
1.985891722142696381e-02
1.987188681960105896e-02
1.988483779132366180e-02
1.989779621362686157e-02
1.991077512502670288e-02
1.992374286055564880e-02
1.993673108518123627e-02
1.994970999658107758e-02
1.996268890798091888e-02
1.997566968202590942e-02
1.998867839574813843e-02
2.000169642269611359e-02
2.001468464732170105e-02
2.007976360619068146e-02
2.009279094636440277e-02
2.010582014918327332e-02
2.011887170374393463e-02
2.013188973069190979e-02
2.014496549963951111e-02
2.015800960361957550e-02
2.017106115818023682e-02
2.018412575125694275e-02
2.019717544317245483e-02
2.021024934947490692e-02
2.022332511842250824e-02
2.023639902472496033e-02
2.024947479367256165e-02
2.026254683732986450e-02
2.027565427124500275e-02
2.028875239193439484e-02
2.030184492468833923e-02
2.031493186950683594e-02
2.032806351780891418e-02
2.034115605056285858e-02
2.035427466034889221e-02
2.036739885807037354e-02
2.038051001727581024e-02
2.039364911615848541e-02
2.040677703917026520e-02
2.041990868747234344e-02
2.043306641280651093e-02
2.049882151186466217e-02
2.051197923719882965e-02
2.052514441311359406e-02
2.053830213844776154e-02
2.055148780345916748e-02
2.056467533111572266e-02
2.057787962257862091e-02
2.059103921055793762e-02
2.060424350202083588e-02
2.061744779348373413e-02
2.063062414526939392e-02
2.064385823905467987e-02
2.065704576671123505e-02
2.067027799785137177e-02
2.068348973989486694e-02
2.069672383368015289e-02
2.070995606482028961e-02
2.072316780686378479e-02
2.073642238974571228e-02
2.074963971972465515e-02
2.076289802789688110e-02
2.077614329755306244e-02
2.078941464424133301e-02
2.080266922712326050e-02
2.081591449677944183e-02
2.082918584346771240e-02
2.084245346486568451e-02
2.085573226213455200e-02
2.092218212783336639e-02
2.093547023832798004e-02
2.094877138733863831e-02
2.096205390989780426e-02
2.097537182271480560e-02
2.098870277404785156e-02
2.100204117596149445e-02
2.101535908877849579e-02
2.102867700159549713e-02
2.104202471673488617e-02
2.105535939335823059e-02
2.106871828436851501e-02
2.108204923570156097e-02
2.109539508819580078e-02
2.110873535275459290e-02
2.112210355699062347e-02
2.113549411296844482e-02
2.114884927868843079e-02
2.116221748292446136e-02
2.117558941245079041e-02
2.118896692991256714e-02
2.120235562324523926e-02
2.121574059128761292e-02
2.122913859784603119e-02
2.124253287911415100e-02
2.125594019889831543e-02
2.126935496926307678e-02
2.128275670111179352e-02
2.134984731674194336e-02
2.136331424117088318e-02
2.137673646211624146e-02
2.139019779860973358e-02
2.140362933278083801e-02
2.141708321869373322e-02
2.143054455518722534e-02
2.144397981464862823e-02
2.145746350288391113e-02
2.147091552615165710e-02
2.148439362645149231e-02
2.149785496294498444e-02
2.151135355234146118e-02
2.152485027909278870e-02
2.153833210468292236e-02
2.155183628201484680e-02
2.156532742083072662e-02
2.157884836196899414e-02
2.159233018755912781e-02
2.160585857927799225e-02
2.161933667957782745e-02
2.163287810981273651e-02
2.164642512798309326e-02
2.165993675589561462e-02
2.167347818613052368e-02
2.168699912726879120e-02
2.170055732131004333e-02
2.171407639980316162e-02
2.178189717233181000e-02
2.179544977843761444e-02
2.180903404951095581e-02
2.182259596884250641e-02
2.183616347610950470e-02
2.184976451098918915e-02
2.186336182057857513e-02
2.187696285545825958e-02
2.189057134091854095e-02
2.190416865050792694e-02
2.191778644919395447e-02
2.193139120936393738e-02
2.194499596953392029e-02
2.195862121880054474e-02
2.197224460542201996e-02
2.198586985468864441e-02
2.199950814247131348e-02
2.201314270496368408e-02
2.202677726745605469e-02
2.204044349491596222e-02
2.205407619476318359e-02
2.206774614751338959e-02
2.208141051232814789e-02
2.209506183862686157e-02
2.210871130228042603e-02
2.212240174412727356e-02
2.213607914745807648e-02
2.214977703988552094e-02
2.221822552382946014e-02
2.223193645477294922e-02
2.224564179778099060e-02
2.225933969020843506e-02
2.227307669818401337e-02
2.228680439293384552e-02
2.230051346123218536e-02
2.231428213417530060e-02
2.232797257602214813e-02
2.234171703457832336e-02
2.235544472932815552e-02
2.236922457814216614e-02
2.238297276198863983e-02
2.239672094583511353e-02
2.241050079464912415e-02
2.242426201701164246e-02
2.243801392614841461e-02
2.245179191231727600e-02
2.246557921171188354e-02
2.247934415936470032e-02
2.249313518404960632e-02
2.250694483518600464e-02
2.252072282135486603e-02
2.253455296158790588e-02
2.254829928278923035e-02
2.256213687360286713e-02
2.257595397531986237e-02
2.258975245058536530e-02
2.265890687704086304e-02
2.267275378108024597e-02
2.268660441040992737e-02
2.270041406154632568e-02
2.271427772939205170e-02
2.272816188633441925e-02
2.274199947714805603e-02
2.275588363409042358e-02
2.276972867548465729e-02
2.278361283242702484e-02
2.279749698936939240e-02
2.281139418482780457e-02
2.282526530325412750e-02
2.283916249871253967e-02
2.285304106771945953e-02
2.286695875227451324e-02
2.288085967302322388e-02
2.289476431906223297e-02
2.290870621800422668e-02
2.292258292436599731e-02
2.293650060892105103e-02
2.295044437050819397e-02
2.296435646712779999e-02
2.297832258045673370e-02
2.299224026501178741e-02
2.300616540014743805e-02
2.302010729908943176e-02
2.303408645093441010e-02
2.310388162732124329e-02
2.311787568032741547e-02
2.313184738159179688e-02
2.314582839608192444e-02
2.315982244908809662e-02
2.317382581532001495e-02
2.318782918155193329e-02
2.320182695984840393e-02
2.321582846343517303e-02
2.322982996702194214e-02
2.324385382235050201e-02
2.325787395238876343e-02
2.327187918126583099e-02
2.328591048717498779e-02
2.329992875456809998e-02
2.331397868692874908e-02
2.332800626754760742e-02
2.334206365048885345e-02
2.335610799491405487e-02
2.337015792727470398e-02
2.338421903550624847e-02
2.339827641844749451e-02
2.341235987842082977e-02
2.342642471194267273e-02
2.344048023223876953e-02
2.345455437898635864e-02
2.346862852573394775e-02
2.348273433744907379e-02
