-2.585165023803710938e+00
-2.600562095642089844e+00
-2.615957975387573242e+00
-2.631355524063110352e+00
-2.646751403808593750e+00
-2.662148714065551758e+00
-2.677545785903930664e+00
-2.692942380905151367e+00
-2.708338737487792969e+00
-2.723736286163330078e+00
-3.077861070632934570e+00
-3.093258142471313477e+00
-3.108654022216796875e+00
-3.124050617218017578e+00
-3.139447212219238281e+00
-3.154844999313354492e+00
-3.170241355895996094e+00
-3.185637950897216797e+00
-3.201034784317016602e+00
-3.216431856155395508e+00
-3.570556879043579102e+00
-3.585953235626220703e+00
-3.601350545883178711e+00
-3.616746425628662109e+00
-3.632143974304199219e+00
-3.647539138793945312e+00
-3.662936925888061523e+00
-3.678334474563598633e+00
-3.693731069564819336e+00
-3.709127187728881836e+00
-4.063252449035644531e+00
-4.078649997711181641e+00
-4.094046115875244141e+00
-4.109442710876464844e+00
-4.124838829040527344e+00
-4.140236377716064453e+00
-4.155632495880126953e+00
-4.171030044555664062e+00
-4.186425209045410156e+00
-4.201822757720947266e+00
-4.555949211120605469e+00
-4.571344852447509766e+00
-4.586741924285888672e+00
-4.602138996124267578e+00
-4.617535114288330078e+00
-4.632931709289550781e+00
-4.648330211639404297e+00
-4.663725852966308594e+00
-4.679122447967529297e+00
-4.694519042968750000e+00
-5.048645973205566406e+00
-5.064041614532470703e+00
-5.079438686370849609e+00
-5.094835281372070312e+00
-5.110230922698974609e+00
-5.125627994537353516e+00
-5.141025543212890625e+00
-5.156420230865478516e+00
-5.171818733215332031e+00
-5.187214374542236328e+00
-5.541339874267578125e+00
-5.556736946105957031e+00
-5.572133541107177734e+00
-5.587530612945556641e+00
-5.602925777435302734e+00
-5.618324279785156250e+00
-5.633720397949218750e+00
-5.649116516113281250e+00
-5.664514064788818359e+00
-5.679911613464355469e+00
-6.034037113189697266e+00
-6.049433231353759766e+00
-6.064829349517822266e+00
-6.080227851867675781e+00
-6.095623493194580078e+00
-6.111018657684326172e+00
-6.126415729522705078e+00
-6.141813755035400391e+00
-6.157209396362304688e+00
-6.172607421875000000e+00
-6.526731014251708984e+00
-6.542128562927246094e+00
-6.557525634765625000e+00
-6.572921752929687500e+00
-6.588319301605224609e+00
-6.603715896606445312e+00
-6.619112014770507812e+00
-6.634509563446044922e+00
-6.649905681610107422e+00
-6.665300846099853516e+00
-7.019428730010986328e+00
-7.034824371337890625e+00
-7.050222873687744141e+00
-7.065616607666015625e+00
-7.081014633178710938e+00
-7.096413135528564453e+00
-7.111806869506835938e+00
-7.127203941345214844e+00
-7.142599105834960938e+00
-7.157998085021972656e+00
