1.496732532978057861e-01
1.495505422353744507e-01
1.494276821613311768e-01
1.493047922849655151e-01
1.491818577051162720e-01
1.490588337182998657e-01
1.489357352256774902e-01
1.488126218318939209e-01
1.486893743276596069e-01
1.485661566257476807e-01
1.457133591175079346e-01
1.455886363983154297e-01
1.454637795686721802e-01
1.453388482332229614e-01
1.452139019966125488e-01
1.450888961553573608e-01
1.449638158082962036e-01
1.448386162519454956e-01
1.447134613990783691e-01
1.445880979299545288e-01
1.416902691125869751e-01
1.415635943412780762e-01
1.414368450641632080e-01
1.413099914789199829e-01
1.411830484867095947e-01
1.410561800003051758e-01
1.409291774034500122e-01
1.408021301031112671e-01
1.406750231981277466e-01
1.405478268861770630e-01
1.376069784164428711e-01
1.374783813953399658e-01
1.373497992753982544e-01
1.372211873531341553e-01
1.370924115180969238e-01
1.369636654853820801e-01
1.368348151445388794e-01
1.367059350013732910e-01
1.365769952535629272e-01
1.364479959011077881e-01
1.334662884473800659e-01
1.333360671997070312e-01
1.332057118415832520e-01
1.330753266811370850e-01
1.329448670148849487e-01
1.328144222497940063e-01
1.326838433742523193e-01
1.325532495975494385e-01
1.324226111173629761e-01
1.322919279336929321e-01
1.292715817689895630e-01
1.291396468877792358e-01
1.290076822042465210e-01
1.288756430149078369e-01
1.287436038255691528e-01
1.286114454269409180e-01
1.284792870283126831e-01
1.283470541238784790e-01
1.282147467136383057e-01
1.280824691057205200e-01
1.250259280204772949e-01
1.248924210667610168e-01
1.247589588165283203e-01
1.246253624558448792e-01
1.244917884469032288e-01
1.243581399321556091e-01
1.242244318127632141e-01
1.240907236933708191e-01
1.239569336175918579e-01
1.238231211900711060e-01
1.207326725125312805e-01
1.205977797508239746e-01
1.204628199338912964e-01
1.203278750181198120e-01
1.201927959918975830e-01
1.200577393174171448e-01
1.199226751923561096e-01
1.197875067591667175e-01
1.196522936224937439e-01
1.195170953869819641e-01
1.163951456546783447e-01
1.162590384483337402e-01
1.161227300763130188e-01
1.159863844513893127e-01
1.158500611782073975e-01
1.157136261463165283e-01
1.155772805213928223e-01
1.154408380389213562e-01
1.153042912483215332e-01
1.151677966117858887e-01
1.120169758796691895e-01
1.118795573711395264e-01
1.117420494556427002e-01
1.116045489907264709e-01
1.114670187234878540e-01
1.113294064998626709e-01
1.111918240785598755e-01
1.110541224479675293e-01
1.109164282679557800e-01
1.107787787914276123e-01
