1.586177498102188110e-01
1.585359722375869751e-01
1.584542393684387207e-01
1.583724915981292725e-01
1.582907736301422119e-01
1.582090854644775391e-01
1.581273972988128662e-01
1.580457240343093872e-01
1.579640507698059082e-01
1.578824222087860107e-01
1.578007936477661133e-01
1.577191650867462158e-01
1.576375663280487061e-01
1.575559973716735840e-01
1.574744135141372681e-01
1.573928594589233398e-01
1.573113352060317993e-01
1.572297811508178711e-01
1.571482867002487183e-01
1.570667773485183716e-01
1.569852977991104126e-01
1.569038182497024536e-01
1.568223685026168823e-01
1.567409187555313110e-01
1.566595137119293213e-01
1.565780937671661377e-01
1.564966887235641479e-01
1.564153134822845459e-01
1.560086011886596680e-01
1.559273302555084229e-01
1.558460295200347900e-01
1.557647883892059326e-01
1.556835174560546875e-01
1.556022614240646362e-01
1.555210500955581665e-01
1.554398536682128906e-01
1.553586572408676147e-01
1.552775055170059204e-01
1.551963090896606445e-01
1.551151722669601440e-01
1.550340205430984497e-01
1.549529135227203369e-01
1.548717916011810303e-01
1.547907143831253052e-01
1.547096371650695801e-01
1.546285748481750488e-01
1.545474976301193237e-01
1.544664949178695679e-01
1.543854773044586182e-01
1.543044447898864746e-01
1.542234569787979126e-01
1.541424989700317383e-01
1.540615409612655640e-01
1.539805829524993896e-01
1.538996547460556030e-01
1.538187414407730103e-01
1.534143537282943726e-01
1.533335298299789429e-01
1.532527059316635132e-01
1.531718969345092773e-01
1.530911475419998169e-01
1.530103385448455811e-01
1.529295891523361206e-01
1.528488248586654663e-01
1.527681201696395874e-01
1.526874005794525146e-01
1.526066809892654419e-01
1.525260061025619507e-01
1.524453461170196533e-01
1.523646712303161621e-01
1.522840410470962524e-01
1.522034108638763428e-01
1.521227806806564331e-01
1.520421952009201050e-01
1.519616246223449707e-01
1.518810540437698364e-01
1.518004834651947021e-01
1.517199575901031494e-01
1.516394019126892090e-01
1.515589058399200439e-01
1.514784097671508789e-01
1.513979285955429077e-01
1.513174623250961304e-01
1.512370109558105469e-01
1.508349478244781494e-01
1.507545709609985352e-01
1.506742238998413086e-01
1.505938768386840820e-01
1.505135744810104370e-01
1.504332721233367920e-01
1.503529548645019531e-01
1.502726972103118896e-01
1.501924097537994385e-01
1.501121371984481812e-01
1.500319093465805054e-01
1.499517112970352173e-01
1.498714983463287354e-01
1.497913151979446411e-01
1.497111171483993530e-01
1.496309638023376465e-01
1.495507955551147461e-01
1.494706869125366211e-01
1.493905484676361084e-01
1.493104547262191772e-01
1.492303460836410522e-01
1.491502821445465088e-01
1.490702182054519653e-01
1.489901542663574219e-01
1.489101350307464600e-01
1.488301157951354980e-01
1.487500816583633423e-01
1.486700922250747681e-01
1.482703834772109985e-01
1.481904983520507812e-01
1.481105834245681763e-01
1.480306982994079590e-01
1.479508429765701294e-01
1.478710174560546875e-01
1.477911770343780518e-01
1.477113664150238037e-01
1.476315706968307495e-01
1.475517898797988892e-01
1.474719643592834473e-01
1.473922133445739746e-01
1.473124772310256958e-01
1.472327709197998047e-01
1.471530646085739136e-01
1.470733284950256348e-01
1.469936519861221313e-01
1.469139903783798218e-01
1.468343287706375122e-01
1.467546820640563965e-01
1.466750651597976685e-01
1.465954482555389404e-01
1.465158611536026001e-01
1.464362442493438721e-01
1.463566720485687256e-01
1.462771296501159668e-01
1.461976021528244019e-01
1.461180448532104492e-01
1.457206457853317261e-01
1.456411927938461304e-01
1.455617696046829224e-01
1.454823613166809082e-01
1.454029828310012817e-01
1.453236043453216553e-01
1.452442258596420288e-01
1.451648622751235962e-01
1.450855284929275513e-01
1.450062096118927002e-01
1.449268907308578491e-01
1.448476016521453857e-01
1.447682976722717285e-01
1.446890234947204590e-01
1.446098089218139648e-01
1.445305496454238892e-01
1.444513499736785889e-01
1.443721354007720947e-01
1.442929506301879883e-01
1.442137360572814941e-01
1.441345959901809692e-01
1.440554559230804443e-01
1.439763307571411133e-01
1.438971608877182007e-01
1.438180953264236450e-01
1.437389701604843140e-01
1.436599195003509521e-01
1.435808390378952026e-01
1.431857496500015259e-01
1.431067585945129395e-01
1.430278122425079346e-01
1.429488658905029297e-01
1.428699195384979248e-01
1.427910029888153076e-01
1.427121013402938843e-01
1.426332294940948486e-01
1.425543576478958130e-01
1.424755007028579712e-01
1.423966288566589355e-01
1.423178166151046753e-01
1.422389894723892212e-01
1.421602070331573486e-01
1.420814096927642822e-01
1.420026272535324097e-01
1.419238746166229248e-01
1.418451070785522461e-01
1.417663693428039551e-01
1.416876465082168579e-01
1.416089534759521484e-01
1.415302902460098267e-01
1.414516121149063110e-01
1.413729339838027954e-01
1.412943005561828613e-01
1.412156820297241211e-01
1.411370784044265747e-01
1.410584598779678345e-01
1.406656652688980103e-01
1.405871659517288208e-01
1.405086517333984375e-01
1.404301673173904419e-01
1.403517127037048340e-01
1.402732431888580322e-01
1.401948183774948120e-01
1.401163935661315918e-01
1.400379836559295654e-01
1.399595886468887329e-01
1.398812234401702881e-01
1.398028284311294556e-01
1.397244781255722046e-01
1.396461278200149536e-01
1.395677775144577026e-01
1.394895166158676147e-01
1.394111812114715576e-01
1.393329054117202759e-01
1.392546445131301880e-01
1.391763836145401001e-01
1.390981376171112061e-01
1.390199214220046997e-01
1.389417201280593872e-01
1.388635337352752686e-01
1.387853324413299561e-01
1.387071758508682251e-01
1.386290639638900757e-01
1.385508924722671509e-01
1.381604075431823730e-01
1.380823403596878052e-01
1.380043327808380127e-01
1.379263103008270264e-01
1.378483027219772339e-01
1.377703249454498291e-01
1.376923322677612305e-01
1.376143842935562134e-01
1.375364214181900024e-01
1.374584883451461792e-01
1.373805701732635498e-01
1.373026371002197266e-01
1.372247636318206787e-01
1.371468901634216309e-01
1.370690166950225830e-01
1.369911581277847290e-01
1.369133740663528442e-01
1.368355154991149902e-01
1.367577314376831055e-01
1.366799622774124146e-01
1.366021484136581421e-01
1.365243792533874512e-01
1.364466249942779541e-01
1.363689154386520386e-01
1.362911760807037354e-01
1.362135112285614014e-01
1.361358016729354858e-01
1.360581219196319580e-01
1.356699913740158081e-01
1.355923861265182495e-01
1.355148106813430786e-01
1.354372650384902954e-01
1.353596746921539307e-01
1.352821886539459229e-01
1.352046430110931396e-01
1.351271718740463257e-01
1.350496709346771240e-01
1.349722146987915039e-01
1.348947584629058838e-01
1.348173022270202637e-01
1.347399055957794189e-01
1.346624791622161865e-01
1.345850378274917603e-01
1.345076709985733032e-01
1.344302892684936523e-01
1.343529522418975830e-01
1.342756003141403198e-01
1.341982930898666382e-01
1.341209709644317627e-01
1.340436488389968872e-01
1.339663714170455933e-01
1.338891237974166870e-01
1.338118314743041992e-01
1.337346434593200684e-01
1.336573809385299683e-01
1.335802078247070312e-01
1.331943571567535400e-01
1.331172138452529907e-01
1.330400854349136353e-01
1.329630166292190552e-01
1.328859180212020874e-01
1.328088641166687012e-01
1.327317953109741211e-01
1.326547563076019287e-01
1.325777173042297363e-01
1.325007081031799316e-01
1.324237287044525146e-01
1.323467344045639038e-01
1.322697848081588745e-01
1.321928203105926514e-01
1.321158856153488159e-01
1.320389807224273682e-01
1.319620609283447266e-01
1.318851858377456665e-01
1.318083107471466064e-01
1.317314058542251587e-01
1.316545903682708740e-01
1.315777450799942017e-01
1.315008848905563354e-01
1.314240992069244385e-01
1.313473135232925415e-01
1.312705576419830322e-01
1.311937868595123291e-01
1.311169862747192383e-01
1.307335197925567627e-01
1.306568682193756104e-01
1.305801868438720703e-01
1.305035352706909180e-01
1.304269284009933472e-01
1.303503215312957764e-01
1.302737146615982056e-01
1.301971226930618286e-01
1.301205754280090332e-01
1.300440281629562378e-01
1.299675107002258301e-01
1.298909634351730347e-01
1.298145204782485962e-01
1.297380030155181885e-01
1.296615302562713623e-01
1.295850425958633423e-01
1.295085847377777100e-01
1.294321566820144653e-01
1.293557733297348022e-01
1.292793601751327515e-01
1.292029470205307007e-01
1.291265934705734253e-01
1.290502548217773438e-01
1.289739310741424561e-01
1.288975626230239868e-01
1.288212090730667114e-01
1.287449300289154053e-01
1.286686509847640991e-01
1.282874345779418945e-01
1.282112300395965576e-01
1.281350702047348022e-01
1.280588954687118530e-01
1.279827207326889038e-01
1.279065907001495361e-01
1.278304606676101685e-01
1.277543306350708008e-01
1.276782155036926270e-01
1.276021450757980347e-01
1.275260895490646362e-01
1.274500042200088501e-01
1.273739635944366455e-01
1.272979378700256348e-01
1.272219270467758179e-01
1.271459460258483887e-01
1.270699650049209595e-01
1.269939839839935303e-01
1.269180029630661011e-01
1.268420964479446411e-01
1.267661452293395996e-01
1.266902387142181396e-01
1.266143321990966797e-01
1.265384554862976074e-01
1.264626085758209229e-01
1.263867318630218506e-01
1.263108849525451660e-01
1.262350529432296753e-01
1.258561760187149048e-01
1.257804036140441895e-01
1.257046610116958618e-01
1.256289631128311157e-01
1.255532950162887573e-01
1.254775971174240112e-01
1.254019439220428467e-01
1.253262609243392944e-01
1.252506673336029053e-01
1.251750439405441284e-01
1.250994503498077393e-01
1.250238269567489624e-01
1.249482557177543640e-01
1.248726919293403625e-01
1.247971430420875549e-01
1.247215941548347473e-01
1.246460601687431335e-01
1.245705336332321167e-01
1.244950369000434875e-01
1.244195699691772461e-01
1.243440955877304077e-01
1.242686733603477478e-01
1.241931989789009094e-01
1.241178140044212341e-01
1.240423843264579773e-01
1.239669695496559143e-01
1.238916367292404175e-01
1.238162294030189514e-01
1.234396398067474365e-01
1.233643889427185059e-01
1.232891231775283813e-01
1.232138499617576599e-01
1.231386363506317139e-01
1.230634003877639771e-01
1.229882240295410156e-01
1.229130178689956665e-01
1.228378713130950928e-01
1.227626875042915344e-01
1.226875111460685730e-01
1.226123869419097900e-01
1.225372478365898132e-01
1.224621608853340149e-01
1.223870664834976196e-01
1.223119869828224182e-01
1.222369596362113953e-01
1.221618950366973877e-01
1.220868825912475586e-01
1.220118105411529541e-01
1.219368651509284973e-01
1.218619048595428467e-01
1.217869073152542114e-01
1.217119470238685608e-01
1.216370016336441040e-01
1.215620413422584534e-01
1.214871183037757874e-01
1.214121878147125244e-01
1.210379004478454590e-01
1.209631338715553284e-01
1.208883002400398254e-01
1.208134964108467102e-01
1.207387745380401611e-01
1.206639781594276428e-01
1.205891892313957214e-01
1.205145195126533508e-01
1.204397380352020264e-01
1.203650608658790588e-01
1.202904060482978821e-01
1.202157065272331238e-01
1.201410442590713501e-01
1.200664043426513672e-01
1.199918240308761597e-01
1.199171841144561768e-01
1.198426112532615662e-01
1.197680011391639709e-01
1.196934133768081665e-01
1.196188628673553467e-01
1.195443496108055115e-01
1.194697692990303040e-01
1.193952634930610657e-01
1.193207874894142151e-01
1.192463114857673645e-01
1.191717982292175293e-01
1.190973669290542603e-01
1.190229281783103943e-01
1.186508908867835999e-01
1.185766160488128662e-01
1.185021996498107910e-01
1.184279397130012512e-01
1.183535903692245483e-01
1.182793155312538147e-01
1.182050332427024841e-01
1.181307286024093628e-01
1.180564761161804199e-01
1.179822236299514771e-01
1.179080009460449219e-01
1.178338229656219482e-01
1.177596002817153931e-01
1.176854074001312256e-01
1.176112815737724304e-01
1.175371184945106506e-01
1.174629926681518555e-01
1.173888221383094788e-01
1.173147112131118774e-01
1.172406375408172607e-01
1.171665042638778687e-01
1.170924827456474304e-01
1.170184314250946045e-01
1.169443726539611816e-01
1.168703585863113403e-01
1.167963817715644836e-01
1.167223677039146423e-01
1.166484430432319641e-01
1.162786632776260376e-01
1.162047758698463440e-01
1.161309406161308289e-01
1.160570606589317322e-01
1.159832179546356201e-01
1.159093827009201050e-01
1.158355697989463806e-01
1.157617494463920593e-01
1.156880035996437073e-01
1.156141534447669983e-01
1.155404448509216309e-01
1.154666095972061157e-01
1.153929233551025391e-01
1.153191551566123962e-01
1.152454614639282227e-01
1.151717454195022583e-01
1.150980815291404724e-01
1.150244697928428650e-01
1.149507835507392883e-01
1.148771718144416809e-01
1.148034855723381042e-01
1.147299483418464661e-01
1.146563366055488586e-01
1.145827770233154297e-01
1.145091727375984192e-01
1.144356578588485718e-01
1.143621206283569336e-01
1.142886132001876831e-01
1.139211654663085938e-01
1.138477399945259094e-01
1.137743517756462097e-01
1.137009337544441223e-01
1.136275231838226318e-01
1.135541796684265137e-01
1.134807765483856201e-01
1.134074404835700989e-01
1.133341044187545776e-01
1.132608056068420410e-01
1.131874918937683105e-01
1.131142228841781616e-01
1.130409315228462219e-01
1.129676848649978638e-01
1.128944084048271179e-01
1.128211542963981628e-01
1.127479448914527893e-01
1.126747652888298035e-01
1.126015484333038330e-01
1.125284060835838318e-01
1.124552562832832336e-01
1.123821139335632324e-01
1.123089864850044250e-01
1.122358515858650208e-01
1.121627315878868103e-01
1.120896562933921814e-01
1.120165884494781494e-01
1.119434982538223267e-01
1.115784123539924622e-01
1.115054860711097717e-01
1.114324778318405151e-01
1.113595515489578247e-01
1.112866476178169250e-01
1.112136915326118469e-01
1.111407950520515442e-01
1.110679432749748230e-01
1.109950542449951172e-01
1.109222024679183960e-01
1.108493432402610779e-01
1.107765585184097290e-01
1.107037067413330078e-01
1.106309071183204651e-01
1.105581298470497131e-01
1.104853674769401550e-01
1.104125678539276123e-01
1.103398352861404419e-01
1.102670729160308838e-01
1.101943925023078918e-01
1.101216524839401245e-01
1.100489795207977295e-01
1.099763214588165283e-01
1.099036633968353271e-01
1.098310574889183044e-01
1.097583547234535217e-01
1.096857786178588867e-01
1.096131727099418640e-01
1.092503815889358521e-01
1.091778948903083801e-01
1.091053560376167297e-01
1.090328842401504517e-01
1.089604347944259644e-01
1.088879257440567017e-01
1.088154986500740051e-01
1.087430566549301147e-01
1.086706519126892090e-01
1.085982620716094971e-01
1.085258722305297852e-01
1.084534600377082825e-01
1.083811521530151367e-01
1.083088070154190063e-01
1.082364320755004883e-01
1.081641614437103271e-01
1.080918833613395691e-01
1.080195829272270203e-01
1.079473048448562622e-01
1.078751087188720703e-01
1.078028082847595215e-01
1.077305749058723450e-01
1.076583787798881531e-01
1.075861901044845581e-01
1.075139790773391724e-01
1.074418574571609497e-01
1.073696687817573547e-01
1.072975620627403259e-01
1.069370359182357788e-01
1.068649515509605408e-01
1.067929789423942566e-01
1.067209318280220032e-01
1.066488996148109436e-01
1.065768972039222717e-01
1.065049245953559875e-01
1.064329892396926880e-01
1.063610091805458069e-01
1.062890887260437012e-01
1.062172278761863708e-01
1.061452552676200867e-01
1.060733795166015625e-01
1.060014739632606506e-01
1.059295609593391418e-01
1.058577448129653931e-01
1.057859286665916443e-01
1.057140678167343140e-01
1.056422442197799683e-01
1.055704653263092041e-01
1.054986715316772461e-01
1.054269224405288696e-01
1.053552031517028809e-01
1.052834242582321167e-01
1.052117198705673218e-01
1.051400005817413330e-01
1.050682589411735535e-01
1.049966216087341309e-01
1.046383827924728394e-01
1.045667529106140137e-01
1.044952571392059326e-01
1.044237092137336731e-01
1.043521016836166382e-01
1.042805761098861694e-01
1.042090579867362976e-01
1.041375473141670227e-01
1.040660440921783447e-01
1.039946079254150391e-01
1.039230450987815857e-01
1.038516089320182800e-01
1.037801951169967651e-01
1.037087514996528625e-01
1.036373525857925415e-01
1.035659834742546082e-01
1.034945696592330933e-01
1.034231930971145630e-01
1.033518388867378235e-01
1.032805219292640686e-01
1.032092124223709106e-01
1.031379103660583496e-01
1.030666455626487732e-01
1.029953211545944214e-01
1.029241085052490234e-01
1.028528064489364624e-01
1.027816385030746460e-01
1.027103811502456665e-01
1.023545041680335999e-01
1.022832989692687988e-01
1.022122055292129517e-01
1.021411567926406860e-01
1.020700037479400635e-01
1.019989103078842163e-01
1.019278168678283691e-01
1.018568128347396851e-01
1.017857640981674194e-01
1.017147600650787354e-01
1.016437411308288574e-01
1.015727072954177856e-01
1.015017628669738770e-01
1.014308407902717590e-01
1.013598963618278503e-01
1.012889891862869263e-01
1.012180224061012268e-01
1.011470481753349304e-01
1.010762304067611694e-01
1.010053455829620361e-01
1.009344831109046936e-01
1.008636280894279480e-01
1.007927730679512024e-01
1.007219776511192322e-01
1.006511747837066650e-01
1.005803421139717102e-01
1.005095839500427246e-01
1.004387959837913513e-01
1.000852063298225403e-01
1.000145152211189270e-01
9.994379431009292603e-02
9.987314790487289429e-02
9.980254620313644409e-02
9.973195195198059082e-02
9.966138005256652832e-02
9.959074854850769043e-02
9.952020645141601562e-02
9.944962710142135620e-02
9.937902539968490601e-02
9.930852800607681274e-02
9.923800826072692871e-02
9.916744381189346313e-02
9.909704327583312988e-02
9.902648627758026123e-02
9.895610064268112183e-02
9.888556599617004395e-02
9.881517291069030762e-02
9.874475002288818359e-02
9.867434948682785034e-02
9.860391169786453247e-02
9.853361546993255615e-02
9.846320748329162598e-02
9.839292615652084351e-02
9.832250326871871948e-02
9.825217723846435547e-02
9.818188101053237915e-02
9.783056378364562988e-02
9.776037931442260742e-02
9.769017249345779419e-02
9.761995822191238403e-02
9.754987061023712158e-02
9.747964888811111450e-02
9.740950167179107666e-02
9.733937680721282959e-02
9.726925194263458252e-02
9.719915688037872314e-02
9.712904691696166992e-02
9.705899655818939209e-02
9.698890894651412964e-02
9.691881388425827026e-02
9.684883058071136475e-02
9.677879512310028076e-02
9.670881181955337524e-02
9.663888067007064819e-02
9.656886011362075806e-02
9.649895876646041870e-02
9.642896056175231934e-02
9.635907411575317383e-02
9.628910571336746216e-02
9.621915221214294434e-02
9.614931792020797729e-02
9.607937186956405640e-02
9.600953757762908936e-02
9.593974053859710693e-02
9.559067338705062866e-02
9.552083164453506470e-02
9.545116871595382690e-02
9.538141638040542603e-02
9.531167149543762207e-02
9.524197876453399658e-02
9.517228603363037109e-02
9.510265290737152100e-02
9.503301233053207397e-02
9.496331214904785156e-02
9.489366412162780762e-02
9.482409805059432983e-02
9.475445002317428589e-02
9.468495100736618042e-02
9.461530297994613647e-02
9.454579651355743408e-02
9.447617083787918091e-02
9.440667182207107544e-02
9.433715045452117920e-02
9.426759928464889526e-02
9.419814497232437134e-02
9.412864595651626587e-02
9.405920654535293579e-02
9.398976713418960571e-02
9.392028301954269409e-02
9.385091811418533325e-02
9.378152340650558472e-02
9.371208399534225464e-02
9.336546808481216431e-02
9.329609572887420654e-02
9.322684258222579956e-02
9.315751492977142334e-02
9.308823198080062866e-02
9.301900863647460938e-02
9.294972568750381470e-02
9.288058429956436157e-02
9.281135350465774536e-02
9.274220466613769531e-02
9.267301112413406372e-02
9.260381758213043213e-02
9.253466129302978516e-02
9.246557950973510742e-02
9.239641577005386353e-02
9.232732653617858887e-02
9.225823730230331421e-02
9.218914806842803955e-02
9.212011843919754028e-02
9.205101430416107178e-02
9.198204427957534790e-02
9.191302210092544556e-02
9.184402972459793091e-02
9.177500754594802856e-02
9.170605242252349854e-02
9.163706749677658081e-02
9.156815707683563232e-02
9.149921685457229614e-02
