1.290948539972305298e-01
1.290850192308425903e-01
1.290751546621322632e-01
1.290652900934219360e-01
1.290554106235504150e-01
1.290454715490341187e-01
1.290355175733566284e-01
1.290255337953567505e-01
1.290155202150344849e-01
1.290055215358734131e-01
1.287679523229598999e-01
1.287573426961898804e-01
1.287466734647750854e-01
1.287360042333602905e-01
1.287253350019454956e-01
1.287145465612411499e-01
1.287038326263427734e-01
1.286930441856384277e-01
1.286822706460952759e-01
1.286714076995849609e-01
1.284154206514358521e-01
1.284040212631225586e-01
1.283925771713256836e-01
1.283810883760452271e-01
1.283695995807647705e-01
1.283580511808395386e-01
1.283465176820755005e-01
1.283349245786666870e-01
1.283233165740966797e-01
1.283116787672042847e-01
1.280374228954315186e-01
1.280251592397689819e-01
1.280129551887512207e-01
1.280006617307662964e-01
1.279883682727813721e-01
1.279760450124740601e-01
1.279636919498443604e-01
1.279513537883758545e-01
1.279389560222625732e-01
1.279265135526657104e-01
1.276340335607528687e-01
1.276210695505142212e-01
1.276079863309860229e-01
1.275949329137802124e-01
1.275818645954132080e-01
1.275687217712402344e-01
1.275555938482284546e-01
1.275424510240554810e-01
1.275292783975601196e-01
1.275160610675811768e-01
1.272055357694625854e-01
1.271917223930358887e-01
1.271779090166091919e-01
1.271640658378601074e-01
1.271501779556274414e-01
1.271363049745559692e-01
1.271223872900009155e-01
1.271084100008010864e-01
1.270944923162460327e-01
1.270804852247238159e-01
1.267520487308502197e-01
1.267374455928802490e-01
1.267228722572326660e-01
1.267082393169403076e-01
1.266936063766479492e-01
1.266789585351943970e-01
1.266642361879348755e-01
1.266494989395141602e-01
1.266347914934158325e-01
1.266200095415115356e-01
1.262737810611724854e-01
1.262584328651428223e-01
1.262430697679519653e-01
1.262276917695999146e-01
1.262122392654418945e-01
1.261968016624450684e-01
1.261813938617706299e-01
1.261658966541290283e-01
1.261503696441650391e-01
1.261348426342010498e-01
1.257710009813308716e-01
1.257548928260803223e-01
1.257387548685073853e-01
1.257226169109344482e-01
1.257064491510391235e-01
1.256902366876602173e-01
1.256740391254425049e-01
1.256577521562576294e-01
1.256414800882339478e-01
1.256251931190490723e-01
1.252439022064208984e-01
1.252270787954330444e-01
1.252101510763168335e-01
1.251932680606842041e-01
1.251763552427291870e-01
1.251593679189682007e-01
1.251423507928848267e-01
1.251254230737686157e-01
1.251083612442016602e-01
1.250913292169570923e-01
