1.007833600044250488e+00
1.016774892807006836e+00
1.025716185569763184e+00
1.034657359123229980e+00
1.043598413467407227e+00
1.052539467811584473e+00
1.061480760574340820e+00
1.070421695709228516e+00
1.079362869262695312e+00
1.088303804397583008e+00
1.293949604034423828e+00
1.302890777587890625e+00
1.311831712722778320e+00
1.320772647857666016e+00
1.329713821411132812e+00
1.338655114173889160e+00
1.347596168518066406e+00
1.356536865234375000e+00
1.365477800369262695e+00
1.374419331550598145e+00
1.580064892768859863e+00
1.589006066322326660e+00
1.597947359085083008e+00
1.606888651847839355e+00
1.615829706192016602e+00
1.624770760536193848e+00
1.633711576461791992e+00
1.642652869224548340e+00
1.651593923568725586e+00
1.660534739494323730e+00
1.866180419921875000e+00
1.875121712684631348e+00
1.884063005447387695e+00
1.893004179000854492e+00
1.901945471763610840e+00
1.910886406898498535e+00
1.919827222824096680e+00
1.928768515586853027e+00
1.937709927558898926e+00
1.946650743484497070e+00
2.152296304702758789e+00
2.161237001419067383e+00
2.170178651809692383e+00
2.179119586944580078e+00
2.188060522079467773e+00
2.197001457214355469e+00
2.205943107604980469e+00
2.214884519577026367e+00
2.223825454711914062e+00
2.232766628265380859e+00
2.438411474227905273e+00
2.447352170944213867e+00
2.456293821334838867e+00
2.465234994888305664e+00
2.474175930023193359e+00
2.483116865158081055e+00
2.492058992385864258e+00
2.500999689102172852e+00
2.509940385818481445e+00
2.518881797790527344e+00
2.724527359008789062e+00
2.733468770980834961e+00
2.742409706115722656e+00
2.751350402832031250e+00
2.760292053222656250e+00
2.769232988357543945e+00
2.778173685073852539e+00
2.787116050720214844e+00
2.796056509017944336e+00
2.804997682571411133e+00
3.010642766952514648e+00
3.019584417343139648e+00
3.028524637222290039e+00
3.037466526031494141e+00
3.046407461166381836e+00
3.055348396301269531e+00
3.064288616180419922e+00
3.073230266571044922e+00
3.082172155380249023e+00
3.091112852096557617e+00
3.296758651733398438e+00
3.305700302124023438e+00
3.314640998840332031e+00
3.323582172393798828e+00
3.332523345947265625e+00
3.341464281082153320e+00
3.350404977798461914e+00
3.359346389770507812e+00
3.368287086486816406e+00
3.377228975296020508e+00
3.582874059677124023e+00
3.591814517974853516e+00
3.600756883621215820e+00
3.609697580337524414e+00
3.618638515472412109e+00
3.627579212188720703e+00
3.636520624160766602e+00
3.645461082458496094e+00
3.654402971267700195e+00
3.663343429565429688e+00
