3.257433176040649414e-01
3.257433176040649414e-01
3.257433176040649414e-01
3.257433176040649414e-01
3.257433176040649414e-01
3.257433176040649414e-01
3.257433176040649414e-01
3.257433176040649414e-01
3.257433176040649414e-01
3.257433176040649414e-01
3.257433176040649414e-01
3.257433176040649414e-01
3.257433176040649414e-01
3.257433176040649414e-01
3.343819975852966309e-01
4.290592968463897705e-01
6.550613641738891602e-01
9.364347457885742188e-01
1.082963466644287109e+00
8.878904581069946289e-01
4.874023497104644775e-01
1.532762050628662109e-01
1.579567044973373413e-01
3.257433176040649414e-01
3.257433176040649414e-01
3.257433176040649414e-01
3.257433176040649414e-01
3.257433176040649414e-01
3.257433176040649414e-01
3.257433176040649414e-01
3.257433176040649414e-01
3.257433176040649414e-01
3.257433176040649414e-01
3.257433176040649414e-01
3.257433176040649414e-01
3.257433176040649414e-01
3.257433176040649414e-01
3.257433176040649414e-01
3.257433176040649414e-01
3.257433176040649414e-01
3.257433176040649414e-01
3.257433176040649414e-01
3.450237810611724854e-01
5.842070579528808594e-01
1.140173554420471191e+00
1.685726881027221680e+00
1.716921448707580566e+00
1.047520518302917480e+00
3.653498291969299316e-01
6.449981033802032471e-02
1.655688434839248657e-01
3.257433176040649414e-01
3.257433176040649414e-01
3.257433176040649414e-01
3.257433176040649414e-01
3.257433176040649414e-01
3.257433176040649414e-01
3.257433176040649414e-01
3.257433176040649414e-01
3.257433176040649414e-01
3.257433176040649414e-01
3.257433176040649414e-01
3.257433176040649414e-01
3.257433176040649414e-01
3.257433176040649414e-01
3.257433176040649414e-01
3.257433176040649414e-01
3.257433176040649414e-01
3.257433176040649414e-01
3.257433176040649414e-01
3.858280777931213379e-01
8.734896183013916016e-01
1.762769818305969238e+00
2.297269344329833984e+00
1.838026523590087891e+00
6.482211351394653320e-01
-1.399511396884918213e-01
-1.735699325799942017e-01
2.355161309242248535e-01
3.257433176040649414e-01
3.257433176040649414e-01
3.257433176040649414e-01
3.257433176040649414e-01
3.257433176040649414e-01
3.257433176040649414e-01
3.257433176040649414e-01
3.257433176040649414e-01
3.257433176040649414e-01
3.257433176040649414e-01
3.257433176040649414e-01
3.257433176040649414e-01
3.257433176040649414e-01
3.257433176040649414e-01
3.257433176040649414e-01
3.257433176040649414e-01
3.257433176040649414e-01
3.257433176040649414e-01
3.257433176040649414e-01
4.951750636100769043e-01
1.223202824592590332e+00
1.848700404167175293e+00
1.569235682487487793e+00
4.119791984558105469e-01
-6.759939789772033691e-01
-1.064994215965270996e+00
-7.523362040519714355e-01
3.927011508494615555e-03
3.257433176040649414e-01
3.257433176040649414e-01
3.257433176040649414e-01
3.257433176040649414e-01
3.257433176040649414e-01
3.257433176040649414e-01
3.257433176040649414e-01
3.257433176040649414e-01
3.257433176040649414e-01
3.257433176040649414e-01
3.257433176040649414e-01
3.257433176040649414e-01
3.257433176040649414e-01
3.257433176040649414e-01
3.257433176040649414e-01
3.257433176040649414e-01
3.257433176040649414e-01
3.257433176040649414e-01
3.322223126888275146e-01
5.672302842140197754e-01
1.227117538452148438e+00
1.333665728569030762e+00
5.005524754524230957e-01
-8.837310075759887695e-01
-1.681905150413513184e+00
-1.660765528678894043e+00
-9.291416406631469727e-01
-1.125020012259483337e-01
3.257433176040649414e-01
3.257433176040649414e-01
3.257433176040649414e-01
3.257433176040649414e-01
3.257433176040649414e-01
3.257433176040649414e-01
3.257433176040649414e-01
3.257433176040649414e-01
3.257433176040649414e-01
3.257433176040649414e-01
3.257433176040649414e-01
3.257433176040649414e-01
3.257433176040649414e-01
3.257433176040649414e-01
3.257433176040649414e-01
3.257433176040649414e-01
3.257433176040649414e-01
3.257433176040649414e-01
3.677394390106201172e-01
8.442199826240539551e-01
1.336441516876220703e+00
9.964924454689025879e-01
-8.777180314064025879e-02
-1.278706789016723633e+00
-1.910389900207519531e+00
-1.652023196220397949e+00
-5.903726220130920410e-01
8.001438528299331665e-02
3.257433176040649414e-01
3.257433176040649414e-01
3.257433176040649414e-01
3.257433176040649414e-01
3.257433176040649414e-01
3.257433176040649414e-01
3.257433176040649414e-01
3.257433176040649414e-01
3.257433176040649414e-01
3.257433176040649414e-01
3.257433176040649414e-01
3.257433176040649414e-01
3.257433176040649414e-01
3.257433176040649414e-01
3.257433176040649414e-01
3.257433176040649414e-01
3.257433176040649414e-01
3.257433176040649414e-01
4.710024595260620117e-01
1.148626208305358887e+00
1.531540513038635254e+00
9.905556440353393555e-01
-3.339575529098510742e-01
-1.183115243911743164e+00
-1.661205649375915527e+00
-1.290753960609436035e+00
-2.867987453937530518e-01
2.996535897254943848e-01
3.257433176040649414e-01
3.257433176040649414e-01
3.257433176040649414e-01
3.257433176040649414e-01
3.257433176040649414e-01
3.257433176040649414e-01
3.257433176040649414e-01
3.257433176040649414e-01
3.257433176040649414e-01
3.257433176040649414e-01
3.257433176040649414e-01
3.257433176040649414e-01
3.257433176040649414e-01
3.257433176040649414e-01
3.257433176040649414e-01
3.257433176040649414e-01
3.279029726982116699e-01
3.668025135993957520e-01
7.000643014907836914e-01
1.402088642120361328e+00
1.549830555915832520e+00
8.016436696052551270e-01
-6.015374660491943359e-01
-1.391167283058166504e+00
-1.546734929084777832e+00
-8.981996178627014160e-01
-3.734576702117919922e-02
3.257433176040649414e-01
3.257433176040649414e-01
3.257433176040649414e-01
3.257433176040649414e-01
3.257433176040649414e-01
3.257433176040649414e-01
3.257433176040649414e-01
3.257433176040649414e-01
3.257433176040649414e-01
3.257433176040649414e-01
3.257433176040649414e-01
3.257433176040649414e-01
3.257433176040649414e-01
3.257433176040649414e-01
3.257433176040649414e-01
3.257433176040649414e-01
3.257433176040649414e-01
3.300234973430633545e-01
4.000578820705413818e-01
1.072236299514770508e+00
1.735844016075134277e+00
1.600489020347595215e+00
6.155572533607482910e-01
-8.125157952308654785e-01
-1.524751663208007812e+00
-1.425533533096313477e+00
-5.832179784774780273e-01
1.840193718671798706e-01
3.257433176040649414e-01
3.257433176040649414e-01
3.257433176040649414e-01
3.257433176040649414e-01
3.257433176040649414e-01
3.257433176040649414e-01
3.257433176040649414e-01
3.257433176040649414e-01
3.257433176040649414e-01
3.257433176040649414e-01
3.257433176040649414e-01
3.257433176040649414e-01
3.257433176040649414e-01
3.257433176040649414e-01
3.257433176040649414e-01
3.257433176040649414e-01
3.257433176040649414e-01
3.361849784851074219e-01
5.167754292488098145e-01
1.390961408615112305e+00
1.642596364021301270e+00
1.140579223632812500e+00
-7.083675265312194824e-02
-1.257293581962585449e+00
-1.777225852012634277e+00
-1.402269005775451660e+00
-3.892425298690795898e-01
3.040018677711486816e-01
3.257433176040649414e-01
3.257433176040649414e-01
3.257433176040649414e-01
3.257433176040649414e-01
3.257433176040649414e-01
3.257433176040649414e-01
3.257433176040649414e-01
3.257433176040649414e-01
3.257433176040649414e-01
3.257433176040649414e-01
3.257433176040649414e-01
3.257433176040649414e-01
3.257433176040649414e-01
3.257433176040649414e-01
3.257433176040649414e-01
3.257433176040649414e-01
3.257433176040649414e-01
3.469272851943969727e-01
6.870968341827392578e-01
1.347996473312377930e+00
1.290777444839477539e+00
3.794821798801422119e-01
-8.303266167640686035e-01
-1.877369761466979980e+00
-1.897655010223388672e+00
-1.243202090263366699e+00
-2.937923073768615723e-01
3.257433176040649414e-01
3.257433176040649414e-01
3.257433176040649414e-01
3.257433176040649414e-01
3.257433176040649414e-01
3.257433176040649414e-01
3.257433176040649414e-01
3.257433176040649414e-01
3.257433176040649414e-01
3.257433176040649414e-01
3.257433176040649414e-01
3.257433176040649414e-01
3.257433176040649414e-01
3.257433176040649414e-01
3.257433176040649414e-01
3.257433176040649414e-01
3.257433176040649414e-01
3.268231451511383057e-01
3.562265336513519287e-01
7.027406096458435059e-01
1.146748304367065430e+00
8.947880864143371582e-01
-9.718657284975051880e-02
-1.323901891708374023e+00
-2.175704479217529297e+00
-1.773194670677185059e+00
-9.010408520698547363e-01
-1.018523499369621277e-01
3.257433176040649414e-01
3.257433176040649414e-01
3.257433176040649414e-01
3.257433176040649414e-01
3.257433176040649414e-01
3.257433176040649414e-01
3.257433176040649414e-01
3.257433176040649414e-01
3.257433176040649414e-01
3.257433176040649414e-01
3.257433176040649414e-01
3.257433176040649414e-01
3.257433176040649414e-01
3.257433176040649414e-01
3.257433176040649414e-01
3.257433176040649414e-01
3.257433176040649414e-01
3.397615849971771240e-01
4.339079558849334717e-01
8.095505833625793457e-01
1.210904240608215332e+00
7.290616631507873535e-01
-3.090869486331939697e-01
-1.541994690895080566e+00
-2.170526027679443359e+00
-1.565842390060424805e+00
-5.603609681129455566e-01
1.051937043666839600e-01
3.257433176040649414e-01
3.257433176040649414e-01
3.257433176040649414e-01
3.257433176040649414e-01
3.257433176040649414e-01
3.257433176040649414e-01
3.257433176040649414e-01
3.257433176040649414e-01
3.257433176040649414e-01
3.257433176040649414e-01
3.257433176040649414e-01
3.257433176040649414e-01
3.257433176040649414e-01
3.257433176040649414e-01
3.257433176040649414e-01
3.257433176040649414e-01
3.430206775665283203e-01
4.335370659828186035e-01
7.135449051856994629e-01
1.401737570762634277e+00
1.603305459022521973e+00
6.063481569290161133e-01
-6.945720911026000977e-01
-1.590248703956604004e+00
-1.900858521461486816e+00
-1.162973761558532715e+00
-2.664796411991119385e-01
2.039912343025207520e-01
3.257433176040649414e-01
3.257433176040649414e-01
3.257433176040649414e-01
3.257433176040649414e-01
3.257433176040649414e-01
3.257433176040649414e-01
3.257433176040649414e-01
3.257433176040649414e-01
3.257433176040649414e-01
3.257433176040649414e-01
3.257433176040649414e-01
3.257433176040649414e-01
3.257433176040649414e-01
3.257433176040649414e-01
3.257433176040649414e-01
3.257433176040649414e-01
3.729429244995117188e-01
6.015143990516662598e-01
1.155881881713867188e+00
2.033131837844848633e+00
1.712808489799499512e+00
4.366552531719207764e-01
-9.489550590515136719e-01
-1.554408073425292969e+00
-1.539551377296447754e+00
-7.925742864608764648e-01
-1.805203035473823547e-02
3.257433176040649414e-01
3.257433176040649414e-01
3.257433176040649414e-01
3.257433176040649414e-01
3.257433176040649414e-01
3.257433176040649414e-01
3.257433176040649414e-01
3.257433176040649414e-01
3.257433176040649414e-01
3.257433176040649414e-01
3.257433176040649414e-01
3.257433176040649414e-01
3.257433176040649414e-01
3.257433176040649414e-01
3.257433176040649414e-01
3.257433176040649414e-01
3.408609926700592041e-01
4.858885705471038818e-01
1.004369974136352539e+00
1.929177761077880859e+00
2.180747032165527344e+00
1.252983808517456055e+00
-4.006142914295196533e-01
-1.487838149070739746e+00
-1.937417268753051758e+00
-1.394047021865844727e+00
-4.237896502017974854e-01
1.613177657127380371e-01
3.257433176040649414e-01
3.257433176040649414e-01
3.257433176040649414e-01
3.257433176040649414e-01
3.257433176040649414e-01
3.257433176040649414e-01
3.257433176040649414e-01
3.257433176040649414e-01
3.257433176040649414e-01
3.257433176040649414e-01
3.257433176040649414e-01
3.257433176040649414e-01
3.257433176040649414e-01
3.257433176040649414e-01
3.257433176040649414e-01
3.257433176040649414e-01
3.665030598640441895e-01
6.894203424453735352e-01
1.500432014465332031e+00
2.234683275222778320e+00
1.657164573669433594e+00
1.730689704418182373e-01
-1.597388863563537598e+00
-2.055119037628173828e+00
-2.045415878295898438e+00
-1.170274257659912109e+00
-2.926745414733886719e-01
1.760306358337402344e-01
3.257433176040649414e-01
3.257433176040649414e-01
3.257433176040649414e-01
3.257433176040649414e-01
3.257433176040649414e-01
3.257433176040649414e-01
3.257433176040649414e-01
3.257433176040649414e-01
3.257433176040649414e-01
3.257433176040649414e-01
3.257433176040649414e-01
3.257433176040649414e-01
3.257433176040649414e-01
3.257433176040649414e-01
3.257433176040649414e-01
3.279029726982116699e-01
4.483372569084167480e-01
9.533795714378356934e-01
1.717410206794738770e+00
1.664538979530334473e+00
6.490614414215087891e-01
-1.207004308700561523e+00
-2.226739645004272461e+00
-2.351617574691772461e+00
-1.531049489974975586e+00
-7.870288491249084473e-01
-1.035497244447469711e-02
2.953052818775177002e-01
3.257433176040649414e-01
3.257433176040649414e-01
3.257433176040649414e-01
3.257433176040649414e-01
3.257433176040649414e-01
3.257433176040649414e-01
3.257433176040649414e-01
3.257433176040649414e-01
3.257433176040649414e-01
3.257433176040649414e-01
3.257433176040649414e-01
3.257433176040649414e-01
3.257433176040649414e-01
3.257433176040649414e-01
3.257433176040649414e-01
3.440613448619842529e-01
6.149923801422119141e-01
1.248695492744445801e+00
1.719685196876525879e+00
1.143324613571166992e+00
-1.985116004943847656e-01
-1.781374096870422363e+00
-2.277472496032714844e+00
-1.889043450355529785e+00
-9.974713921546936035e-01
-2.838906943798065186e-01
1.773696839809417725e-01
3.257433176040649414e-01
3.257433176040649414e-01
3.257433176040649414e-01
3.257433176040649414e-01
3.257433176040649414e-01
3.257433176040649414e-01
3.257433176040649414e-01
3.257433176040649414e-01
3.257433176040649414e-01
3.257433176040649414e-01
3.257433176040649414e-01
3.257433176040649414e-01
3.257433176040649414e-01
3.257433176040649414e-01
3.257433176040649414e-01
3.268231451511383057e-01
4.050527513027191162e-01
8.451035618782043457e-01
1.492150902748107910e+00
1.581099629402160645e+00
6.898445487022399902e-01
-7.871910333633422852e-01
-1.638773679733276367e+00
-1.905355095863342285e+00
-1.292464375495910645e+00
-6.916482448577880859e-01
-1.315546631813049316e-01
2.097672224044799805e-01
3.257433176040649414e-01
3.257433176040649414e-01
3.257433176040649414e-01
3.257433176040649414e-01
3.257433176040649414e-01
3.257433176040649414e-01
3.257433176040649414e-01
3.257433176040649414e-01
3.257433176040649414e-01
3.257433176040649414e-01
3.257433176040649414e-01
3.257433176040649414e-01
3.257433176040649414e-01
3.257433176040649414e-01
3.257433176040649414e-01
3.408414125442504883e-01
5.338039994239807129e-01
1.154685497283935547e+00
1.725854396820068359e+00
1.436959147453308105e+00
1.582747548818588257e-01
-9.562552571296691895e-01
-1.123727202415466309e+00
-1.086253881454467773e+00
-6.339959502220153809e-01
-2.452412396669387817e-01
9.447371959686279297e-02
2.659868597984313965e-01
3.257433176040649414e-01
3.257433176040649414e-01
3.257433176040649414e-01
3.257433176040649414e-01
3.257433176040649414e-01
3.257433176040649414e-01
3.257433176040649414e-01
3.257433176040649414e-01
3.257433176040649414e-01
3.257433176040649414e-01
3.257433176040649414e-01
3.257433176040649414e-01
3.257433176040649414e-01
3.257433176040649414e-01
3.257433176040649414e-01
3.415276706218719482e-01
7.082745432853698730e-01
1.391041517257690430e+00
1.707430124282836914e+00
1.306550621986389160e+00
3.230059444904327393e-01
-2.725495398044586182e-01
-4.527053833007812500e-01
-5.820277929306030273e-01
-4.742432832717895508e-01
-1.491723954677581787e-01
3.438522294163703918e-02
2.549191415309906006e-01
3.257433176040649414e-01
3.257433176040649414e-01
3.257433176040649414e-01
3.257433176040649414e-01
3.257433176040649414e-01
3.257433176040649414e-01
3.257433176040649414e-01
3.257433176040649414e-01
3.257433176040649414e-01
3.257433176040649414e-01
3.257433176040649414e-01
3.257433176040649414e-01
3.257433176040649414e-01
3.257433176040649414e-01
3.257433176040649414e-01
3.738832175731658936e-01
8.451799154281616211e-01
1.201197862625122070e+00
9.454877376556396484e-01
4.481484889984130859e-01
1.782784461975097656e-01
-2.617522180080413818e-01
-9.131221771240234375e-01
-1.332265615463256836e+00
-8.516067862510681152e-01
-4.621958434581756592e-01
-1.027101054787635803e-01
2.319750189781188965e-01
3.257433176040649414e-01
3.257433176040649414e-01
3.257433176040649414e-01
3.257433176040649414e-01
3.257433176040649414e-01
3.257433176040649414e-01
3.257433176040649414e-01
3.257433176040649414e-01
3.257433176040649414e-01
3.257433176040649414e-01
3.257433176040649414e-01
3.257433176040649414e-01
3.257433176040649414e-01
3.257433176040649414e-01
3.257433176040649414e-01
3.835642635822296143e-01
6.800194978713989258e-01
6.657321453094482422e-01
1.282595992088317871e-01
-6.310222744941711426e-01
-1.577562093734741211e+00
-2.532618999481201172e+00
-3.110227584838867188e+00
-2.699547767639160156e+00
-1.772989153861999512e+00
-9.541167020797729492e-01
-5.333294868469238281e-01
8.627717196941375732e-02
3.257433176040649414e-01
3.257433176040649414e-01
3.257433176040649414e-01
3.257433176040649414e-01
3.257433176040649414e-01
3.257433176040649414e-01
3.257433176040649414e-01
3.257433176040649414e-01
3.257433176040649414e-01
3.257433176040649414e-01
3.257433176040649414e-01
3.257433176040649414e-01
3.257433176040649414e-01
3.257433176040649414e-01
3.257433176040649414e-01
3.060188293457031250e-01
1.497719138860702515e-01
-3.425884544849395752e-01
-1.028071761131286621e+00
-1.810212016105651855e+00
-2.885216474533081055e+00
-3.414972305297851562e+00
-3.053885936737060547e+00
-2.198238849639892578e+00
-1.371504187583923340e+00
-7.291360497474670410e-01
-1.572477966547012329e-01
2.144573926925659180e-01
3.257433176040649414e-01
3.257433176040649414e-01
3.257433176040649414e-01
3.257433176040649414e-01
3.257433176040649414e-01
3.257433176040649414e-01
3.257433176040649414e-01
3.257433176040649414e-01
3.257433176040649414e-01
3.257433176040649414e-01
3.257433176040649414e-01
3.257433176040649414e-01
3.257433176040649414e-01
3.257433176040649414e-01
3.257433176040649414e-01
2.882533967494964600e-01
-7.239863276481628418e-02
-7.464256286621093750e-01
-1.457160115242004395e+00
-1.973315596580505371e+00
-2.340380668640136719e+00
-2.243702650070190430e+00
-1.713183522224426270e+00
-1.094634056091308594e+00
-4.365876317024230957e-01
3.179226443171501160e-02
2.268001288175582886e-01
3.040018677711486816e-01
3.257433176040649414e-01
3.257433176040649414e-01
3.257433176040649414e-01
3.257433176040649414e-01
3.257433176040649414e-01
3.257433176040649414e-01
3.257433176040649414e-01
3.257433176040649414e-01
3.257433176040649414e-01
3.257433176040649414e-01
3.257433176040649414e-01
3.257433176040649414e-01
3.257433176040649414e-01
3.257433176040649414e-01
3.257433176040649414e-01
3.150726258754730225e-01
1.861781775951385498e-01
-2.620626427233219147e-02
-2.434724569320678711e-01
-3.719114065170288086e-01
-4.313330948352813721e-01
-3.649038076400756836e-01
-2.032866477966308594e-01
-4.265399277210235596e-02
1.511832475662231445e-01
2.858817577362060547e-01
3.213950097560882568e-01
3.257433176040649414e-01
3.257433176040649414e-01
3.257433176040649414e-01
3.257433176040649414e-01
3.257433176040649414e-01
3.257433176040649414e-01
3.257433176040649414e-01
3.257433176040649414e-01
3.257433176040649414e-01
3.257433176040649414e-01
3.257433176040649414e-01
3.257433176040649414e-01
3.257433176040649414e-01
3.257433176040649414e-01
3.257433176040649414e-01
3.257433176040649414e-01
3.257433176040649414e-01
3.257433176040649414e-01
3.257433176040649414e-01
3.257433176040649414e-01
3.257433176040649414e-01
3.257433176040649414e-01
3.257433176040649414e-01
3.257433176040649414e-01
3.257433176040649414e-01
3.257433176040649414e-01
3.257433176040649414e-01
3.257433176040649414e-01
3.257433176040649414e-01
3.257433176040649414e-01
3.257433176040649414e-01
3.257433176040649414e-01
3.257433176040649414e-01
3.257433176040649414e-01
3.257433176040649414e-01
3.257433176040649414e-01
3.257433176040649414e-01
3.257433176040649414e-01
