8.756963014602661133e-01
8.948963880538940430e-01
9.140965938568115234e-01
9.332965612411499023e-01
9.524967670440673828e-01
9.716967344284057617e-01
9.908967614173889160e-01
1.010096907615661621e+00
1.029297232627868652e+00
1.048497319221496582e+00
1.490099072456359863e+00
1.509299397468566895e+00
1.528499603271484375e+00
1.547699689865112305e+00
1.566899895668029785e+00
1.586099624633789062e+00
1.605299830436706543e+00
1.624499797821044922e+00
1.643700122833251953e+00
1.662900090217590332e+00
2.104502439498901367e+00
2.123702526092529297e+00
2.142901659011840820e+00
2.162102222442626953e+00
2.181302547454833984e+00
2.200502157211303711e+00
2.219702720642089844e+00
2.238902807235717773e+00
2.258102893829345703e+00
2.277303218841552734e+00
2.718904972076416016e+00
2.738105535507202148e+00
2.757304906845092773e+00
2.776505470275878906e+00
2.795705318450927734e+00
2.814905881881713867e+00
2.834105491638183594e+00
2.853305578231811523e+00
2.872505903244018555e+00
2.891706705093383789e+00
3.333307981491088867e+00
3.352507829666137695e+00
3.371708393096923828e+00
3.390907526016235352e+00
3.410108327865600586e+00
3.429307937622070312e+00
3.448508501052856445e+00
3.467708587646484375e+00
3.486909627914428711e+00
3.506108760833740234e+00
3.947709083557128906e+00
3.966911315917968750e+00
3.986110210418701172e+00
4.005311012268066406e+00
4.024511337280273438e+00
4.043710708618164062e+00
4.062911987304687500e+00
4.082111358642578125e+00
4.101313591003417969e+00
4.120512008666992188e+00
4.562113761901855469e+00
4.581315040588378906e+00
4.600513935089111328e+00
4.619715213775634766e+00
4.638915061950683594e+00
4.658113002777099609e+00
4.677313804626464844e+00
4.696514129638671875e+00
4.715715408325195312e+00
4.734913349151611328e+00
5.176518440246582031e+00
5.195716857910156250e+00
5.214917182922363281e+00
5.234115600585937500e+00
5.253318309783935547e+00
5.272519111633300781e+00
5.291718482971191406e+00
5.310915946960449219e+00
5.330119132995605469e+00
5.349317073822021484e+00
5.790921211242675781e+00
5.810118675231933594e+00
5.829319953918457031e+00
5.848519325256347656e+00
5.867719650268554688e+00
5.886918067932128906e+00
5.906118869781494141e+00
5.925319194793701172e+00
5.944521427154541016e+00
5.963720321655273438e+00
6.405322074890136719e+00
6.424522399902343750e+00
6.443722248077392578e+00
6.462922096252441406e+00
6.482123374938964844e+00
6.501322746276855469e+00
6.520522117614746094e+00
6.539723396301269531e+00
6.558923721313476562e+00
6.578123092651367188e+00
