-7.930254936218261719e-01
-8.026484847068786621e-01
-8.122713565826416016e-01
-8.218947649002075195e-01
-8.315177559852600098e-01
-8.411410450935363770e-01
-8.507642149925231934e-01
-8.603873848915100098e-01
-8.700106143951416016e-01
-8.796339035034179688e-01
-1.100965738296508789e+00
-1.110588550567626953e+00
-1.120211839675903320e+00
-1.129835128784179688e+00
-1.139458179473876953e+00
-1.149081230163574219e+00
-1.158704400062561035e+00
-1.168327808380126953e+00
-1.177950739860534668e+00
-1.187573909759521484e+00
-1.408905982971191406e+00
-1.418529272079467773e+00
-1.428152441978454590e+00
-1.437774896621704102e+00
-1.447398304939270020e+00
-1.457021713256835938e+00
-1.466644883155822754e+00
-1.476267695426940918e+00
-1.485891222953796387e+00
-1.495513916015625000e+00
-1.716845989227294922e+00
-1.726469516754150391e+00
-1.736092567443847656e+00
-1.745715498924255371e+00
-1.755338788032531738e+00
-1.764961957931518555e+00
-1.774585008621215820e+00
-1.784208178520202637e+00
-1.793831467628479004e+00
-1.803454518318176270e+00
-2.024786472320556641e+00
-2.034409761428833008e+00
-2.044032335281372070e+00
-2.053655862808227539e+00
-2.063279151916503906e+00
-2.072902202606201172e+00
-2.082525253295898438e+00
-2.092148303985595703e+00
-2.101771831512451172e+00
-2.111394405364990234e+00
-2.332726955413818359e+00
-2.342350244522094727e+00
-2.351972818374633789e+00
-2.361595869064331055e+00
-2.371219158172607422e+00
-2.380843162536621094e+00
-2.390465736389160156e+00
-2.400089263916015625e+00
-2.409711837768554688e+00
-2.419334888458251953e+00
-2.640667438507080078e+00
-2.650290012359619141e+00
-2.659913301467895508e+00
-2.669536590576171875e+00
-2.679159402847290039e+00
-2.688782453536987305e+00
-2.698405742645263672e+00
-2.708029270172119141e+00
-2.717652797698974609e+00
-2.727276563644409180e+00
-2.948607683181762695e+00
-2.958230733871459961e+00
-2.967853307723999023e+00
-2.977477312088012695e+00
-2.987099885940551758e+00
-2.996723175048828125e+00
-3.006346702575683594e+00
-3.015969753265380859e+00
-3.025593042373657227e+00
-3.035215377807617188e+00
-3.256547689437866211e+00
-3.266171216964721680e+00
-3.275794267654418945e+00
-3.285417079925537109e+00
-3.295040369033813477e+00
-3.304663419723510742e+00
-3.314286231994628906e+00
-3.323908329010009766e+00
-3.333533287048339844e+00
-3.343156099319458008e+00
-3.564487695693969727e+00
-3.574110984802246094e+00
-3.583734512329101562e+00
-3.593357324600219727e+00
-3.602980136871337891e+00
-3.612603425979614258e+00
-3.622226476669311523e+00
-3.631849050521850586e+00
-3.641473054885864258e+00
-3.651095628738403320e+00
