3.789317607879638672e-01
3.787852823734283447e-01
3.786388933658599854e-01
3.784922957420349121e-01
3.783456683158874512e-01
3.781988024711608887e-01
3.780518174171447754e-01
3.779046833515167236e-01
3.777574598789215088e-01
3.776101171970367432e-01
3.741864264011383057e-01
3.740358650684356689e-01
3.738852441310882568e-01
3.737346529960632324e-01
3.735838830471038818e-01
3.734329938888549805e-01
3.732819855213165283e-01
3.731310367584228516e-01
3.729795813560485840e-01
3.728281855583190918e-01
3.693119585514068604e-01
3.691575527191162109e-01
3.690031170845031738e-01
3.688483536243438721e-01
3.686936199665069580e-01
3.685388863086700439e-01
3.683837056159973145e-01
3.682285845279693604e-01
3.680734634399414062e-01
3.679180741310119629e-01
3.643112480640411377e-01
3.641529977321624756e-01
3.639946281909942627e-01
3.638360798358917236e-01
3.636774420738220215e-01
3.635186553001403809e-01
3.633598685264587402e-01
3.632008731365203857e-01
3.630416989326477051e-01
3.628823757171630859e-01
3.591872155666351318e-01
3.590250015258789062e-01
3.588628768920898438e-01
3.587004840373992920e-01
3.585381507873535156e-01
3.583756387233734131e-01
3.582129180431365967e-01
3.580501377582550049e-01
3.578872382640838623e-01
3.577241301536560059e-01
3.539427518844604492e-01
3.537769615650177002e-01
3.536108434200286865e-01
3.534449636936187744e-01
3.532788753509521484e-01
3.531126379966735840e-01
3.529462516307830811e-01
3.527797758579254150e-01
3.526132702827453613e-01
3.524464368820190430e-01
3.485809862613677979e-01
3.484115004539489746e-01
3.482419848442077637e-01
3.480724990367889404e-01
3.479026854038238525e-01
3.477328717708587646e-01
3.475628495216369629e-01
3.473927676677703857e-01
3.472226858139038086e-01
3.470521271228790283e-01
3.431051075458526611e-01
3.429323136806488037e-01
3.427591919898986816e-01
3.425861597061157227e-01
3.424127697944641113e-01
3.422394394874572754e-01
3.420660793781280518e-01
3.418923318386077881e-01
3.417188823223114014e-01
3.415451645851135254e-01
3.375185728073120117e-01
3.373424410820007324e-01
3.371661901473999023e-01
3.369896113872528076e-01
3.368129730224609375e-01
3.366360366344451904e-01
3.364593982696533203e-01
3.362823128700256348e-01
3.361052572727203369e-01
3.359281420707702637e-01
3.318251967430114746e-01
3.316456675529479980e-01
3.314658403396606445e-01
3.312860727310180664e-01
3.311062157154083252e-01
3.309261798858642578e-01
3.307460248470306396e-01
3.305658996105194092e-01
3.303855359554290771e-01
3.302051126956939697e-01
