3.732265532016754150e-01
3.704817295074462891e-01
3.677370846271514893e-01
3.649923205375671387e-01
3.622475564479827881e-01
3.595027923583984375e-01
3.567580878734588623e-01
3.540133237838745117e-01
3.512686491012573242e-01
3.485238254070281982e-01
3.457791507244110107e-01
3.430343270301818848e-01
3.402896225452423096e-01
3.375448584556579590e-01
3.348002135753631592e-01
3.320554494857788086e-01
3.293107151985168457e-01
3.265658915042877197e-01
3.238212466239929199e-01
3.210764825344085693e-01
3.183316886425018311e-01
3.155869543552398682e-01
3.128421902656555176e-01
3.100974857807159424e-01
3.073527514934539795e-01
3.046079277992248535e-01
3.018633127212524414e-01
2.991185486316680908e-01
2.853947579860687256e-01
2.826500833034515381e-01
2.799053490161895752e-01
2.771606445312500000e-01
2.744158506393432617e-01
2.716711163520812988e-01
2.689264118671417236e-01
2.661816477775573730e-01
2.634369432926177979e-01
2.606921195983886719e-01
2.579474449157714844e-01
2.552027106285095215e-01
2.524579763412475586e-01
2.497132271528244019e-01
2.469684779644012451e-01
2.442236393690109253e-01
2.414789497852325439e-01
2.387343049049377441e-01
2.359895259141921997e-01
2.332448065280914307e-01
2.305000573396682739e-01
2.277552932500839233e-01
2.250106036663055420e-01
2.222657948732376099e-01
2.195210456848144531e-01
2.167763262987136841e-01
2.140315771102905273e-01
2.112869024276733398e-01
1.975630968809127808e-01
1.948184967041015625e-01
1.920736581087112427e-01
1.893289536237716675e-01
1.865841895341873169e-01
1.838394552469253540e-01
1.810946166515350342e-01
1.783499419689178467e-01
1.756052523851394653e-01
1.728605329990386963e-01
1.701157242059707642e-01
1.673710495233535767e-01
1.646263003349304199e-01
1.618815660476684570e-01
1.591367572546005249e-01
1.563920676708221436e-01
1.536473333835601807e-01
1.509025841951370239e-01
1.481577903032302856e-01
1.454130709171295166e-01
1.426683664321899414e-01
1.399235725402832031e-01
1.371788680553436279e-01
1.344341337680816650e-01
1.316893547773361206e-01
1.289446055889129639e-01
1.261999309062957764e-01
1.234551742672920227e-01
1.097315028309822083e-01
1.069868132472038269e-01
1.042419523000717163e-01
1.014972254633903503e-01
9.875253587961196899e-02
9.600778669118881226e-02
9.326299279928207397e-02
9.051831066608428955e-02
8.777348697185516357e-02
8.502875268459320068e-02
8.228395879268646240e-02
7.953932136297225952e-02
7.679457962512969971e-02
7.404985278844833374e-02
7.130504399538040161e-02
6.856027990579605103e-02
6.581570208072662354e-02
6.307093799114227295e-02
6.032619252800941467e-02
5.758139118552207947e-02
5.483667552471160889e-02
5.209195986390113831e-02
4.934715107083320618e-02
4.660242423415184021e-02
4.385766386985778809e-02
4.111288487911224365e-02
3.836815804243087769e-02
3.562337160110473633e-02
2.189986407756805420e-02
1.915508508682250977e-02
1.641039177775382996e-02
1.366552803665399551e-02
1.092092692852020264e-02
8.176021277904510498e-03
5.431263241916894913e-03
2.686549676582217216e-03
-5.824005711474455893e-05
-2.802956383675336838e-03
-5.547777749598026276e-03
-8.292347192764282227e-03
-1.103711593896150589e-02
-1.378176081925630569e-02
-1.652665808796882629e-02
-1.927131973206996918e-02
-2.201607078313827515e-02
-2.476081438362598419e-02
-2.750564366579055786e-02
-3.025026805698871613e-02
-3.299488872289657593e-02
-3.573966026306152344e-02
-3.848448768258094788e-02
-4.122917726635932922e-02
-4.397402703762054443e-02
-4.671862348914146423e-02
-4.946341738104820251e-02
-5.220807716250419617e-02
-6.593191623687744141e-02
-6.867668777704238892e-02
-7.142139971256256104e-02
-7.416608184576034546e-02
-7.691084593534469604e-02
-7.965561002492904663e-02
-8.240035921335220337e-02
-8.514515310525894165e-02
-8.788996189832687378e-02
-9.063468873500823975e-02
-9.337939321994781494e-02
-9.612407535314559937e-02
-9.886883199214935303e-02
-1.016135737299919128e-01
-1.043582260608673096e-01
-1.071028858423233032e-01
-1.098476946353912354e-01
-1.125924587249755859e-01
-1.153371185064315796e-01
-1.180818155407905579e-01
-1.208267062902450562e-01
-1.235712841153144836e-01
-1.263162642717361450e-01
-1.290608495473861694e-01
-1.318057030439376831e-01
-1.345503777265548706e-01
-1.372952461242675781e-01
-1.400399357080459595e-01
-1.537636518478393555e-01
-1.565084308385848999e-01
-1.592530459165573120e-01
-1.619978994131088257e-01
-1.647425144910812378e-01
-1.674873381853103638e-01
-1.702319681644439697e-01
-1.729767024517059326e-01
-1.757215112447738647e-01
-1.784663051366806030e-01
-1.812108010053634644e-01
-1.839556246995925903e-01
-1.867004483938217163e-01
-1.894452273845672607e-01
-1.921898424625396729e-01
-1.949349045753479004e-01
-1.976793855428695679e-01
-2.004242986440658569e-01
-2.031690031290054321e-01
-2.059136629104614258e-01
-2.086585462093353271e-01
-2.114031165838241577e-01
-2.141479849815368652e-01
-2.168926447629928589e-01
-2.196374833583831787e-01
-2.223820835351943970e-01
-2.251269072294235229e-01
-2.278715670108795166e-01
-2.415952086448669434e-01
-2.443399578332901001e-01
-2.470847666263580322e-01
-2.498294264078140259e-01
-2.525742948055267334e-01
-2.553189098834991455e-01
-2.580637335777282715e-01
-2.608083486557006836e-01
-2.635532617568969727e-01
-2.662979066371917725e-01
-2.690425515174865723e-01
-2.717874646186828613e-01
-2.745321393013000488e-01
-2.772769033908843994e-01
-2.800216972827911377e-01
-2.827664613723754883e-01
-2.855110764503479004e-01
-2.882558703422546387e-01
-2.910006046295166016e-01
-2.937454879283905029e-01
-2.964901626110076904e-01
-2.992349565029144287e-01
-3.019796311855316162e-01
-3.047243952751159668e-01
-3.074690103530883789e-01
-3.102137446403503418e-01
-3.129583597183227539e-01
-3.157031536102294922e-01
-3.294271528720855713e-01
-3.321717679500579834e-01
-3.349163532257080078e-01
-3.376612365245819092e-01
-3.404058814048767090e-01
-3.431506454944610596e-01
-3.458955883979797363e-01
-3.486400842666625977e-01
-3.513849973678588867e-01
-3.541296124458312988e-01
-3.568743467330932617e-01
-3.596189022064208984e-01
-3.623637557029724121e-01
-3.651083707809448242e-01
-3.678532838821411133e-01
-3.705978393554687500e-01
-3.733427524566650391e-01
-3.760875463485717773e-01
-3.788324892520904541e-01
-3.815771639347076416e-01
-3.843218088150024414e-01
-3.870665431022644043e-01
-3.898111879825592041e-01
-3.925560414791107178e-01
-3.953007161617279053e-01
-3.980457484722137451e-01
-4.007900655269622803e-01
-4.035349786281585693e-01
-4.172584712505340576e-01
-4.200034141540527344e-01
-4.227480292320251465e-01
-4.254928529262542725e-01
-4.282374680042266846e-01
-4.309823215007781982e-01
-4.337272346019744873e-01
-4.364719390869140625e-01
-4.392165541648864746e-01
-4.419615566730499268e-01
-4.447059929370880127e-01
-4.474507868289947510e-01
-4.501955211162567139e-01
-4.529404044151306152e-01
-4.556851983070373535e-01
-4.584296643733978271e-01
-4.611744582653045654e-01
-4.639190435409545898e-01
-4.666639566421508789e-01
-4.694088697433471680e-01
-4.721534550189971924e-01
-4.748981893062591553e-01
-4.776430130004882812e-01
-4.803876876831054688e-01
-4.831323325634002686e-01
-4.858770072460174561e-01
-4.886219203472137451e-01
-4.913666546344757080e-01
-5.050904154777526855e-01
-5.078349113464355469e-01
-5.105798244476318359e-01
-5.133244991302490234e-01
-5.160694122314453125e-01
-5.188140869140625000e-01
-5.215588212013244629e-01
-5.243036746978759766e-01
-5.270481109619140625e-01
-5.297930240631103516e-01
-5.325378179550170898e-01
-5.352823138236999512e-01
-5.380271077156066895e-01
-5.407717823982238770e-01
-5.435167551040649414e-01
-5.462613701820373535e-01
-5.490061640739440918e-01
-5.517506599426269531e-01
-5.544957518577575684e-01
-5.572403073310852051e-01
-5.599851608276367188e-01
-5.627298355102539062e-01
-5.654747486114501953e-01
-5.682194232940673828e-01
-5.709640383720397949e-01
-5.737089514732360840e-01
-5.764536857604980469e-01
-5.791984200477600098e-01
-5.929219126701354980e-01
-5.956668853759765625e-01
-5.984112024307250977e-01
-6.011562347412109375e-01
-6.039007306098937988e-01
-6.066457629203796387e-01
-6.093903779983520508e-01
-6.121351718902587891e-01
-6.148799657821655273e-01
-6.176245808601379395e-01
-6.203694939613342285e-01
-6.231139302253723145e-01
-6.258590221405029297e-01
-6.286037564277648926e-01
-6.313484907150268555e-01
-6.340929865837097168e-01
-6.368380784988403320e-01
-6.395826339721679688e-01
-6.423272490501403809e-01
-6.450719833374023438e-01
-6.478169560432434082e-01
-6.505617499351501465e-01
-6.533064842224121094e-01
-6.560509800910949707e-01
-6.587960720062255859e-01
-6.615402102470397949e-01
-6.642851233482360840e-01
-6.670301556587219238e-01
-6.807538866996765137e-01
-6.834985017776489258e-01
-6.862432956695556641e-01
-6.889879703521728516e-01
-6.917328834533691406e-01
-6.944776177406311035e-01
-6.972222328186035156e-01
-6.999669671058654785e-01
-7.027116417884826660e-01
-7.054560184478759766e-01
-7.082010507583618164e-01
-7.109456658363342285e-01
-7.136905193328857422e-01
-7.164354324340820312e-01
-7.191799283027648926e-01
-7.219251990318298340e-01
-7.246695160865783691e-01
-7.274144887924194336e-01
-7.301588058471679688e-01
-7.329038977622985840e-01
-7.356483340263366699e-01
-7.383936643600463867e-01
-7.411382198333740234e-01
-7.438829541206359863e-01
-7.466278076171875000e-01
-7.493720054626464844e-01
-7.521172165870666504e-01
-7.548615932464599609e-01
-7.685850858688354492e-01
-7.713298201560974121e-01
-7.740750908851623535e-01
-7.768194675445556641e-01
-7.795641422271728516e-01
-7.823090553283691406e-01
-7.850539088249206543e-01
-7.877986431121826172e-01
-7.905433177947998047e-01
-7.932881116867065430e-01
-7.960326075553894043e-01
-7.987772226333618164e-01
-8.015220165252685547e-01
-8.042671084403991699e-01
-8.070116043090820312e-01
-8.097564578056335449e-01
-8.125014305114746094e-01
-8.152463436126708984e-01
-8.179908990859985352e-01
-8.207357525825500488e-01
-8.234801292419433594e-01
-8.262249827384948730e-01
-8.289700746536254883e-01
-8.317143917083740234e-01
-8.344593048095703125e-01
-8.372042179107666016e-01
-8.399487733840942383e-01
-8.426932096481323242e-01
-8.564167022705078125e-01
-8.591619133949279785e-01
-8.619062304496765137e-01
-8.646511435508728027e-01
-8.673954606056213379e-01
-8.701409101486206055e-01
-8.728854656219482422e-01
-8.756303787231445312e-01
-8.783748745918273926e-01
-8.811199069023132324e-01
-8.838645219802856445e-01
-8.866091370582580566e-01
-8.893538713455200195e-01
-8.920987844467163086e-01
-8.948434591293334961e-01
-8.975879549980163574e-01
-9.003329277038574219e-01
-9.030776619911193848e-01
-9.058220982551574707e-01
-9.085668325424194336e-01
-9.113119840621948242e-01
-9.140560030937194824e-01
-9.168012142181396484e-01
-9.195458292961120605e-01
-9.222909212112426758e-01
-9.250354766845703125e-01
-9.277803301811218262e-01
-9.305250644683837891e-01
-9.442487955093383789e-01
-9.469935894012451172e-01
-9.497382640838623047e-01
-9.524832367897033691e-01
-9.552277326583862305e-01
-9.579725265502929688e-01
-9.607172608375549316e-01
-9.634618759155273438e-01
-9.662067294120788574e-01
-9.689517021179199219e-01
-9.716964960098266602e-01
-9.744408726692199707e-01
-9.771854877471923828e-01
-9.799304008483886719e-01
-9.826753735542297363e-01
-9.854198098182678223e-01
-9.881647229194641113e-01
-9.909095168113708496e-01
-9.936542510986328125e-01
-9.963991641998291016e-01
-9.991434812545776367e-01
-1.001888394355773926e+00
-1.004632949829101562e+00
-1.007377982139587402e+00
-1.010122418403625488e+00
-1.012867450714111328e+00
-1.015612125396728516e+00
-1.018356561660766602e+00
-1.032080650329589844e+00
-1.034825205802917480e+00
-1.037570238113403320e+00
-1.040314555168151855e+00
-1.043059349060058594e+00
-1.045804381370544434e+00
-1.048548936843872070e+00
-1.051293492317199707e+00
-1.054038166999816895e+00
-1.056783199310302734e+00
-1.059528231620788574e+00
-1.062272429466247559e+00
-1.065017342567443848e+00
-1.067762136459350586e+00
-1.070507049560546875e+00
-1.073251128196716309e+00
-1.075996398925781250e+00
-1.078741431236267090e+00
-1.081485986709594727e+00
-1.084230303764343262e+00
-1.086975693702697754e+00
-1.089720249176025391e+00
-1.092464327812194824e+00
-1.095209598541259766e+00
-1.097954034805297852e+00
-1.100698947906494141e+00
-1.103443264961242676e+00
-1.106188416481018066e+00
-1.119912624359130859e+00
-1.122656583786010742e+00
-1.125401496887207031e+00
-1.128146529197692871e+00
-1.130891442298889160e+00
-1.133635997772216797e+00
-1.136380553245544434e+00
-1.139125466346740723e+00
-1.141869902610778809e+00
-1.144614458084106445e+00
-1.147359728813171387e+00
-1.150104522705078125e+00
-1.152849197387695312e+00
-1.155593872070312500e+00
-1.158338069915771484e+00
-1.161082983016967773e+00
-1.163827896118164062e+00
-1.166572809219360352e+00
-1.169317364692687988e+00
-1.172062277793884277e+00
-1.174806714057922363e+00
-1.177551746368408203e+00
-1.180296063423156738e+00
-1.183041095733642578e+00
-1.185786008834838867e+00
-1.188530445098876953e+00
-1.191275358200073242e+00
-1.194020271301269531e+00
-1.207744002342224121e+00
-1.210488915443420410e+00
-1.213233232498168945e+00
-1.215977787971496582e+00
-1.218722820281982422e+00
-1.221467256546020508e+00
-1.224212050437927246e+00
-1.226957440376281738e+00
-1.229701638221740723e+00
-1.232446432113647461e+00
-1.235191226005554199e+00
-1.237936139106750488e+00
-1.240680456161499023e+00
-1.243425607681274414e+00
-1.246170282363891602e+00
-1.248915195465087891e+00
-1.251659631729125977e+00
-1.254404187202453613e+00
-1.257149100303649902e+00
-1.259894013404846191e+00
-1.262638568878173828e+00
-1.265383362770080566e+00
-1.268128156661987305e+00
-1.270872712135314941e+00
-1.273616909980773926e+00
-1.276362180709838867e+00
-1.279107093811035156e+00
-1.281852006912231445e+00
-1.295575618743896484e+00
-1.298320531845092773e+00
-1.301065087318420410e+00
-1.303809523582458496e+00
-1.306554436683654785e+00
-1.309299468994140625e+00
-1.312044382095336914e+00
-1.314788222312927246e+00
-1.317533135414123535e+00
-1.320277810096740723e+00
-1.323022961616516113e+00
-1.325767755508422852e+00
-1.328512549400329590e+00
-1.331257224082946777e+00
-1.334001779556274414e+00
-1.336746215820312500e+00
-1.339491367340087891e+00
-1.342236042022705078e+00
-1.344980835914611816e+00
-1.347725749015808105e+00
-1.350470542907714844e+00
-1.353215336799621582e+00
-1.355959653854370117e+00
-1.358704447746276855e+00
-1.361449003219604492e+00
-1.364193558692932129e+00
-1.366938471794128418e+00
-1.369683265686035156e+00
-1.383407711982727051e+00
-1.386151552200317383e+00
-1.388896942138671875e+00
-1.391641855239868164e+00
-1.394386172294616699e+00
-1.397130846977233887e+00
-1.399875640869140625e+00
-1.402620673179626465e+00
-1.405364751815795898e+00
-1.408109545707702637e+00
-1.410854816436767578e+00
-1.413599491119384766e+00
-1.416344285011291504e+00
-1.419088721275329590e+00
-1.421833276748657227e+00
-1.424578547477722168e+00
-1.427323222160339355e+00
-1.430068135261535645e+00
-1.432812571525573730e+00
-1.435556769371032715e+00
-1.438301920890808105e+00
-1.441046595573425293e+00
-1.443791508674621582e+00
-1.446535944938659668e+00
-1.449280381202697754e+00
-1.452025771141052246e+00
-1.454770326614379883e+00
-1.457515120506286621e+00
-1.471239209175109863e+00
-1.473983883857727051e+00
-1.476727962493896484e+00
-1.479472875595092773e+00
-1.482217669486999512e+00
-1.484962344169616699e+00
-1.487707018852233887e+00
-1.490452051162719727e+00
-1.493196964263916016e+00
-1.495941400527954102e+00
-1.498686313629150391e+00
-1.501431226730346680e+00
-1.504175782203674316e+00
-1.506920218467712402e+00
-1.509665250778198242e+00
-1.512410163879394531e+00
-1.515154242515563965e+00
-1.517899990081787109e+00
-1.520644783973693848e+00
-1.523388981819152832e+00
-1.526133894920349121e+00
-1.528878092765808105e+00
-1.531623005867004395e+00
-1.534368157386779785e+00
-1.537112236022949219e+00
-1.539857268333435059e+00
-1.542602062225341797e+00
-1.545346498489379883e+00
-1.559070825576782227e+00
-1.561815381050109863e+00
-1.564560532569885254e+00
-1.567304968833923340e+00
-1.570049166679382324e+00
-1.572794437408447266e+00
-1.575539112091064453e+00
-1.578283548355102539e+00
-1.581028699874877930e+00
-1.583773732185363770e+00
-1.586518168449401855e+00
-1.589262843132019043e+00
-1.592007756233215332e+00
-1.594752073287963867e+00
-1.597497105598449707e+00
-1.600241899490356445e+00
-1.602986216545104980e+00
-1.605731368064880371e+00
-1.608476042747497559e+00
-1.611220359802246094e+00
-1.613965749740600586e+00
-1.616710186004638672e+00
-1.619455456733703613e+00
-1.622199535369873047e+00
-1.624944686889648438e+00
-1.627689123153686523e+00
-1.630433678627014160e+00
-1.633178830146789551e+00
-1.646902322769165039e+00
-1.649647116661071777e+00
-1.652391314506530762e+00
-1.655136466026306152e+00
-1.657881379127502441e+00
-1.660625934600830078e+00
-1.663371205329895020e+00
-1.666115522384643555e+00
-1.668860197067260742e+00
-1.671604394912719727e+00
-1.674349427223205566e+00
-1.677094101905822754e+00
-1.679839253425598145e+00
-1.682583689689636230e+00
-1.685328841209411621e+00
-1.688073396682739258e+00
-1.690817952156066895e+00
-1.693562865257263184e+00
-1.696307301521301270e+00
-1.699052214622497559e+00
-1.701796889305114746e+00
-1.704542040824890137e+00
-1.707286953926086426e+00
-1.710031032562255859e+00
-1.712776184082031250e+00
-1.715520858764648438e+00
-1.718265175819396973e+00
-1.721010088920593262e+00
-1.734733581542968750e+00
-1.737478613853454590e+00
-1.740223407745361328e+00
-1.742967486381530762e+00
-1.745712995529174805e+00
-1.748457789421081543e+00
-1.751202225685119629e+00
-1.753946781158447266e+00
-1.756691813468933105e+00
-1.759436368942260742e+00
-1.762180924415588379e+00
-1.764925837516784668e+00
-1.767670750617980957e+00
-1.770416021347045898e+00
-1.773159623146057129e+00
-1.775905370712280273e+00
-1.778649926185607910e+00
-1.781394839286804199e+00
-1.784138917922973633e+00
-1.786884307861328125e+00
-1.789628744125366211e+00
-1.792373657226562500e+00
-1.795118808746337891e+00
-1.797863006591796875e+00
-1.800607919692993164e+00
-1.803351998329162598e+00
-1.806097030639648438e+00
-1.808841943740844727e+00
-1.822565555572509766e+00
-1.825310587882995605e+00
-1.828055500984191895e+00
-1.830799937248229980e+00
-1.833544492721557617e+00
-1.836289644241333008e+00
-1.839034199714660645e+00
-1.841778635978698730e+00
-1.844522833824157715e+00
-1.847268462181091309e+00
-1.850013375282287598e+00
-1.852757573127746582e+00
-1.855502128601074219e+00
-1.858247399330139160e+00
-1.860991835594177246e+00
-1.863736748695373535e+00
-1.866481423377990723e+00
-1.869226574897766113e+00
-1.871971011161804199e+00
-1.874715924263000488e+00
-1.877460598945617676e+00
-1.880205035209655762e+00
-1.882949471473693848e+00
-1.885694503784179688e+00
-1.888439536094665527e+00
-1.891184329986572266e+00
-1.893928766250610352e+00
-1.896674394607543945e+00
-1.910398006439208984e+00
-1.913142442703247070e+00
-1.915886402130126953e+00
-1.918631911277770996e+00
-1.921376824378967285e+00
-1.924120783805847168e+00
-1.926865577697753906e+00
-1.929610729217529297e+00
-1.932355046272277832e+00
-1.935100436210632324e+00
-1.937844991683959961e+00
-1.940589070320129395e+00
-1.943334102630615234e+00
-1.946078538894653320e+00
-1.948823451995849609e+00
-1.951567769050598145e+00
-1.954313278198242188e+00
-1.957057595252990723e+00
-1.959803104400634766e+00
-1.962547183036804199e+00
-1.965292096138000488e+00
-1.968036651611328125e+00
-1.970781564712524414e+00
-1.973526239395141602e+00
-1.976270914077758789e+00
-1.979015707969665527e+00
-1.981761097908020020e+00
-1.984505295753479004e+00
-1.998228907585144043e+00
-2.000973701477050781e+00
-2.003718376159667969e+00
-2.006463050842285156e+00
-2.009207963943481445e+00
-2.011952161788940430e+00
-2.014697313308715820e+00
-2.017442226409912109e+00
-2.020187616348266602e+00
-2.022931337356567383e+00
-2.025676012039184570e+00
-2.028421401977539062e+00
-2.031165599822998047e+00
-2.033911466598510742e+00
-2.036655426025390625e+00
-2.039400100708007812e+00
-2.042144775390625000e+00
-2.044889688491821289e+00
-2.047633647918701172e+00
-2.050378799438476562e+00
-2.053123712539672852e+00
-2.055867671966552734e+00
-2.058613061904907227e+00
-2.061357498168945312e+00
-2.064102172851562500e+00
-2.066847085952758789e+00
-2.069592714309692383e+00
-2.072336912155151367e+00
