2.765694856643676758e-01
2.769341170787811279e-01
2.772992253303527832e-01
2.776644229888916016e-01
2.780300676822662354e-01
2.783960402011871338e-01
2.787624001502990723e-01
2.791290283203125000e-01
2.794959545135498047e-01
2.798635065555572510e-01
2.884037494659423828e-01
2.887789607048034668e-01
2.891547381877899170e-01
2.895306944847106934e-01
2.899071574211120605e-01
2.902837991714477539e-01
2.906607389450073242e-01
2.910382449626922607e-01
2.914160192012786865e-01
2.917940020561218262e-01
3.005828559398651123e-01
3.009690344333648682e-01
3.013556003570556641e-01
3.017426133155822754e-01
3.021298944950103760e-01
3.025174438953399658e-01
3.029052615165710449e-01
3.032934665679931641e-01
3.036823272705078125e-01
3.040711581707000732e-01
3.131128549575805664e-01
3.135101497173309326e-01
3.139076828956604004e-01
3.143058121204376221e-01
3.147040605545043945e-01
3.151027560234069824e-01
3.155017793178558350e-01
3.159011304378509521e-01
3.163008391857147217e-01
3.167010247707366943e-01
3.259998559951782227e-01
3.264083862304687500e-01
3.268172144889831543e-01
3.272265195846557617e-01
3.276358544826507568e-01
3.280459344387054443e-01
3.284563422203063965e-01
3.288670182228088379e-01
3.292779922485351562e-01
3.296893239021301270e-01
3.392497003078460693e-01
3.396694958209991455e-01
3.400898873805999756e-01
3.405106663703918457e-01
3.409316539764404297e-01
3.413531184196472168e-01
3.417749106884002686e-01
3.421970009803771973e-01
3.426193892955780029e-01
3.430422246456146240e-01
3.528684079647064209e-01
3.533000051975250244e-01
3.537320196628570557e-01
3.541643619537353516e-01
3.545970320701599121e-01
3.550301790237426758e-01
3.554634451866149902e-01
3.558973371982574463e-01
3.563314974308013916e-01
3.567659854888916016e-01
3.668624758720397949e-01
3.673058748245239258e-01
3.677497506141662598e-01
3.681938946247100830e-01
3.686383962631225586e-01
3.690833449363708496e-01
3.695285916328430176e-01
3.699742555618286133e-01
3.704202473163604736e-01
3.708666563034057617e-01
3.812377154827117920e-01
3.816931843757629395e-01
3.821489810943603516e-01
3.826052248477935791e-01
3.830618560314178467e-01
3.835187554359436035e-01
3.839760422706604004e-01
3.844337165355682373e-01
3.848918974399566650e-01
3.853504061698913574e-01
3.960007727146148682e-01
3.964683413505554199e-01
3.969363570213317871e-01
3.974048495292663574e-01
3.978735208511352539e-01
3.983428180217742920e-01
3.988123536109924316e-01
3.992823362350463867e-01
3.997526764869689941e-01
4.002235829830169678e-01
