1.529209852218627930e+00
-7.080706954002380371e-02
-7.871666550636291504e-01
-1.345197796821594238e+00
-2.918565988540649414e+00
-2.535585641860961914e+00
-2.830204665660858154e-01
-3.407189846038818359e-01
-8.854061365127563477e-01
5.833848714828491211e-01
1.385293006896972656e+00
-1.898122668266296387e+00
-3.307772874832153320e+00
-1.059151411056518555e+00
-1.929646968841552734e+00
-5.532393932342529297e+00
-4.835557460784912109e+00
-1.122820019721984863e+00
-1.056735634803771973e+00
2.792048640549182892e-02
1.426003575325012207e-01
-2.233738660812377930e+00
-2.830564737319946289e+00
-2.691476643085479736e-01
1.617779135704040527e+00
-3.249394416809082031e+00
-5.442757606506347656e+00
-4.515292048454284668e-01
-9.650313109159469604e-02
-6.790869235992431641e-01
-4.614337980747222900e-01
6.534522175788879395e-01
1.532048463821411133e+00
-1.771773956716060638e-02
-5.633237361907958984e-01
-2.137200832366943359e+00
-3.742028236389160156e+00
4.916121959686279297e-01
1.232819110155105591e-01
-1.317114233970642090e+00
4.774965047836303711e-01
1.116492509841918945e+00
2.408866643905639648e+00
7.846146225929260254e-01
-1.724342584609985352e+00
-4.103680610656738281e+00
-5.824377059936523438e+00
-1.624151468276977539e+00
5.626196265220642090e-01
-1.236067891120910645e+00
4.660523831844329834e-01
-3.544785454869270325e-02
4.555578231811523438e-01
2.525025606155395508e-01
-7.230339646339416504e-01
-1.062410712242126465e+00
-4.450377941131591797e+00
-4.412509918212890625e+00
-4.246934950351715088e-01
-7.865949869155883789e-01
2.741247713565826416e-01
-2.599676549434661865e-01
-9.706907868385314941e-01
-9.457436203956604004e-01
-2.228903174400329590e-01
2.000932455062866211e+00
-2.486583888530731201e-01
-4.403775215148925781e+00
-2.108715772628784180e+00
-5.917233824729919434e-01
3.154138624668121338e-01
6.769205331802368164e-01
5.564389228820800781e-01
-6.750570237636566162e-02
-7.413718104362487793e-01
1.086469292640686035e+00
2.498753786087036133e+00
-3.839222908020019531e+00
-4.478356838226318359e+00
-1.105152219533920288e-01
5.279609560966491699e-01
4.863333404064178467e-01
7.327888607978820801e-01
1.034206151962280273e+00
6.355664134025573730e-01
3.662332594394683838e-01
8.652677536010742188e-01
-3.557718515396118164e+00
-3.931010961532592773e+00
7.046611905097961426e-01
1.433773756027221680e+00
1.200013086199760437e-01
-8.947188854217529297e-01
-6.146173551678657532e-02
5.289404392242431641e-01
3.576714098453521729e-01
-1.459206491708755493e-01
-2.953605651855468750e+00
-1.968554735183715820e+00
6.155228018760681152e-01
