1.406392753124237061e-01
1.404635906219482422e-01
1.402879059314727783e-01
1.401121914386749268e-01
1.399365067481994629e-01
1.397607922554016113e-01
1.395850628614425659e-01
1.394093483686447144e-01
1.392336040735244751e-01
1.390578597784042358e-01
1.350143253803253174e-01
1.348384618759155273e-01
1.346625983715057373e-01
1.344867497682571411e-01
1.343108564615249634e-01
1.341349631547927856e-01
1.339590847492218018e-01
1.337832212448120117e-01
1.336073279380798340e-01
1.334314495325088501e-01
1.293853223323822021e-01
1.292093694210052490e-01
1.290334612131118774e-01
1.288575232028961182e-01
1.286815851926803589e-01
1.285056173801422119e-01
1.283296942710876465e-01
1.281537711620330811e-01
1.279778331518173218e-01
1.278018802404403687e-01
1.237555965781211853e-01
1.235796958208084106e-01
1.234037950634956360e-01
1.232279017567634583e-01
1.230519860982894897e-01
1.228761076927185059e-01
1.227001771330833435e-01
1.225243136286735535e-01
1.223484426736831665e-01
1.221725866198539734e-01
1.181285381317138672e-01
1.179527789354324341e-01
1.177770271897315979e-01
1.176012679934501648e-01
1.174255087971687317e-01
1.172497794032096863e-01
1.170740574598312378e-01
1.168983206152915955e-01
1.167226135730743408e-01
1.165468916296958923e-01
1.125076189637184143e-01
1.123321279883384705e-01
1.121565923094749451e-01
1.119810938835144043e-01
1.118056252598762512e-01
1.116301193833351135e-01
1.114546805620193481e-01
1.112792119383811951e-01
1.111037656664848328e-01
1.109283119440078735e-01
1.068963855504989624e-01
1.067212373018264771e-01
1.065460741519927979e-01
1.063709408044815063e-01
1.061958447098731995e-01
1.060207188129425049e-01
1.058456450700759888e-01
1.056705862283706665e-01
1.054954901337623596e-01
1.053204536437988281e-01
1.012983620166778564e-01
1.011236757040023804e-01
1.009489968419075012e-01
1.007743254303932190e-01
1.005997136235237122e-01
1.004250720143318176e-01
1.002504825592041016e-01
1.000758856534957886e-01
9.990132600069046021e-02
9.972678869962692261e-02
9.571717679500579834e-02
9.554312378168106079e-02
9.536902606487274170e-02
9.519494324922561646e-02
9.502090513706207275e-02
9.484685957431793213e-02
9.467290341854095459e-02
9.449892491102218628e-02
9.432496130466461182e-02
9.415102750062942505e-02
9.015654772520065308e-02
8.998316526412963867e-02
8.980975300073623657e-02
8.963641524314880371e-02
8.946309238672256470e-02
8.928979933261871338e-02
8.911652863025665283e-02
8.894323557615280151e-02
8.877002447843551636e-02
8.859683573246002197e-02
