-2.454282760620117188e+00
-1.358241438865661621e+00
8.741106986999511719e-01
-5.679475665092468262e-01
-2.036324262619018555e+00
2.700499534606933594e+00
5.746076583862304688e+00
9.761359691619873047e-01
7.855800539255142212e-02
1.758935689926147461e+00
-2.387188196182250977e+00
-1.134419679641723633e+00
1.361395716667175293e+00
1.312632679939270020e+00
-1.873557686805725098e+00
1.129672884941101074e+00
5.818709373474121094e+00
1.921211123466491699e+00
-5.647666454315185547e-01
1.935448408126831055e+00
1.143672585487365723e+00
2.116932630538940430e+00
4.186139702796936035e-01
-9.934353232383728027e-01
-3.202164173126220703e+00
-1.734761148691177368e-01
4.605353355407714844e+00
2.317261934280395508e+00
-1.199807286262512207e+00
1.659006953239440918e+00
2.018991708755493164e+00
1.596650958061218262e+00
-2.024010181427001953e+00
-3.682171821594238281e+00
-4.285212516784667969e+00
-1.514069080352783203e+00
2.910695552825927734e+00
4.377065181732177734e+00
-3.925599753856658936e-01
5.079520344734191895e-01
9.293190240859985352e-01
8.817487359046936035e-01
-1.080694198608398438e+00
-1.904851913452148438e+00
-1.656398296356201172e+00
-1.566638469696044922e+00
3.870039284229278564e-01
5.771107196807861328e+00
2.065394639968872070e+00
-7.626477479934692383e-01
8.975408077239990234e-01
8.028537631034851074e-01
5.684601664543151855e-01
1.211565971374511719e+00
1.436828851699829102e+00
-2.808393001556396484e+00
-4.201017856597900391e+00
3.799769878387451172e+00
4.417791843414306641e+00
-7.209004759788513184e-01
9.477128386497497559e-01
1.182240843772888184e+00
1.397120475769042969e+00
1.370522260665893555e+00
1.072287559509277344e+00
-2.424555778503417969e+00
-6.541924953460693359e+00
4.619656503200531006e-01
4.397172451019287109e+00
3.270428478717803955e-01
3.544819355010986328e-01
1.654072165489196777e+00
2.342754602432250977e+00
1.019555330276489258e+00
4.577874541282653809e-01
-7.849190831184387207e-01
-4.904087543487548828e+00
6.496124863624572754e-01
2.780769824981689453e+00
4.371281564235687256e-01
-7.437961697578430176e-01
-3.878603279590606689e-01
1.605327844619750977e+00
2.364758014678955078e+00
2.187570810317993164e+00
6.691488623619079590e-01
-2.112427234649658203e+00
3.332487344741821289e+00
2.241069555282592773e+00
4.401838183403015137e-01
-6.210040450096130371e-01
-8.657742738723754883e-01
3.772619664669036865e-01
1.647527098655700684e+00
1.286049008369445801e+00
-4.998137056827545166e-01
-4.138096272945404053e-01
3.715476751327514648e+00
1.221567273139953613e+00
3.712446391582489014e-01
