1.240669563412666321e-01
8.138145785778760910e-04
1.320293545722961426e-01
1.205991268157958984e+00
-1.897508352994918823e-01
-2.016098976135253906e+00
-3.768370628356933594e+00
-1.685586094856262207e+00
-4.827757775783538818e-01
-9.349794983863830566e-01
1.839963555335998535e+00
2.728226661682128906e+00
2.954832315444946289e+00
3.657847881317138672e+00
1.770409464836120605e+00
-2.207892835140228271e-01
-1.361863136291503906e+00
-1.609563708305358887e+00
2.303267270326614380e-02
-8.153575658798217773e-01
6.314882636070251465e-01
4.020427167415618896e-01
9.764353632926940918e-01
2.411839962005615234e+00
7.111263871192932129e-01
-1.210373640060424805e+00
-2.369777560234069824e-01
1.099821776151657104e-01
5.831441283226013184e-01
-4.135748147964477539e-01
-2.272177934646606445e+00
-2.579406023025512695e+00
-1.433661699295043945e+00
-1.152536153793334961e+00
-2.436153888702392578e+00
-5.255009174346923828e+00
-3.593581199645996094e+00
-2.189899206161499023e+00
-1.741364747285842896e-01
6.119123101234436035e-02
-2.976988554000854492e-01
-4.225569069385528564e-01
7.787162810564041138e-02
3.097327053546905518e-01
1.490098595619201660e+00
-1.388144969940185547e+00
-2.105011701583862305e+00
-2.161165475845336914e+00
-1.700344681739807129e+00
5.239838361740112305e-01
-1.226726472377777100e-01
1.802233792841434479e-02
8.848103284835815430e-01
1.061558485031127930e+00
2.440766572952270508e+00
2.362000942230224609e+00
1.751468181610107422e+00
1.275779604911804199e+00
-2.139639616012573242e+00
-1.977427899837493896e-01
-5.089363455772399902e-01
-7.924897074699401855e-01
-1.368580937385559082e+00
-3.080330371856689453e+00
-2.423170804977416992e+00
1.893156915903091431e-01
-4.145260453224182129e-01
1.154325976967811584e-01
-1.082695484161376953e+00
5.449847579002380371e-01
-7.266758084297180176e-01
-1.456010341644287109e+00
-1.947810649871826172e+00
-2.706025362014770508e+00
-3.158869981765747070e+00
-2.753300905227661133e+00
-5.703949451446533203e+00
-4.496246814727783203e+00
-1.241571545600891113e+00
9.066858291625976562e-01
8.013762831687927246e-01
-5.471122860908508301e-01
-2.596761703491210938e+00
-2.933655023574829102e+00
-2.446817636489868164e+00
-3.178102731704711914e+00
-6.468292713165283203e+00
-6.568625450134277344e+00
-2.274600028991699219e+00
6.012289524078369141e-01
-4.869225621223449707e-02
4.331470131874084473e-01
-1.467240154743194580e-01
-1.126576066017150879e+00
-1.975956797599792480e+00
-1.557633042335510254e+00
-1.295308113098144531e+00
-2.272404670715332031e+00
2.727257311344146729e-01
1.445976018905639648e+00
