-1.744451224803924561e-01
-1.754105240106582642e-01
-3.191064596176147461e-01
-3.533455729484558105e-01
3.704362809658050537e-01
3.406721055507659912e-01
3.781008422374725342e-01
-7.652106881141662598e-01
-5.610003471374511719e-01
5.336560606956481934e-01
-1.744451224803924561e-01
-1.762680709362030029e-01
-3.626598119735717773e-01
-6.429513692855834961e-01
-7.892796993255615234e-01
-8.772588968276977539e-01
-1.793105900287628174e-01
5.371497273445129395e-01
2.857992053031921387e-01
5.362343788146972656e-01
-1.737442612648010254e-01
-1.955818533897399902e-01
-7.924045324325561523e-01
-6.454447507858276367e-01
-2.366537898778915405e-01
7.365357279777526855e-01
1.189319849014282227e+00
6.408078074455261230e-01
1.273631490767002106e-02
6.232134103775024414e-01
-1.812232285737991333e-01
-4.112282097339630127e-01
-2.955753207206726074e-01
8.371850848197937012e-01
6.751580834388732910e-01
7.032776623964309692e-02
-1.803220361471176147e-01
-2.413723021745681763e-01
3.189684748649597168e-01
5.232099294662475586e-01
-2.433936595916748047e-01
-3.333292007446289062e-01
-6.746979057788848877e-02
-1.136798024177551270e+00
-1.721552848815917969e+00
-7.978420853614807129e-01
7.276592254638671875e-01
2.936186194419860840e-01
5.534808039665222168e-01
1.899552494287490845e-01
-3.716148734092712402e-01
-4.670970439910888672e-01
-1.449895143508911133e+00
-1.683946728706359863e+00
6.709107756614685059e-01
1.910405755043029785e+00
1.165175795555114746e+00
2.193438410758972168e-01
3.999694883823394775e-01
-7.075260858982801437e-03
-4.984849393367767334e-01
-4.895690381526947021e-01
-1.178689122200012207e+00
1.852254033088684082e+00
2.196964979171752930e+00
2.951977550983428955e-01
-9.930693507194519043e-01
-5.259152650833129883e-01
2.789977192878723145e-01
-6.806156039237976074e-02
-2.666595280170440674e-01
-2.583853602409362793e-01
2.199084758758544922e-01
-1.975974440574645996e-01
-2.387135744094848633e+00
-2.103698253631591797e+00
-1.403958201408386230e-01
9.734761714935302734e-01
3.454395234584808350e-01
-1.590390205383300781e-01
-1.027346849441528320e+00
-2.325617551803588867e+00
-2.255408763885498047e+00
-4.698652327060699463e-01
2.602025985717773438e+00
3.724781990051269531e+00
2.224439859390258789e+00
2.575378715991973877e-01
-9.528141468763351440e-02
-1.864320635795593262e-01
-2.184400260448455811e-01
1.693377137184143066e+00
3.871619224548339844e+00
5.090584754943847656e+00
3.615028619766235352e+00
1.843934506177902222e-01
-3.439803123474121094e-01
2.099881321191787720e-01
1.765662133693695068e-01
-1.542769968509674072e-01
