2.369222491979598999e-01
5.820698738098144531e-01
2.192836523056030273e+00
4.153247833251953125e+00
3.232213497161865234e+00
1.756220698356628418e+00
3.847558975219726562e+00
6.137002944946289062e+00
3.638400793075561523e+00
8.966788053512573242e-01
2.410714924335479736e-01
-3.982275426387786865e-01
-1.246865510940551758e+00
2.124860882759094238e-01
1.563217639923095703e+00
8.817054033279418945e-01
1.669629454612731934e+00
4.439302921295166016e+00
4.805387496948242188e+00
1.617379784584045410e+00
-6.213439106941223145e-01
-1.369840025901794434e+00
-9.325535297393798828e-01
-1.936828494071960449e+00
-7.903640270233154297e-01
2.640451908111572266e+00
5.766845226287841797e+00
6.155595779418945312e+00
5.206321239471435547e+00
1.821738719940185547e+00
1.331290304660797119e-01
-4.487273842096328735e-02
8.651847243309020996e-01
-1.381062567234039307e-01
-6.628888249397277832e-01
2.805914580821990967e-01
3.175873279571533203e+00
5.733205318450927734e+00
6.719825267791748047e+00
3.527550220489501953e+00
1.124185204505920410e+00
1.242188096046447754e+00
7.697836756706237793e-01
-1.133539527654647827e-01
-1.327924132347106934e+00
-2.151550054550170898e+00
-4.159950315952301025e-01
4.034255504608154297e+00
6.472343444824218750e+00
5.467642307281494141e+00
9.468176960945129395e-01
9.873493313789367676e-01
1.042422093451023102e-02
-1.283197522163391113e+00
-2.186958312988281250e+00
-1.269554495811462402e+00
-6.782715320587158203e-01
5.016360878944396973e-01
3.278684139251708984e+00
6.634141921997070312e+00
8.882302045822143555e-01
8.510258197784423828e-01
5.832915902137756348e-01
-4.307129383087158203e-01
-9.431765675544738770e-01
-1.288155674934387207e+00
-1.915563225746154785e+00
-1.855531573295593262e+00
1.567016243934631348e+00
5.452527046203613281e+00
1.468384146690368652e+00
1.361932396888732910e+00
1.497289419174194336e+00
1.541515588760375977e+00
1.761919140815734863e+00
-7.267863750457763672e-01
-3.706817626953125000e+00
-3.511280775070190430e+00
1.070752620697021484e+00
3.479965686798095703e+00
1.044900298118591309e+00
6.622803211212158203e-01
2.363274574279785156e+00
4.743574142456054688e+00
5.478351116180419922e+00
2.882778644561767578e+00
1.326187133789062500e+00
2.402485132217407227e+00
4.167737483978271484e+00
2.745742797851562500e+00
8.916130661964416504e-01
3.726117312908172607e-01
5.377613902091979980e-01
1.650711655616760254e+00
4.512379646301269531e+00
4.799797534942626953e+00
4.470814704895019531e+00
2.367690324783325195e+00
2.773795604705810547e+00
2.946813583374023438e+00
