3.484515190124511719e+00
4.290091514587402344e+00
3.340325117111206055e+00
1.815592527389526367e+00
-1.186658501625061035e+00
-2.424024820327758789e+00
-2.311178445816040039e+00
-1.763047575950622559e+00
-1.800500452518463135e-01
-2.931509725749492645e-02
3.217871904373168945e+00
3.343430280685424805e+00
1.764399290084838867e+00
3.129056453704833984e+00
3.430613994598388672e+00
2.636892795562744141e+00
-8.340324759483337402e-01
-3.278262376785278320e+00
-1.889963626861572266e+00
-5.493638515472412109e-01
1.127037644386291504e+00
3.943595886230468750e+00
5.789194583892822266e+00
7.685865879058837891e+00
7.957647323608398438e+00
8.004690170288085938e+00
5.606754779815673828e+00
1.305101364850997925e-01
-1.037387490272521973e+00
-8.241247534751892090e-01
3.455294370651245117e-01
1.582289576530456543e+00
2.434823989868164062e+00
3.471318006515502930e+00
5.335900306701660156e+00
2.767255783081054688e+00
1.106431245803833008e+00
-8.301207423210144043e-01
-7.423409819602966309e-01
1.132860779762268066e-01
-1.664632856845855713e-01
2.925645709037780762e-01
1.534731984138488770e+00
2.715133190155029297e+00
4.908861637115478516e+00
2.973490715026855469e+00
5.689033865928649902e-01
-1.472510933876037598e+00
-3.203662395477294922e+00
-5.210763812065124512e-01
-1.844348311424255371e-01
-2.972593307495117188e-01
6.494444012641906738e-01
1.830568790435791016e+00
6.167806625366210938e+00
8.129213333129882812e+00
5.254539966583251953e+00
1.009707093238830566e+00
-3.085855722427368164e+00
-1.657887578010559082e+00
-2.780278921127319336e-01
-8.976901173591613770e-01
-5.099588632583618164e-01
9.861572086811065674e-02
2.439741849899291992e+00
5.344874858856201172e+00
4.653342247009277344e+00
5.409379482269287109e+00
7.693352103233337402e-01
-1.382358789443969727e+00
-4.807740151882171631e-01
-7.648074626922607422e-01
-1.203984737396240234e+00
-1.559000730514526367e+00
-1.105737209320068359e+00
1.202646613121032715e+00
2.221313476562500000e+00
4.679645061492919922e+00
1.369721412658691406e+00
-1.199397921562194824e+00
7.045748829841613770e-01
1.517578482627868652e+00
1.912546038627624512e+00
1.985017180442810059e+00
2.422397375106811523e+00
4.355986118316650391e+00
6.380348205566406250e+00
5.325132369995117188e+00
1.262573599815368652e+00
-2.130292654037475586e+00
1.685308218002319336e+00
2.609514474868774414e+00
2.257503271102905273e+00
1.755574226379394531e+00
2.235011100769042969e+00
2.850578069686889648e+00
3.792694568634033203e+00
1.308432102203369141e+00
-1.247767545282840729e-02
-1.310201287269592285e+00
