-1.808565020561218262e+00
-1.710241079330444336e+00
-1.694573521614074707e+00
-2.289650440216064453e+00
-2.798731327056884766e+00
-1.773486137390136719e+00
-1.847281932830810547e+00
-2.781656980514526367e+00
-7.746342420578002930e-01
1.591484308242797852e+00
-1.552757769823074341e-01
9.950411915779113770e-01
1.956360578536987305e+00
8.477764129638671875e-01
-2.613099575042724609e+00
-2.261752843856811523e+00
-1.290031075477600098e+00
-1.764513611793518066e+00
-9.642255306243896484e-01
8.751870989799499512e-01
1.109172105789184570e+00
1.263924837112426758e+00
-2.440450936555862427e-01
-2.250507593154907227e+00
-4.515553951263427734e+00
-3.415479898452758789e+00
-5.002872347831726074e-01
-4.979287683963775635e-01
5.365130305290222168e-01
3.300273716449737549e-01
6.400828957557678223e-01
5.899836122989654541e-02
-2.318574190139770508e+00
-5.044996261596679688e+00
-6.760097980499267578e+00
-4.732336044311523438e+00
-4.222670495510101318e-01
-1.356561899185180664e+00
-7.905836701393127441e-01
6.549177318811416626e-02
1.456808090209960938e+00
1.166949868202209473e+00
1.142615303397178650e-01
-8.347984552383422852e-01
-2.241987705230712891e+00
-3.461309909820556641e+00
-6.260074973106384277e-01
-1.405840754508972168e+00
-2.096578598022460938e+00
-8.236180543899536133e-01
1.841150879859924316e+00
1.934741735458374023e+00
1.558008432388305664e+00
1.435034871101379395e+00
1.473150849342346191e+00
-2.275050401687622070e+00
-1.258435606956481934e+00
3.037011921405792236e-01
-3.970068693161010742e-01
-1.247651696205139160e+00
1.923539042472839355e+00
2.024295091629028320e+00
1.609822273254394531e+00
8.615377545356750488e-01
8.316792249679565430e-01
-2.844756126403808594e+00
-3.569646596908569336e+00
-6.167098134756088257e-02
-1.752430498600006104e-01
-5.442874431610107422e-01
1.903331756591796875e+00
2.420156717300415039e+00
2.164891242980957031e+00
7.532426118850708008e-01
-7.892597913742065430e-01
-3.873692750930786133e+00
-5.920309066772460938e+00
-2.235093355178833008e+00
-1.650549650192260742e+00
-6.624866724014282227e-01
-4.341636300086975098e-01
-1.024193763732910156e+00
-1.444463610649108887e+00
-2.428430080413818359e+00
-3.140316724777221680e+00
-4.839669704437255859e+00
-7.471344470977783203e+00
-2.994960784912109375e+00
2.686068415641784668e-01
4.039496183395385742e-01
-6.118738055229187012e-01
-2.174041748046875000e+00
-2.894915103912353516e+00
-3.383342266082763672e+00
-3.529406309127807617e+00
-3.950117349624633789e+00
-4.230050563812255859e+00
-3.893523514270782471e-01
2.081747293472290039e+00
6.912316679954528809e-01
