2.383109331130981445e-01
2.385792434215545654e-01
2.388476729393005371e-01
2.391162365674972534e-01
2.393849045038223267e-01
2.396536618471145630e-01
2.399225682020187378e-01
2.401915937662124634e-01
2.404607236385345459e-01
2.407299578189849854e-01
2.409993410110473633e-01
2.412687987089157104e-01
2.415384203195571899e-01
2.418081015348434448e-01
2.420779317617416382e-01
2.423478960990905762e-01
2.426179647445678711e-01
2.428881525993347168e-01
2.431584298610687256e-01
2.434288412332534790e-01
2.436994016170501709e-01
2.439700365066528320e-01
2.442407906055450439e-01
2.445116788148880005e-01
2.447826564311981201e-01
2.450537681579589844e-01
2.453250139951705933e-01
2.455963641405105591e-01
2.469548434019088745e-01
2.472268640995025635e-01
2.474990487098693848e-01
2.477713227272033691e-01
2.480437308549880981e-01
2.483162134885787964e-01
2.485888600349426270e-01
2.488616108894348145e-01
2.491344511508941650e-01
2.494074255228042603e-01
2.496805191040039062e-01
2.499537467956542969e-01
2.502270638942718506e-01
2.505005002021789551e-01
2.507740855216979980e-01
2.510477602481842041e-01
2.513215243816375732e-01
2.515954077243804932e-01
2.518694400787353516e-01
2.521436214447021484e-01
2.524178624153137207e-01
2.526922225952148438e-01
2.529667615890502930e-01
2.532413303852081299e-01
2.535160779953002930e-01
2.537909150123596191e-01
2.540658712387084961e-01
2.543409466743469238e-01
2.557180225849151611e-01
2.559938132762908936e-01
2.562696635723114014e-01
2.565457224845886230e-01
2.568218410015106201e-01
2.570980787277221680e-01
2.573744356632232666e-01
2.576508820056915283e-01
2.579274773597717285e-01
2.582042217254638672e-01
2.584809958934783936e-01
2.587579488754272461e-01
2.590349912643432617e-01
2.593121528625488281e-01
2.595894634723663330e-01
2.598668932914733887e-01
2.601444125175476074e-01
2.604220509529113770e-01
2.606998085975646973e-01
2.609776258468627930e-01
2.612556219100952148e-01
2.615337371826171875e-01
2.618119418621063232e-01
2.620902657508850098e-01
2.623687386512756348e-01
2.626473009586334229e-01
2.629259824752807617e-01
2.632048130035400391e-01
2.646005451679229736e-01
2.648800015449523926e-01
2.651596665382385254e-01
2.654393911361694336e-01
2.657192349433898926e-01
2.659992277622222900e-01
2.662793099880218506e-01
2.665595412254333496e-01
2.668398320674896240e-01
2.671202123165130615e-01
2.674008011817932129e-01
2.676814198493957520e-01
2.679622471332550049e-01
2.682431340217590332e-01
2.685241699218750000e-01
2.688052654266357422e-01
2.690865397453308105e-01
2.693678736686706543e-01
2.696493566036224365e-01
2.699309289455413818e-01
2.702126801013946533e-01
2.704944908618927002e-01
2.707764506340026855e-01
2.710585594177246094e-01
2.713406682014465332e-01
2.716229557991027832e-01
2.719053924083709717e-01
2.721879184246063232e-01
2.736022770404815674e-01
2.738855183124542236e-01
2.741688489913940430e-01
2.744523286819458008e-01
2.747358977794647217e-01
2.750195860862731934e-01
2.753033936023712158e-01
2.755872607231140137e-01
2.758713662624359131e-01
2.761555314064025879e-01
2.764397859573364258e-01
2.767241895198822021e-01
2.770086824893951416e-01
2.772933244705200195e-01
2.775780558586120605e-01
2.778629064559936523e-01
2.781478464603424072e-01
2.784329652786254883e-01
2.787181437015533447e-01
2.790034711360931396e-01
2.792889177799224854e-01
2.795745134353637695e-01
2.798601388931274414e-01
2.801459431648254395e-01
2.804318368434906006e-01
2.807178795337677002e-01
2.810040116310119629e-01
2.812902629375457764e-01
2.827232182025909424e-01
2.830102145671844482e-01
2.832972407341003418e-01
2.835844159126281738e-01
2.838717699050903320e-01
2.841591536998748779e-01
2.844466865062713623e-01
2.847343385219573975e-01
2.850221097469329834e-01
2.853100001811981201e-01
2.855979800224304199e-01
2.858860790729522705e-01
2.861742973327636719e-01
2.864626646041870117e-01
2.867510914802551270e-01
2.870397269725799561e-01
2.873283624649047852e-01
2.876172363758087158e-01
2.879061400890350342e-01
2.881951928138732910e-01
2.884843647480010986e-01
2.887735962867736816e-01
2.890630066394805908e-01
2.893525362014770508e-01
2.896421253681182861e-01
2.899318933486938477e-01
2.902217209339141846e-01
2.905117273330688477e-01
2.919633388519287109e-01
2.922540009021759033e-01
2.925448119640350342e-01
2.928356826305389404e-01
2.931267023086547852e-01
2.934178709983825684e-01
2.937090992927551270e-01
2.940004765987396240e-01
2.942919731140136719e-01
2.945835292339324951e-01
2.948752641677856445e-01
2.951670885086059570e-01
2.954590618610382080e-01
2.957511246204376221e-01
2.960433363914489746e-01
2.963356375694274902e-01
2.966280281543731689e-01
2.969205379486083984e-01
2.972131967544555664e-01
2.975059747695922852e-01
2.977988719940185547e-01
2.980918288230895996e-01
2.983849644660949707e-01
2.986781597137451172e-01
2.989715337753295898e-01
2.992649972438812256e-01
2.995585799217224121e-01
2.998522818088531494e-01
3.013224601745605469e-01
3.016168773174285889e-01
3.019113838672637939e-01
3.022060096263885498e-01
3.025007545948028564e-01
3.027955889701843262e-01
3.030905723571777344e-01
3.033856153488159180e-01
3.036808669567108154e-01
3.039761483669281006e-01
3.042716085910797119e-01
3.045671284198760986e-01
3.048628270626068115e-01
3.051585853099822998e-01
3.054544925689697266e-01
3.057505488395690918e-01
3.060466349124908447e-01
3.063428997993469238e-01
3.066393435001373291e-01
3.069357872009277344e-01
3.072323501110076904e-01
3.075290620326995850e-01
3.078258931636810303e-01
3.081228435039520264e-01
3.084198832511901855e-01
3.087170422077178955e-01
3.090143799781799316e-01
3.093117773532867432e-01
3.108005523681640625e-01
3.110986948013305664e-01
3.113969266414642334e-01
3.116952776908874512e-01
3.119936585426330566e-01
3.122922480106353760e-01
3.125910162925720215e-01
3.128897547721862793e-01
3.131887018680572510e-01
3.134877085685729980e-01
3.137869238853454590e-01
3.140861392021179199e-01
3.143855631351470947e-01
3.146850168704986572e-01
3.149846494197845459e-01
3.152844011783599854e-01
3.155841827392578125e-01
3.158842027187347412e-01
3.161842823028564453e-01
3.164844512939453125e-01
3.167847394943237305e-01
3.170852065086364746e-01
3.173857331275939941e-01
3.176863789558410645e-01
3.179871737957000732e-01
3.182880878448486328e-01
3.185890614986419678e-01
3.188901841640472412e-01
3.203975558280944824e-01
3.206993937492370605e-01
3.210013508796691895e-01
3.213033378124237061e-01
3.216055035591125488e-01
3.219078481197357178e-01
3.222101628780364990e-01
3.225127160549163818e-01
3.228153586387634277e-01
3.231180906295776367e-01
3.234209716320037842e-01
3.237239420413970947e-01
3.240270614624023438e-01
3.243302404880523682e-01
3.246335387229919434e-01
3.249370455741882324e-01
3.252406120300292969e-01
3.255442380905151367e-01
3.258480727672576904e-01
3.261519670486450195e-01
3.264560103416442871e-01
3.267601728439331055e-01
3.270643353462219238e-01
3.273687660694122314e-01
3.276731967926025391e-01
3.279778063297271729e-01
3.282825350761413574e-01
3.285873532295227051e-01
3.301132619380950928e-01
3.304187953472137451e-01
3.307244181632995605e-01
3.310301899909973145e-01
3.313360512256622314e-01
3.316420018672943115e-01
3.319481909275054932e-01
3.322544097900390625e-01
3.325607478618621826e-01
3.328672051429748535e-01
3.331737816333770752e-01
3.334804773330688477e-01
3.337872326374053955e-01
3.340941965579986572e-01
3.344011902809143066e-01
3.347083330154418945e-01
3.350155949592590332e-01
3.353229761123657227e-01
3.356305062770843506e-01
3.359380960464477539e-01
3.362458348274230957e-01
3.365536630153656006e-01
3.368616700172424316e-01
3.371697068214416504e-01
3.374779224395751953e-01
3.377861976623535156e-01
3.380946516990661621e-01
3.384032249450683594e-01
3.399475812911987305e-01
3.402568399906158447e-01
3.405661880970001221e-01
3.408756852149963379e-01
3.411852419376373291e-01
3.414949178695678711e-01
3.418047130107879639e-01
3.421146869659423828e-01
3.424247205257415771e-01
3.427348434925079346e-01
3.430451452732086182e-01
3.433555364608764648e-01
3.436660468578338623e-01
3.439767062664031982e-01
3.442874252796173096e-01
3.445982635021209717e-01
3.449091911315917969e-01
3.452202677726745605e-01
3.455315232276916504e-01
3.458428382873535156e-01
3.461542427539825439e-01
3.464657664299011230e-01
3.467774689197540283e-01
3.470892310142517090e-01
3.474011123180389404e-01
3.477130830287933350e-01
3.480252623558044434e-01
3.483375012874603271e-01
3.499004244804382324e-01
3.502133786678314209e-01
3.505263924598693848e-01
3.508395850658416748e-01
3.511528074741363525e-01
3.514662384986877441e-01
3.517796993255615234e-01
3.520933985710144043e-01
3.524071872234344482e-01
3.527209460735321045e-01
3.530349731445312500e-01
3.533490002155303955e-01
3.536632657051086426e-01
3.539775907993316650e-01
3.542919754981994629e-01
3.546065390110015869e-01
3.549211919307708740e-01
3.552359938621520996e-01
3.555508553981781006e-01
3.558658957481384277e-01
3.561810255050659180e-01
3.564962744712829590e-01
3.568116426467895508e-01
3.571271598339080811e-01
3.574427068233489990e-01
3.577584028244018555e-01
3.580741882324218750e-01
3.583901524543762207e-01
3.599715530872344971e-01
3.602881431579589844e-01
3.606049120426177979e-01
3.609217703342437744e-01
3.612387478351593018e-01
3.615558445453643799e-01
3.618730306625366211e-01
3.621903657913208008e-01
3.625077903270721436e-01
3.628253340721130371e-01
3.631430268287658691e-01
3.634608089923858643e-01
3.637787103652954102e-01
3.640967011451721191e-01
3.644148707389831543e-01
3.647330701351165771e-01
3.650514781475067139e-01
3.653698861598968506e-01
3.656885027885437012e-01
3.660071790218353271e-01
3.663259744644165039e-01
3.666450381278991699e-01
3.669639825820922852e-01
3.672831654548645020e-01
3.676024377346038818e-01
3.679218292236328125e-01
3.682413399219512939e-01
3.685609698295593262e-01
3.701608777046203613e-01
3.704811930656433105e-01
3.708016276359558105e-01
3.711221516132354736e-01
3.714428544044494629e-01
3.717635869979858398e-01
3.720844984054565430e-01
3.724054992198944092e-01
3.727265894412994385e-01
3.730478882789611816e-01
3.733691573143005371e-01
3.736906647682189941e-01
3.740122318267822266e-01
3.743339478969573975e-01
3.746557235717773438e-01
3.749776780605316162e-01
3.752997815608978271e-01
3.756218552589416504e-01
3.759442269802093506e-01
3.762665987014770508e-01
3.765890896320343018e-01
3.769116699695587158e-01
3.772344589233398438e-01
3.775573074817657471e-01
3.778803050518035889e-01
3.782033026218414307e-01
3.785265386104583740e-01
3.788498044013977051e-01
3.804681003093719482e-01
3.807920813560485840e-01
3.811162114143371582e-01
3.814404308795928955e-01
3.817647993564605713e-01
3.820892274379730225e-01
3.824138343334197998e-01
3.827385008335113525e-01
3.830633461475372314e-01
3.833882212638854980e-01
3.837132751941680908e-01
3.840384483337402344e-01
3.843637108802795410e-01
3.846890926361083984e-01
3.850146234035491943e-01
3.853401839733123779e-01
3.856659531593322754e-01
3.859917521476745605e-01
3.863176703453063965e-01
3.866437673568725586e-01
3.869699239730834961e-01
3.872962594032287598e-01
3.876226842403411865e-01
3.879491984844207764e-01
3.882758617401123047e-01
3.886025846004486084e-01
3.889294266700744629e-01
3.892564773559570312e-01
3.908931314945220947e-01
3.912208080291748047e-01
3.915486931800842285e-01
3.918765783309936523e-01
3.922045230865478516e-01
3.925327062606811523e-01
3.928609192371368408e-01
3.931893110275268555e-01
3.935177922248840332e-01
3.938463926315307617e-01
3.941751122474670410e-01
3.945039510726928711e-01
3.948328197002410889e-01
3.951619267463684082e-01
3.954910933971405029e-01
3.958203494548797607e-01
3.961497545242309570e-01
3.964792788028717041e-01
3.968088924884796143e-01
3.971386849880218506e-01
3.974685072898864746e-01
3.977985382080078125e-01
3.981285989284515381e-01
3.984587490558624268e-01
3.987891077995300293e-01
3.991195559501647949e-01
3.994500935077667236e-01
3.997807800769805908e-01
4.014357626438140869e-01
4.017670750617980957e-01
4.020985364913940430e-01
4.024300873279571533e-01
4.027618169784545898e-01
4.030936658382415771e-01
4.034255445003509521e-01
4.037576317787170410e-01
4.040897488594055176e-01
4.044219851493835449e-01
4.047543704509735107e-01
4.050869047641754150e-01
4.054194390773773193e-01
4.057522416114807129e-01
4.060851037502288818e-01
4.064180254936218262e-01
4.067510664463043213e-01
4.070841968059539795e-01
4.074175655841827393e-01
4.077509641647338867e-01
4.080844819545745850e-01
4.084181189537048340e-01
4.087519049644470215e-01
4.090858101844787598e-01
4.094197452068328857e-01
4.097538292407989502e-01
4.100880026817321777e-01
4.104223549365997314e-01
4.120956957340240479e-01
4.124307632446289062e-01
4.127658605575561523e-01
4.131011068820953369e-01
4.134364128112792969e-01
4.137719571590423584e-01
4.141074717044830322e-01
4.144431352615356445e-01
4.147790074348449707e-01
4.151149094104766846e-01
4.154509603977203369e-01
4.157871603965759277e-01
4.161234200000762939e-01
4.164598584175109863e-01
4.167962372303009033e-01
4.171328842639923096e-01
4.174696803092956543e-01
4.178064465522766113e-01
4.181434512138366699e-01
4.184804856777191162e-01
4.188176691532135010e-01
4.191550314426422119e-01
4.194923937320709229e-01
4.198299348354339600e-01
4.201675653457641602e-01
4.205052852630615234e-01
4.208431839942932129e-01
4.211811125278472900e-01
4.228727817535400391e-01
4.232113957405090332e-01
4.235501885414123535e-01
4.238891899585723877e-01
4.242281019687652588e-01
4.245672523975372314e-01
4.249065220355987549e-01
4.252458810806274414e-01
4.255853593349456787e-01
4.259248971939086914e-01
4.262645840644836426e-01
4.266043603420257568e-01
4.269443154335021973e-01
4.272843599319458008e-01
4.276244938373565674e-01
4.279648065567016602e-01
4.283051490783691406e-01
4.286456704139709473e-01
4.289862811565399170e-01
4.293269813060760498e-01
4.296677708625793457e-01
4.300087392330169678e-01
4.303498268127441406e-01
4.306909739971160889e-01
4.310322701930999756e-01
4.313736855983734131e-01
4.317152202129364014e-01
4.320568144321441650e-01
4.337667822837829590e-01
4.341090619564056396e-01
4.344514906406402588e-01
4.347939789295196533e-01
4.351367056369781494e-01
4.354794621467590332e-01
4.358223378658294678e-01
4.361653625965118408e-01
4.365084469318389893e-01
4.368516802787780762e-01
4.371950030326843262e-01
4.375385046005249023e-01
4.378820359706878662e-01
4.382257163524627686e-01
4.385695457458496094e-01
4.389134347438812256e-01
4.392575025558471680e-01
4.396016001701354980e-01
4.399458467960357666e-01
4.402902126312255859e-01
4.406347274780273438e-01
4.409793019294738770e-01
4.413239955902099609e-01
4.416687488555908203e-01
4.420137405395507812e-01
4.423587620258331299e-01
4.427039623260498047e-01
4.430492520332336426e-01
4.447772800922393799e-01
4.451232254505157471e-01
4.454692900180816650e-01
4.458154737949371338e-01
4.461617767810821533e-01
4.465081989765167236e-01
4.468547403812408447e-01
4.472013711929321289e-01
4.475481510162353516e-01
4.478949904441833496e-01
4.482419192790985107e-01
4.485890567302703857e-01
4.489362537860870361e-01
4.492835998535156250e-01
4.496309757232666016e-01
4.499784708023071289e-01
4.503262341022491455e-01
4.506739675998687744e-01
4.510218203067779541e-01
4.513698816299438477e-01
4.517180323600769043e-01
4.520662128925323486e-01
4.524145126342773438e-01
4.527629613876342773e-01
4.531115889549255371e-01
4.534602463245391846e-01
4.538090229034423828e-01
4.541579484939575195e-01
4.559042155742645264e-01
4.562538266181945801e-01
4.566034674644470215e-01
4.569533169269561768e-01
4.573032855987548828e-01
4.576532840728759766e-01
4.580033719539642334e-01
4.583536684513092041e-01
4.587041139602661133e-01
4.590544998645782471e-01
4.594051241874694824e-01
4.597558677196502686e-01
4.601067006587982178e-01
4.604577422142028809e-01
4.608086943626403809e-01
4.611598849296569824e-01
4.615111649036407471e-01
4.618625640869140625e-01
4.622141122817993164e-01
4.625656902790069580e-01
4.629173874855041504e-01
4.632692933082580566e-01
4.636212885379791260e-01
4.639733731746673584e-01
4.643255472183227539e-01
4.646778106689453125e-01
4.650303125381469727e-01
4.653826951980590820e-01
4.671471416950225830e-01
4.675002992153167725e-01
4.678535759449005127e-01
4.682070910930633545e-01
4.685606360435485840e-01
4.689143300056457520e-01
4.692680537700653076e-01
4.696219563484191895e-01
4.699759483337402344e-01
4.703301191329956055e-01
4.706843495368957520e-01
4.710386097431182861e-01
4.713930785655975342e-01
4.717475771903991699e-01
4.721022844314575195e-01
4.724571108818054199e-01
4.728120565414428711e-01
4.731670320034027100e-01
4.735221266746520996e-01
4.738774895668029785e-01
4.742327630519866943e-01
4.745882153511047363e-01
4.749437570571899414e-01
4.752995073795318604e-01
4.756553471088409424e-01
4.760112166404724121e-01
4.763672649860382080e-01
4.767233729362487793e-01
4.785058796405792236e-01
4.788626134395599365e-01
4.792196154594421387e-01
4.795767068862915039e-01
4.799338281154632568e-01
4.802910983562469482e-01
4.806484580039978027e-01
4.810059070587158203e-01
4.813635647296905518e-01
4.817213118076324463e-01
4.820791482925415039e-01
4.824370443820953369e-01
4.827951192855834961e-01
4.831534028053283691e-01
4.835115969181060791e-01
4.838699698448181152e-01
4.842284917831420898e-01
4.845871329307556152e-01
4.849458932876586914e-01
4.853047132492065430e-01
4.856636226177215576e-01
4.860227406024932861e-01
4.863819479942321777e-01
4.867412745952606201e-01
4.871007502079010010e-01
4.874601662158966064e-01
4.878198206424713135e-01
4.881795048713684082e-01
4.899799823760986328e-01
4.903403818607330322e-01
4.907008707523345947e-01
4.910617172718048096e-01
4.914223551750183105e-01
4.917832314968109131e-01
4.921441376209259033e-01
4.925052821636199951e-01
4.928665161132812500e-01
4.932278692722320557e-01
4.935892820358276367e-01
4.939508438110351562e-01
4.943124651908874512e-01
4.946742951869964600e-01
4.950360953807830811e-01
4.953980743885040283e-01
4.957602918148040771e-01
4.961224198341369629e-01
4.964847862720489502e-01
4.968472719192504883e-01
4.972097873687744141e-01
4.975724220275878906e-01
4.979352653026580811e-01
4.982981085777282715e-01
4.986611902713775635e-01
4.990242719650268555e-01
4.993874728679656982e-01
4.997508227825164795e-01
5.015693306922912598e-01
5.019333362579345703e-01
5.022975206375122070e-01
5.026615858078002930e-01
5.030260086059570312e-01
5.033904910087585449e-01
5.037549734115600586e-01
5.041197538375854492e-01
5.044844746589660645e-01
5.048494338989257812e-01
5.052144527435302734e-01
5.055795311927795410e-01
5.059448480606079102e-01
5.063102245330810547e-01
5.066756606101989746e-01
5.070413351058959961e-01
5.074070096015930176e-01
5.077727437019348145e-01
5.081387162208557129e-01
5.085046887397766113e-01
5.088708400726318359e-01
5.092371106147766113e-01
5.096034407615661621e-01
5.099699497222900391e-01
5.103366374969482422e-01
5.107032060623168945e-01
5.110700130462646484e-01
5.114370584487915039e-01
5.132732987403869629e-01
5.136408209800720215e-01
5.140087008476257324e-01
5.143764019012451172e-01
5.147444009780883789e-01
5.151124000549316406e-01
5.154805779457092285e-01
5.158488154411315918e-01
5.162172913551330566e-01
5.165857672691345215e-01
5.169543027877807617e-01
5.173230171203613281e-01
5.176917910575866699e-01
5.180607438087463379e-01
5.184298157691955566e-01
5.187990069389343262e-01
5.191683173179626465e-01
5.195375680923461914e-01
5.199071764945983887e-01
5.202767252922058105e-01
5.206464529037475586e-01
5.210162997245788574e-01
5.213862061500549316e-01
5.217562913894653320e-01
5.221264362335205078e-01
5.224966406822204590e-01
5.228670239448547363e-01
5.232376456260681152e-01
