1.729920506477355957e-01
1.729995161294937134e-01
1.730070114135742188e-01
1.730144470930099487e-01
1.730219274759292603e-01
1.730294078588485718e-01
1.730369180440902710e-01
1.730443537235260010e-01
1.730518639087677002e-01
1.730593442916870117e-01
1.730668097734451294e-01
1.730742901563644409e-01
1.730817705392837524e-01
1.730892360210418701e-01
1.730967462062835693e-01
1.731041967868804932e-01
1.731116473674774170e-01
1.731191724538803101e-01
1.731266230344772339e-01
1.731341332197189331e-01
1.731415838003158569e-01
1.731490343809127808e-01
1.731565445661544800e-01
1.731640100479125977e-01
1.731714606285095215e-01
1.731789559125900269e-01
1.731864511966705322e-01
1.731939315795898438e-01
1.732313185930252075e-01
1.732388138771057129e-01
1.732462793588638306e-01
1.732537895441055298e-01
1.732612401247024536e-01
1.732687056064605713e-01
1.732761859893798828e-01
1.732836663722991943e-01
1.732911616563796997e-01
1.732986271381378174e-01
1.733061224222183228e-01
1.733136326074600220e-01
1.733211129903793335e-01
1.733286082744598389e-01
1.733360439538955688e-01
1.733435243368148804e-01
1.733510047197341919e-01
1.733584851026535034e-01
1.733659803867340088e-01
1.733734458684921265e-01
1.733809262514114380e-01
1.733883917331695557e-01
1.733959019184112549e-01
1.734033823013305664e-01
1.734108477830886841e-01
1.734183728694915771e-01
1.734258085489273071e-01
1.734333336353302002e-01
1.734707206487655640e-01
1.734781861305236816e-01
1.734856963157653809e-01
1.734931766986846924e-01
1.735006421804428101e-01
1.735081374645233154e-01
1.735156327486038208e-01
1.735231131315231323e-01
1.735305786132812500e-01
1.735380738973617554e-01
1.735455691814422607e-01
1.735530644655227661e-01
1.735605299472808838e-01
1.735679954290390015e-01
1.735755056142807007e-01
1.735829710960388184e-01
1.735904514789581299e-01
1.735979467630386353e-01
1.736054271459579468e-01
1.736129224300384521e-01
1.736203879117965698e-01
1.736278831958770752e-01
1.736353784799575806e-01
1.736428737640380859e-01
1.736503243446350098e-01
1.736578047275543213e-01
1.736653298139572144e-01
1.736727952957153320e-01
1.737102270126342773e-01
1.737177371978759766e-01
1.737252026796340942e-01
1.737326830625534058e-01
1.737401932477951050e-01
1.737476587295532227e-01
1.737551689147949219e-01
1.737626492977142334e-01
1.737701147794723511e-01
1.737776398658752441e-01
1.737851053476333618e-01
1.737926155328750610e-01
1.738000810146331787e-01
1.738075613975524902e-01
1.738150566816329956e-01
1.738225519657135010e-01
1.738300323486328125e-01
1.738375127315521240e-01
1.738450080156326294e-01
1.738524883985519409e-01
1.738599985837936401e-01
1.738674640655517578e-01
1.738749891519546509e-01
1.738824546337127686e-01
1.738899350166320801e-01
1.738974452018737793e-01
1.739049106836318970e-01
1.739124208688735962e-01
1.739498823881149292e-01
1.739573776721954346e-01
1.739648431539535522e-01
1.739723682403564453e-01
1.739798486232757568e-01
1.739873290061950684e-01
1.739947944879531860e-01
1.740023195743560791e-01
1.740097999572753906e-01
1.740172654390335083e-01
1.740247905254364014e-01
1.740322262048721313e-01
1.740397661924362183e-01
1.740472465753555298e-01
1.740547567605972290e-01
1.740622371435165405e-01
1.740697324275970459e-01
1.740772277116775513e-01
1.740847080945968628e-01
1.740922331809997559e-01
1.740996986627578735e-01
1.741071939468383789e-01
1.741146594285964966e-01
1.741221696138381958e-01
1.741296648979187012e-01
1.741371601819992065e-01
1.741446405649185181e-01
1.741521507501602173e-01
1.741896271705627441e-01
1.741971075534820557e-01
1.742046177387237549e-01
1.742120981216430664e-01
1.742195934057235718e-01
1.742270886898040771e-01
1.742346137762069702e-01
1.742420941591262817e-01
1.742495596408843994e-01
1.742570698261260986e-01
1.742645502090454102e-01
1.742720603942871094e-01
1.742795556783676147e-01
1.742870211601257324e-01
1.742945313453674316e-01
1.743020564317703247e-01
1.743095368146896362e-01
1.743170320987701416e-01
1.743245422840118408e-01
1.743320375680923462e-01
1.743395179510116577e-01
1.743470281362533569e-01
1.743545234203338623e-01
1.743620187044143677e-01
1.743695139884948730e-01
1.743769943714141846e-01
1.743845045566558838e-01
1.743919700384140015e-01
1.744294762611389160e-01
1.744369864463806152e-01
1.744444817304611206e-01
1.744519919157028198e-01
1.744594871997833252e-01
1.744669824838638306e-01
1.744744628667831421e-01
1.744819432497024536e-01
1.744894534349441528e-01
1.744969636201858521e-01
1.745044589042663574e-01
1.745119392871856689e-01
1.745194494724273682e-01
1.745269447565078735e-01
1.745344549417495728e-01
1.745419651269912720e-01
1.745494753122329712e-01
1.745569705963134766e-01
1.745644956827163696e-01
1.745719611644744873e-01
1.745794713497161865e-01
1.745869666337966919e-01
1.745944619178771973e-01
1.746019572019577026e-01
1.746094673871994019e-01
1.746169775724411011e-01
1.746244579553604126e-01
1.746319681406021118e-01
1.746694594621658325e-01
1.746769547462463379e-01
1.746844947338104248e-01
1.746919751167297363e-01
1.746994853019714355e-01
1.747069656848907471e-01
1.747144758701324463e-01
1.747219860553741455e-01
1.747294664382934570e-01
1.747369617223739624e-01
1.747445017099380493e-01
1.747519820928573608e-01
1.747595071792602539e-01
1.747669875621795654e-01
1.747744828462600708e-01
1.747819930315017700e-01
1.747895032167434692e-01
1.747970134019851685e-01
1.748045384883880615e-01
1.748120486736297607e-01
1.748195290565490723e-01
1.748270392417907715e-01
1.748345345258712769e-01
1.748420149087905884e-01
1.748495399951934814e-01
1.748570501804351807e-01
1.748645305633544922e-01
1.748720705509185791e-01
1.749095916748046875e-01
1.749170720577239990e-01
1.749245822429656982e-01
1.749320775270462036e-01
1.749395877122879028e-01
1.749471276998519897e-01
1.749546080827713013e-01
1.749621033668518066e-01
1.749696433544158936e-01
1.749770939350128174e-01
1.749846339225769043e-01
1.749921441078186035e-01
1.749996244907379150e-01
1.750071495771408081e-01
1.750146746635437012e-01
1.750221550464630127e-01
1.750296652317047119e-01
1.750371605157852173e-01
1.750446707010269165e-01
1.750521659851074219e-01
1.750596761703491211e-01
1.750672310590744019e-01
1.750747114419937134e-01
1.750822365283966064e-01
1.750897169113159180e-01
1.750972270965576172e-01
1.751047372817993164e-01
1.751122474670410156e-01
1.751497834920883179e-01
1.751572936773300171e-01
1.751647740602493286e-01
1.751723438501358032e-01
1.751798242330551147e-01
1.751873344182968140e-01
1.751948297023773193e-01
1.752023696899414062e-01
1.752098649740219116e-01
1.752174049615859985e-01
1.752248555421829224e-01
1.752323806285858154e-01
1.752398908138275146e-01
1.752474457025527954e-01
1.752548962831497192e-01
1.752624362707138062e-01
1.752699762582778931e-01
1.752774715423583984e-01
1.752849370241165161e-01
1.752924770116806030e-01
1.752999871969223022e-01
1.753074824810028076e-01
1.753150075674057007e-01
1.753225028514862061e-01
1.753300130367279053e-01
1.753375530242919922e-01
1.753450781106948853e-01
1.753525435924530029e-01
1.753901243209838867e-01
1.753976345062255859e-01
1.754051446914672852e-01
1.754126697778701782e-01
1.754201799631118774e-01
1.754276454448699951e-01
1.754351854324340820e-01
1.754427105188369751e-01
1.754502207040786743e-01
1.754577457904815674e-01
1.754652559757232666e-01
1.754727661609649658e-01
1.754803210496902466e-01
1.754877865314483643e-01
1.754953116178512573e-01
1.755028367042541504e-01
1.755103617906570435e-01
1.755178272724151611e-01
1.755253523588180542e-01
1.755328625440597534e-01
1.755403876304626465e-01
1.755478978157043457e-01
1.755554229021072388e-01
1.755629181861877441e-01
1.755704432725906372e-01
1.755779683589935303e-01
1.755854785442352295e-01
1.755929887294769287e-01
1.756305843591690063e-01
1.756380945444107056e-01
1.756456196308135986e-01
1.756531298160552979e-01
1.756606400012969971e-01
1.756681650876998901e-01
1.756756752729415894e-01
1.756831556558609009e-01
1.756906807422637939e-01
1.756982207298278809e-01
1.757057458162307739e-01
1.757132411003112793e-01
1.757207661867141724e-01
1.757282912731170654e-01
1.757358014583587646e-01
1.757433563470840454e-01
1.757508367300033569e-01
1.757583618164062500e-01
1.757658869028091431e-01
1.757733970880508423e-01
1.757809072732925415e-01
1.757884025573730469e-01
1.757959574460983276e-01
1.758034676313400269e-01
1.758109629154205322e-01
1.758185178041458130e-01
1.758259981870651245e-01
1.758335381746292114e-01
1.758711338043212891e-01
1.758786588907241821e-01
1.758861839771270752e-01
1.758937239646911621e-01
1.759012490510940552e-01
1.759087294340133667e-01
1.759162694215774536e-01
1.759237647056579590e-01
1.759313195943832397e-01
1.759388446807861328e-01
1.759463399648666382e-01
1.759538501501083374e-01
1.759614050388336182e-01
1.759689003229141235e-01
1.759764552116394043e-01
1.759839504957199097e-01
1.759914755821228027e-01
1.759989857673645020e-01
1.760065257549285889e-01
1.760140359401702881e-01
1.760215610265731812e-01
1.760291010141372681e-01
1.760366111993789673e-01
1.760441213846206665e-01
1.760516613721847534e-01
1.760591864585876465e-01
1.760667115449905396e-01
1.760741919279098511e-01
1.761118024587631226e-01
1.761193424463272095e-01
1.761268973350524902e-01
1.761344075202941895e-01
1.761419028043746948e-01
1.761494278907775879e-01
1.761569976806640625e-01
1.761645078659057617e-01
1.761720031499862671e-01
1.761795580387115479e-01
1.761870682239532471e-01
1.761946231126785278e-01
1.762020885944366455e-01
1.762096434831619263e-01
1.762171536684036255e-01
1.762247234582901001e-01
1.762322485446929932e-01
1.762397140264511108e-01
1.762472689151763916e-01
1.762547791004180908e-01
1.762623190879821777e-01
1.762698441743850708e-01
1.762773692607879639e-01
1.762848794460296631e-01
1.762924045324325562e-01
1.762999594211578369e-01
1.763074845075607300e-01
1.763149946928024292e-01
1.763526350259780884e-01
1.763601601123809814e-01
1.763677000999450684e-01
1.763752102851867676e-01
1.763827353715896606e-01
1.763903051614761353e-01
1.763978153467178345e-01
1.764053106307983398e-01
1.764128506183624268e-01
1.764204055070877075e-01
1.764279007911682129e-01
1.764354258775711060e-01
1.764429658651351929e-01
1.764505058526992798e-01
1.764580458402633667e-01
1.764655560255050659e-01
1.764730811119079590e-01
1.764805912971496582e-01
1.764881610870361328e-01
1.764956712722778320e-01
1.765031814575195312e-01
1.765107214450836182e-01
1.765182614326477051e-01
1.765258014202117920e-01
1.765332967042922974e-01
1.765408068895339966e-01
1.765483468770980835e-01
1.765559017658233643e-01
1.765935719013214111e-01
1.766011118888854980e-01
1.766086220741271973e-01
1.766161620616912842e-01
1.766236871480941772e-01
1.766312271356582642e-01
1.766387224197387695e-01
1.766462773084640503e-01
1.766538321971893311e-01
1.766613423824310303e-01
1.766688674688339233e-01
1.766763925552368164e-01
1.766839474439620972e-01
1.766915023326873779e-01
1.766989827156066895e-01
1.767065227031707764e-01
1.767140328884124756e-01
1.767215877771377563e-01
1.767291426658630371e-01
1.767366677522659302e-01
1.767441779375076294e-01
1.767517477273941040e-01
1.767592728137969971e-01
1.767667979001998901e-01
1.767743229866027832e-01
1.767818778753280640e-01
1.767893880605697632e-01
1.767968982458114624e-01
1.768345981836318970e-01
1.768421083688735962e-01
1.768496781587600708e-01
1.768571883440017700e-01
1.768646985292434692e-01
1.768722832202911377e-01
1.768797785043716431e-01
1.768873333930969238e-01
1.768948882818222046e-01
1.769023984670639038e-01
1.769099682569503784e-01
1.769175082445144653e-01
1.769250035285949707e-01
1.769325435161590576e-01
1.769400686025619507e-01
1.769476085901260376e-01
1.769551634788513184e-01
1.769627034664154053e-01
1.769702434539794922e-01
1.769777685403823853e-01
1.769852936267852783e-01
1.769928634166717529e-01
1.770003736019134521e-01
1.770078688859939575e-01
1.770154088735580444e-01
1.770229935646057129e-01
1.770305335521697998e-01
1.770380884408950806e-01
1.770757436752319336e-01
1.770832836627960205e-01
1.770908534526824951e-01
1.770983487367630005e-01
1.771058887243270874e-01
1.771134436130523682e-01
1.771209836006164551e-01
1.771285086870193481e-01
1.771360784769058228e-01
1.771436035633087158e-01
1.771511286497116089e-01
1.771586835384368896e-01
1.771662235260009766e-01
1.771737337112426758e-01
1.771812736988067627e-01
1.771888434886932373e-01
1.771963983774185181e-01
1.772039085626602173e-01
1.772114336490631104e-01
1.772190034389495850e-01
1.772265583276748657e-01
1.772340983152389526e-01
1.772416234016418457e-01
1.772491186857223511e-01
1.772567033767700195e-01
1.772642582654953003e-01
1.772717833518981934e-01
1.772792935371398926e-01
1.773170232772827148e-01
1.773245632648468018e-01
1.773321330547332764e-01
1.773396283388137817e-01
1.773471683263778687e-01
1.773547381162643433e-01
1.773622930049896240e-01
1.773698180913925171e-01
1.773773431777954102e-01
1.773848980665206909e-01
1.773924231529235840e-01
1.773999929428100586e-01
1.774075180292129517e-01
1.774150580167770386e-01
1.774226427078247070e-01
1.774301528930664062e-01
1.774376779794692993e-01
1.774452328681945801e-01
1.774528026580810547e-01
1.774603277444839478e-01
1.774678528308868408e-01
1.774753928184509277e-01
1.774829626083374023e-01
1.774905174970626831e-01
1.774980574846267700e-01
1.775055825710296631e-01
1.775131076574325562e-01
1.775207221508026123e-01
1.775584220886230469e-01
1.775659173727035522e-01
1.775734871625900269e-01
1.775810420513153076e-01
1.775885969400405884e-01
1.775961518287658691e-01
1.776036769151687622e-01
1.776112169027328491e-01
1.776188015937805176e-01
1.776263415813446045e-01
1.776338964700698853e-01
1.776414066553115845e-01
1.776489764451980591e-01
1.776565164327621460e-01
1.776640862226486206e-01
1.776716262102127075e-01
1.776791214942932129e-01
1.776867061853408813e-01
1.776942610740661621e-01
1.777018010616302490e-01
1.777093261480331421e-01
1.777168661355972290e-01
1.777244359254837036e-01
1.777319759130477905e-01
1.777395457029342651e-01
1.777470856904983521e-01
1.777546405792236328e-01
1.777621954679489136e-01
1.777999103069305420e-01
1.778074800968170166e-01
1.778150200843811035e-01
1.778226047754287720e-01
1.778301447629928589e-01
1.778376698493957520e-01
1.778452098369598389e-01
1.778527349233627319e-01
1.778603345155715942e-01
1.778678596019744873e-01
1.778753697872161865e-01
1.778829693794250488e-01
1.778904944658279419e-01
1.778980642557144165e-01
1.779056191444396973e-01
1.779131591320037842e-01
1.779207289218902588e-01
1.779282987117767334e-01
1.779358088970184326e-01
1.779433637857437134e-01
1.779509335756301880e-01
1.779584735631942749e-01
1.779660135507583618e-01
1.779735386371612549e-01
1.779811531305313110e-01
1.779886931180953979e-01
1.779962331056594849e-01
1.780037730932235718e-01
1.780415177345275879e-01
1.780491173267364502e-01
1.780566424131393433e-01
1.780641973018646240e-01
1.780717223882675171e-01
1.780793219804763794e-01
1.780868768692016602e-01
1.780944019556045532e-01
1.781019717454910278e-01
1.781094968318939209e-01
1.781170815229415894e-01
1.781246513128280640e-01
1.781321763992309570e-01
1.781397312879562378e-01
1.781473159790039062e-01
1.781548708677291870e-01
1.781623959541320801e-01
1.781699359416961670e-01
1.781775206327438354e-01
1.781850606203079224e-01
1.781926304101943970e-01
1.782001554965972900e-01
1.782077401876449585e-01
1.782152950763702393e-01
1.782228201627731323e-01
1.782303750514984131e-01
1.782379299402236938e-01
1.782455444335937500e-01
1.782833039760589600e-01
1.782908290624618530e-01
1.782984137535095215e-01
1.783059537410736084e-01
1.783135086297988892e-01
1.783210784196853638e-01
1.783286184072494507e-01
1.783361434936523438e-01
1.783437430858612061e-01
1.783512681722640991e-01
1.783588379621505737e-01
1.783663779497146606e-01
1.783739477396011353e-01
1.783815175294876099e-01
1.783890873193740845e-01
1.783966422080993652e-01
1.784041672945022583e-01
1.784117668867111206e-01
1.784193217754364014e-01
1.784268915653228760e-01
1.784344315528869629e-01
1.784419417381286621e-01
1.784495711326599121e-01
1.784571260213851929e-01
1.784646958112716675e-01
1.784722357988357544e-01
1.784797906875610352e-01
1.784873604774475098e-01
1.785251200199127197e-01
1.785327196121215820e-01
1.785402745008468628e-01
1.785478293895721436e-01
1.785553842782974243e-01
1.785629242658615112e-01
1.785705238580703735e-01
1.785780787467956543e-01
1.785856485366821289e-01
1.785931885242462158e-01
1.786007285118103027e-01
1.786083430051803589e-01
1.786158829927444458e-01
1.786234378814697266e-01
1.786309778690338135e-01
1.786385476589202881e-01
1.786461174488067627e-01
1.786537170410156250e-01
1.786612719297409058e-01
1.786687523126602173e-01
1.786763668060302734e-01
1.786839216947555542e-01
1.786914616823196411e-01
1.786990910768508911e-01
1.787066012620925903e-01
1.787142008543014526e-01
1.787217259407043457e-01
1.787293106317520142e-01
1.787670999765396118e-01
1.787747293710708618e-01
1.787822544574737549e-01
1.787897944450378418e-01
1.787973940372467041e-01
1.788049489259719849e-01
1.788125038146972656e-01
1.788200438022613525e-01
1.788276284933090210e-01
1.788351386785507202e-01
1.788427829742431641e-01
1.788503378629684448e-01
1.788578778505325317e-01
1.788654476404190063e-01
1.788729727268218994e-01
1.788805872201919556e-01
1.788881570100784302e-01
1.788956969976425171e-01
1.789032369852066040e-01
1.789108216762542725e-01
1.789184212684631348e-01
1.789260059595108032e-01
1.789335757493972778e-01
1.789411306381225586e-01
1.789486855268478394e-01
1.789562404155731201e-01
1.789638251066207886e-01
1.789713799953460693e-01
1.790092140436172485e-01
1.790167838335037231e-01
1.790243387222290039e-01
1.790319234132766724e-01
1.790394932031631470e-01
1.790470480918884277e-01
1.790546327829360962e-01
1.790621727705001831e-01
1.790697276592254639e-01
1.790773421525955200e-01
1.790848821401596069e-01
1.790924519300460815e-01
1.791000068187713623e-01
1.791075915098190308e-01
1.791152060031890869e-01
1.791227012872695923e-01
1.791303008794784546e-01
1.791378557682037354e-01
1.791454106569290161e-01
1.791530251502990723e-01
1.791605800390243530e-01
1.791681647300720215e-01
1.791757345199584961e-01
1.791833043098449707e-01
1.791908740997314453e-01
1.791983991861343384e-01
1.792059838771820068e-01
1.792135536670684814e-01
1.792514175176620483e-01
1.792590320110321045e-01
1.792665719985961914e-01
1.792741268873214722e-01
1.792816817760467529e-01
1.792892366647720337e-01
1.792968362569808960e-01
1.793044060468673706e-01
1.793119907379150391e-01
1.793195903301239014e-01
1.793271303176879883e-01
1.793347001075744629e-01
1.793422996997833252e-01
1.793498843908309937e-01
1.793574392795562744e-01
1.793649494647979736e-01
1.793725192546844482e-01
1.793801188468933105e-01
1.793877333402633667e-01
1.793952882289886475e-01
1.794028580188751221e-01
1.794104427099227905e-01
1.794180124998092651e-01
1.794255822896957397e-01
1.794331520795822144e-01
1.794407367706298828e-01
1.794483214616775513e-01
1.794558763504028320e-01
1.794937700033187866e-01
1.795012950897216797e-01
1.795088946819305420e-01
1.795164644718170166e-01
1.795240342617034912e-01
1.795316338539123535e-01
1.795391738414764404e-01
1.795467436313629150e-01
1.795543581247329712e-01
1.795618981122970581e-01
1.795695275068283081e-01
1.795770972967147827e-01
1.795846521854400635e-01
1.795922368764877319e-01
1.795998215675354004e-01
1.796073764562606812e-01
1.796149313449859619e-01
1.796225309371948242e-01
1.796301007270812988e-01
1.796376705169677734e-01
1.796452701091766357e-01
1.796528548002243042e-01
1.796604096889495850e-01
1.796679794788360596e-01
1.796755790710449219e-01
1.796831190586090088e-01
1.796907335519790649e-01
1.796982884407043457e-01
