-1.249512210488319397e-01
-1.249512210488319397e-01
-1.249512210488319397e-01
-1.249512210488319397e-01
-1.249512210488319397e-01
-1.249512210488319397e-01
-1.249512210488319397e-01
-1.249512210488319397e-01
-1.249512210488319397e-01
-1.249512210488319397e-01
-1.249512210488319397e-01
-1.249512210488319397e-01
-1.249512210488319397e-01
-1.249512210488319397e-01
-1.109032258391380310e-01
-5.475310608744621277e-02
-1.834248006343841553e-01
-4.072316884994506836e-01
-3.642811477184295654e-01
-6.205329895019531250e-01
-1.601832270622253418e+00
-2.247240304946899414e+00
-1.243367314338684082e+00
-1.249512210488319397e-01
-1.249512210488319397e-01
-1.249512210488319397e-01
-1.249512210488319397e-01
-1.249512210488319397e-01
-1.249512210488319397e-01
-1.249512210488319397e-01
-1.249512210488319397e-01
-1.249512210488319397e-01
-1.249512210488319397e-01
-1.249512210488319397e-01
-1.249512210488319397e-01
-1.249512210488319397e-01
-1.249512210488319397e-01
-1.249512210488319397e-01
-1.249512210488319397e-01
-1.249512210488319397e-01
-1.249512210488319397e-01
-1.249512210488319397e-01
-1.202689856290817261e-01
-1.190209314227104187e-01
-2.209106236696243286e-01
2.001258283853530884e-01
1.180929422378540039e+00
8.736906647682189941e-01
-5.291333794593811035e-01
-1.424471139907836914e+00
-8.721582889556884766e-01
-1.249512210488319397e-01
-1.249512210488319397e-01
-1.249512210488319397e-01
-1.249512210488319397e-01
-1.249512210488319397e-01
-1.249512210488319397e-01
-1.249512210488319397e-01
-1.249512210488319397e-01
-1.249512210488319397e-01
-1.249512210488319397e-01
-1.249512210488319397e-01
-1.249512210488319397e-01
-1.249512210488319397e-01
-1.249512210488319397e-01
-1.249512210488319397e-01
-1.249512210488319397e-01
-1.249512210488319397e-01
-1.249512210488319397e-01
-1.249512210488319397e-01
-1.051188930869102478e-01
-3.427596390247344971e-02
3.928650617599487305e-01
1.571389317512512207e+00
2.688068866729736328e+00
2.056525230407714844e+00
9.421738386154174805e-01
3.252666592597961426e-01
1.397916674613952637e-01
-1.249512210488319397e-01
-1.249512210488319397e-01
-1.249512210488319397e-01
-1.249512210488319397e-01
-1.249512210488319397e-01
-1.249512210488319397e-01
-1.249512210488319397e-01
-1.249512210488319397e-01
-1.249512210488319397e-01
-1.249512210488319397e-01
-1.249512210488319397e-01
-1.249512210488319397e-01
-1.249512210488319397e-01
-1.249512210488319397e-01
-1.249512210488319397e-01
-1.249512210488319397e-01
-1.249512210488319397e-01
-1.249512210488319397e-01
-1.249512210488319397e-01
5.035145673900842667e-03
3.046400249004364014e-01
7.759467959403991699e-01
1.287321567535400391e+00
1.430754542350769043e+00
9.682381749153137207e-01
6.660007834434509277e-01
3.702573180198669434e-01
1.480467766523361206e-01
-1.249512210488319397e-01
-1.249512210488319397e-01
-1.249512210488319397e-01
-1.249512210488319397e-01
-1.249512210488319397e-01
-1.249512210488319397e-01
-1.249512210488319397e-01
-1.249512210488319397e-01
-1.249512210488319397e-01
-1.249512210488319397e-01
-1.249512210488319397e-01
-1.249512210488319397e-01
-1.249512210488319397e-01
-1.249512210488319397e-01
-1.249512210488319397e-01
-1.249512210488319397e-01
-1.249512210488319397e-01
-1.249512210488319397e-01
-1.144152283668518066e-01
-8.579786866903305054e-02
2.562939822673797607e-01
5.163450241088867188e-01
3.064210414886474609e-01
-2.522624433040618896e-01
-3.472824394702911377e-01
-1.168013736605644226e-01
-2.345923036336898804e-01
-3.267244696617126465e-01
-1.249512210488319397e-01
-1.249512210488319397e-01
-1.249512210488319397e-01
-1.249512210488319397e-01
-1.249512210488319397e-01
-1.249512210488319397e-01
-1.249512210488319397e-01
-1.249512210488319397e-01
-1.249512210488319397e-01
-1.249512210488319397e-01
-1.249512210488319397e-01
-1.249512210488319397e-01
-1.249512210488319397e-01
-1.249512210488319397e-01
-1.249512210488319397e-01
-1.249512210488319397e-01
-1.249512210488319397e-01
-1.249512210488319397e-01
-7.666154950857162476e-02
8.340619504451751709e-02
4.630075395107269287e-01
4.769229888916015625e-01
-6.699417531490325928e-02
-8.572040796279907227e-01
-9.247799515724182129e-01
-5.371519923210144043e-01
-2.913660407066345215e-01
-3.596866428852081299e-01
-1.249512210488319397e-01
-1.249512210488319397e-01
-1.249512210488319397e-01
-1.249512210488319397e-01
-1.249512210488319397e-01
-1.249512210488319397e-01
-1.249512210488319397e-01
-1.249512210488319397e-01
-1.249512210488319397e-01
-1.249512210488319397e-01
-1.249512210488319397e-01
-1.249512210488319397e-01
-1.249512210488319397e-01
-1.249512210488319397e-01
-1.249512210488319397e-01
-1.249512210488319397e-01
-1.249512210488319397e-01
-1.249512210488319397e-01
-3.215583413839340210e-02
1.463579088449478149e-01
4.047671854496002197e-01
2.773618102073669434e-01
-3.407822251319885254e-01
-5.765457153320312500e-01
-1.048861622810363770e+00
-9.735801219940185547e-01
-3.141759037971496582e-01
-1.525649875402450562e-01
-1.249512210488319397e-01
-1.249512210488319397e-01
-1.249512210488319397e-01
-1.249512210488319397e-01
-1.249512210488319397e-01
-1.249512210488319397e-01
-1.249512210488319397e-01
-1.249512210488319397e-01
-1.249512210488319397e-01
-1.249512210488319397e-01
-1.249512210488319397e-01
-1.249512210488319397e-01
-1.249512210488319397e-01
-1.249512210488319397e-01
-1.249512210488319397e-01
-1.249512210488319397e-01
-1.214392259716987610e-01
-6.346481293439865112e-02
-9.199216961860656738e-02
1.859520226716995239e-01
6.156451106071472168e-01
1.636359989643096924e-01
-5.694008469581604004e-01
-7.474865764379501343e-02
-6.445397734642028809e-01
-1.109168291091918945e+00
-3.521138131618499756e-01
-1.249512210488319397e-01
-1.249512210488319397e-01
-1.249512210488319397e-01
-1.249512210488319397e-01
-1.249512210488319397e-01
-1.249512210488319397e-01
-1.249512210488319397e-01
-1.249512210488319397e-01
-1.249512210488319397e-01
-1.249512210488319397e-01
-1.249512210488319397e-01
-1.249512210488319397e-01
-1.249512210488319397e-01
-1.249512210488319397e-01
-1.249512210488319397e-01
-1.249512210488319397e-01
-1.249512210488319397e-01
-1.246586665511131287e-01
-1.402096748352050781e-01
-2.495350502431392670e-02
6.553738713264465332e-01
1.142247676849365234e+00
6.560638546943664551e-01
-2.290023863315582275e-01
4.475085437297821045e-01
1.513021588325500488e-01
-6.930186152458190918e-01
-2.538308203220367432e-01
-1.249512210488319397e-01
-1.249512210488319397e-01
-1.249512210488319397e-01
-1.249512210488319397e-01
-1.249512210488319397e-01
-1.249512210488319397e-01
-1.249512210488319397e-01
-1.249512210488319397e-01
-1.249512210488319397e-01
-1.249512210488319397e-01
-1.249512210488319397e-01
-1.249512210488319397e-01
-1.249512210488319397e-01
-1.249512210488319397e-01
-1.249512210488319397e-01
-1.249512210488319397e-01
-1.249512210488319397e-01
-1.257732808589935303e-01
-1.238490343093872070e-01
4.697289466857910156e-01
9.116972684860229492e-01
1.184004783630371094e+00
9.816492795944213867e-01
-1.329168975353240967e-01
5.508358776569366455e-02
1.714391708374023438e-01
-3.660266399383544922e-01
-1.479626893997192383e-01
-1.249512210488319397e-01
-1.249512210488319397e-01
-1.249512210488319397e-01
-1.249512210488319397e-01
-1.249512210488319397e-01
-1.249512210488319397e-01
-1.249512210488319397e-01
-1.249512210488319397e-01
-1.249512210488319397e-01
-1.249512210488319397e-01
-1.249512210488319397e-01
-1.249512210488319397e-01
-1.249512210488319397e-01
-1.249512210488319397e-01
-1.249512210488319397e-01
-1.249512210488319397e-01
-1.249512210488319397e-01
-1.116015240550041199e-01
1.068784371018409729e-01
6.719872951507568359e-01
5.392321944236755371e-01
5.077990293502807617e-01
1.029214143753051758e+00
-1.640038937330245972e-01
-3.007154464721679688e-01
-1.162417083978652954e-01
-3.169627189636230469e-01
-1.249512210488319397e-01
-1.249512210488319397e-01
-1.249512210488319397e-01
-1.249512210488319397e-01
-1.249512210488319397e-01
-1.249512210488319397e-01
-1.249512210488319397e-01
-1.249512210488319397e-01
-1.249512210488319397e-01
-1.249512210488319397e-01
-1.249512210488319397e-01
-1.249512210488319397e-01
-1.249512210488319397e-01
-1.249512210488319397e-01
-1.249512210488319397e-01
-1.249512210488319397e-01
-1.249512210488319397e-01
-1.231952235102653503e-01
-9.240359067916870117e-02
2.095278352499008179e-01
3.385283052921295166e-01
-1.509591937065124512e-01
-2.172219157218933105e-01
2.316393703222274780e-01
-3.436583280563354492e-01
-2.565864026546478271e-01
-2.018738389015197754e-01
-2.543674707412719727e-01
-1.249512210488319397e-01
-1.249512210488319397e-01
-1.249512210488319397e-01
-1.249512210488319397e-01
-1.249512210488319397e-01
-1.249512210488319397e-01
-1.249512210488319397e-01
-1.249512210488319397e-01
-1.249512210488319397e-01
-1.249512210488319397e-01
-1.249512210488319397e-01
-1.249512210488319397e-01
-1.249512210488319397e-01
-1.249512210488319397e-01
-1.249512210488319397e-01
-1.249512210488319397e-01
-1.249512210488319397e-01
-1.054889485239982605e-01
-3.056278452277183533e-02
-1.016637682914733887e-02
9.321805834770202637e-02
-2.186769992113113403e-01
-6.840471029281616211e-01
-9.812227487564086914e-01
-9.948468208312988281e-01
-5.871323943138122559e-01
-4.231076538562774658e-01
-2.400946021080017090e-01
-1.249512210488319397e-01
-1.249512210488319397e-01
-1.249512210488319397e-01
-1.249512210488319397e-01
-1.249512210488319397e-01
-1.249512210488319397e-01
-1.249512210488319397e-01
-1.249512210488319397e-01
-1.249512210488319397e-01
-1.249512210488319397e-01
-1.249512210488319397e-01
-1.249512210488319397e-01
-1.249512210488319397e-01
-1.249512210488319397e-01
-1.249512210488319397e-01
-1.249512210488319397e-01
-9.685523062944412231e-02
-3.749782964587211609e-02
-4.903697967529296875e-02
-3.226819634437561035e-02
4.028584659099578857e-01
-4.271590113639831543e-01
-1.298070788383483887e+00
-8.510234355926513672e-01
-8.382596969604492188e-01
-5.724509954452514648e-01
-4.759551286697387695e-01
-2.538154423236846924e-01
-1.249512210488319397e-01
-1.249512210488319397e-01
-1.249512210488319397e-01
-1.249512210488319397e-01
-1.249512210488319397e-01
-1.249512210488319397e-01
-1.249512210488319397e-01
-1.249512210488319397e-01
-1.249512210488319397e-01
-1.249512210488319397e-01
-1.249512210488319397e-01
-1.249512210488319397e-01
-1.249512210488319397e-01
-1.249512210488319397e-01
-1.249512210488319397e-01
-1.249512210488319397e-01
-1.015387400984764099e-01
-1.353837102651596069e-01
-2.785510420799255371e-01
6.514155864715576172e-01
9.797318577766418457e-01
-3.187265098094940186e-01
-7.132405042648315430e-01
3.453445434570312500e-01
1.352826803922653198e-01
-1.344837844371795654e-01
-2.324337363243103027e-01
-1.249512210488319397e-01
-1.249512210488319397e-01
-1.249512210488319397e-01
-1.249512210488319397e-01
-1.249512210488319397e-01
-1.249512210488319397e-01
-1.249512210488319397e-01
-1.249512210488319397e-01
-1.249512210488319397e-01
-1.249512210488319397e-01
-1.249512210488319397e-01
-1.249512210488319397e-01
-1.249512210488319397e-01
-1.249512210488319397e-01
-1.249512210488319397e-01
-1.249512210488319397e-01
-1.003672331571578979e-01
-8.393137902021408081e-02
-6.597749143838882446e-02
4.581475257873535156e-01
1.777300953865051270e+00
1.551213860511779785e+00
-2.220761775970458984e-01
-5.304986834526062012e-01
9.174590557813644409e-02
4.721453785896301270e-01
8.001288026571273804e-02
-1.263066232204437256e-01
-1.249512210488319397e-01
-1.249512210488319397e-01
-1.249512210488319397e-01
-1.249512210488319397e-01
-1.249512210488319397e-01
-1.249512210488319397e-01
-1.249512210488319397e-01
-1.249512210488319397e-01
-1.249512210488319397e-01
-1.249512210488319397e-01
-1.249512210488319397e-01
-1.249512210488319397e-01
-1.249512210488319397e-01
-1.249512210488319397e-01
-1.249512210488319397e-01
-1.249512210488319397e-01
-1.053432971239089966e-01
-5.819457396864891052e-02
2.319008708000183105e-01
1.139943480491638184e+00
1.547445178031921387e+00
1.027432918548583984e+00
-5.927341580390930176e-01
-7.053907513618469238e-01
-5.091879963874816895e-01
-5.175125598907470703e-02
-3.047192692756652832e-01
-2.538369596004486084e-01
-1.249512210488319397e-01
-1.249512210488319397e-01
-1.249512210488319397e-01
-1.249512210488319397e-01
-1.249512210488319397e-01
-1.249512210488319397e-01
-1.249512210488319397e-01
-1.249512210488319397e-01
-1.249512210488319397e-01
-1.249512210488319397e-01
-1.249512210488319397e-01
-1.249512210488319397e-01
-1.249512210488319397e-01
-1.249512210488319397e-01
-1.249512210488319397e-01
-1.214392259716987610e-01
-8.882840722799301147e-02
7.565468549728393555e-02
5.791215300559997559e-01
1.055376291275024414e+00
8.227295875549316406e-01
7.634700834751129150e-02
-5.401085019111633301e-01
-5.098720788955688477e-01
-2.345251441001892090e-01
-5.836560130119323730e-01
-3.595856428146362305e-01
-1.571672856807708740e-01
-1.249512210488319397e-01
-1.249512210488319397e-01
-1.249512210488319397e-01
-1.249512210488319397e-01
-1.249512210488319397e-01
-1.249512210488319397e-01
-1.249512210488319397e-01
-1.249512210488319397e-01
-1.249512210488319397e-01
-1.249512210488319397e-01
-1.249512210488319397e-01
-1.249512210488319397e-01
-1.249512210488319397e-01
-1.249512210488319397e-01
-1.249512210488319397e-01
-1.018306687474250793e-01
-2.172572351992130280e-02
2.251807898283004761e-01
7.853322625160217285e-01
9.087781906127929688e-01
4.212629199028015137e-01
-5.538434386253356934e-01
-6.090122461318969727e-01
2.290538996458053589e-01
-2.091271728277206421e-01
-8.598008155822753906e-01
-3.942214846611022949e-01
-1.249512210488319397e-01
-1.249512210488319397e-01
-1.249512210488319397e-01
-1.249512210488319397e-01
-1.249512210488319397e-01
-1.249512210488319397e-01
-1.249512210488319397e-01
-1.249512210488319397e-01
-1.249512210488319397e-01
-1.249512210488319397e-01
-1.249512210488319397e-01
-1.249512210488319397e-01
-1.249512210488319397e-01
-1.249512210488319397e-01
-1.249512210488319397e-01
-1.231952235102653503e-01
-5.976443365216255188e-02
2.656540647149085999e-02
2.996512651443481445e-01
8.020102977752685547e-01
7.112735509872436523e-01
-4.174132645130157471e-01
-1.581691741943359375e+00
-1.864822387695312500e+00
-1.056293606758117676e+00
-1.681343436241149902e+00
-1.834952473640441895e+00
-6.641963124275207520e-01
-1.249512210488319397e-01
-1.249512210488319397e-01
-1.249512210488319397e-01
-1.249512210488319397e-01
-1.249512210488319397e-01
-1.249512210488319397e-01
-1.249512210488319397e-01
-1.249512210488319397e-01
-1.249512210488319397e-01
-1.249512210488319397e-01
-1.249512210488319397e-01
-1.249512210488319397e-01
-1.249512210488319397e-01
-1.249512210488319397e-01
-1.249512210488319397e-01
-1.037329435348510742e-01
-8.651629835367202759e-02
7.651047408580780029e-02
6.122999191284179688e-01
7.585002779960632324e-01
-3.975061774253845215e-01
-1.363818645477294922e+00
-1.267617344856262207e+00
-1.425535321235656738e+00
-1.416272282600402832e+00
-1.494804739952087402e+00
-1.324577212333679199e+00
-5.193605422973632812e-01
-1.249512210488319397e-01
-1.249512210488319397e-01
-1.249512210488319397e-01
-1.249512210488319397e-01
-1.249512210488319397e-01
-1.249512210488319397e-01
-1.249512210488319397e-01
-1.249512210488319397e-01
-1.249512210488319397e-01
-1.249512210488319397e-01
-1.249512210488319397e-01
-1.249512210488319397e-01
-1.249512210488319397e-01
-1.249512210488319397e-01
-1.249512210488319397e-01
-1.481908857822418213e-01
-1.245291903614997864e-01
3.530022203922271729e-01
1.132389068603515625e+00
1.116430759429931641e+00
-2.875691279768943787e-02
6.372252106666564941e-01
2.131645679473876953e+00
1.727100729942321777e+00
9.326250553131103516e-01
1.105421423912048340e+00
4.470812082290649414e-01
-6.723374128341674805e-02
-1.249512210488319397e-01
-1.249512210488319397e-01
-1.249512210488319397e-01
-1.249512210488319397e-01
-1.249512210488319397e-01
-1.249512210488319397e-01
-1.249512210488319397e-01
-1.249512210488319397e-01
-1.249512210488319397e-01
-1.249512210488319397e-01
-1.249512210488319397e-01
-1.249512210488319397e-01
-1.249512210488319397e-01
-1.249512210488319397e-01
-1.249512210488319397e-01
-1.173546463251113892e-01
1.481360942125320435e-01
5.572826266288757324e-01
8.996533751487731934e-01
1.550612211227416992e+00
2.494123220443725586e+00
3.754640340805053711e+00
3.917969226837158203e+00
2.209421396255493164e+00
1.954386234283447266e+00
2.159763097763061523e+00
1.046932220458984375e+00
8.138060569763183594e-02
-1.249512210488319397e-01
-1.249512210488319397e-01
-1.249512210488319397e-01
-1.249512210488319397e-01
-1.249512210488319397e-01
-1.249512210488319397e-01
-1.249512210488319397e-01
-1.249512210488319397e-01
-1.249512210488319397e-01
-1.249512210488319397e-01
-1.249512210488319397e-01
-1.249512210488319397e-01
-1.249512210488319397e-01
-1.249512210488319397e-01
-1.249512210488319397e-01
-5.509814620018005371e-02
4.267333149909973145e-01
6.348163485527038574e-01
3.196712136268615723e-01
1.104452490806579590e+00
2.256200075149536133e+00
2.182761907577514648e+00
1.062671422958374023e+00
7.103263586759567261e-02
3.824547678232192993e-02
3.266707062721252441e-01
-2.475893795490264893e-01
-2.508418560028076172e-01
-1.249512210488319397e-01
-1.249512210488319397e-01
-1.249512210488319397e-01
-1.249512210488319397e-01
-1.249512210488319397e-01
-1.249512210488319397e-01
-1.249512210488319397e-01
-1.249512210488319397e-01
-1.249512210488319397e-01
-1.249512210488319397e-01
-1.249512210488319397e-01
-1.249512210488319397e-01
-1.249512210488319397e-01
-1.249512210488319397e-01
-1.249512210488319397e-01
-9.453780949115753174e-02
1.317969858646392822e-01
-3.528608381748199463e-01
-1.739775657653808594e+00
-2.081438779830932617e+00
-1.856397747993469238e+00
-1.630641460418701172e+00
-1.216130137443542480e+00
-9.990967512130737305e-01
-9.751470685005187988e-01
-8.022571802139282227e-01
-4.806660115718841553e-01
-2.216147482395172119e-01
-1.249512210488319397e-01
-1.249512210488319397e-01
-1.249512210488319397e-01
-1.249512210488319397e-01
-1.249512210488319397e-01
-1.249512210488319397e-01
-1.249512210488319397e-01
-1.249512210488319397e-01
-1.249512210488319397e-01
-1.249512210488319397e-01
-1.249512210488319397e-01
-1.249512210488319397e-01
-1.249512210488319397e-01
-1.249512210488319397e-01
-1.249512210488319397e-01
-1.308717578649520874e-01
-2.159344255924224854e-01
-8.641974925994873047e-01
-2.170513391494750977e+00
-2.958743333816528320e+00
-3.255027532577514648e+00
-2.918384313583374023e+00
-1.912953376770019531e+00
-1.183824777603149414e+00
-7.366156578063964844e-01
-3.869041204452514648e-01
-2.202876955270767212e-01
-1.479626893997192383e-01
-1.249512210488319397e-01
-1.249512210488319397e-01
-1.249512210488319397e-01
-1.249512210488319397e-01
-1.249512210488319397e-01
-1.249512210488319397e-01
-1.249512210488319397e-01
-1.249512210488319397e-01
-1.249512210488319397e-01
-1.249512210488319397e-01
-1.249512210488319397e-01
-1.249512210488319397e-01
-1.249512210488319397e-01
-1.249512210488319397e-01
-1.249512210488319397e-01
-1.289809644222259521e-01
-1.853851526975631714e-01
-3.696528077125549316e-01
-7.193028330802917480e-01
-9.599691033363342285e-01
-1.102761268615722656e+00
-1.040989398956298828e+00
-7.518343925476074219e-01
-5.088023543357849121e-01
-3.040162920951843262e-01
-1.661089211702346802e-01
-1.295535117387771606e-01
-1.249512210488319397e-01
-1.249512210488319397e-01
-1.249512210488319397e-01
-1.249512210488319397e-01
-1.249512210488319397e-01
-1.249512210488319397e-01
-1.249512210488319397e-01
-1.249512210488319397e-01
-1.249512210488319397e-01
-1.249512210488319397e-01
-1.249512210488319397e-01
-1.249512210488319397e-01
-1.249512210488319397e-01
-1.249512210488319397e-01
-1.249512210488319397e-01
-1.249512210488319397e-01
-1.249512210488319397e-01
-1.249512210488319397e-01
-1.249512210488319397e-01
-1.249512210488319397e-01
-1.249512210488319397e-01
-1.249512210488319397e-01
-1.249512210488319397e-01
-1.249512210488319397e-01
-1.249512210488319397e-01
-1.249512210488319397e-01
-1.249512210488319397e-01
-1.249512210488319397e-01
-1.249512210488319397e-01
-1.249512210488319397e-01
-1.249512210488319397e-01
-1.249512210488319397e-01
-1.249512210488319397e-01
-1.249512210488319397e-01
-1.249512210488319397e-01
-1.249512210488319397e-01
-1.249512210488319397e-01
-1.249512210488319397e-01
