1.836554333567619324e-02
1.838710904121398926e-02
1.840868778526782990e-02
1.843026652932167053e-02
1.845189370214939117e-02
1.847350224852561951e-02
1.849513500928878784e-02
1.851676777005195618e-02
1.853842101991176605e-02
1.856009662151336670e-02
1.858179271221160889e-02
1.860348880290985107e-02
1.862518116831779480e-02
1.864689029753208160e-02
1.866862736642360687e-02
1.869038306176662445e-02
1.871213875710964203e-02
1.873388886451721191e-02
1.875569112598896027e-02
1.877748779952526093e-02
1.879929378628730774e-02
1.882113330066204071e-02
1.884293928742408752e-02
1.886479556560516357e-02
1.888665556907653809e-02
1.890850812196731567e-02
1.893040351569652557e-02
1.895229332149028778e-02
1.906196027994155884e-02
1.908394135534763336e-02
1.910590939223766327e-02
1.912792585790157318e-02
1.914993301033973694e-02
1.917194575071334839e-02
1.919397898018360138e-02
1.921603828668594360e-02
1.923810131847858429e-02
1.926016062498092651e-02
1.928226090967655182e-02
1.930436305701732635e-02
1.932647638022899628e-02
1.934858597815036774e-02
1.937071233987808228e-02
1.939285546541213989e-02
1.941502839326858521e-02
1.943723112344741821e-02
1.945941150188446045e-02
1.948159374296665192e-02
1.950381696224212646e-02
1.952603645622730255e-02
1.954828947782516479e-02
1.957052201032638550e-02
1.959279179573059082e-02
1.961506903171539307e-02
1.963736116886138916e-02
1.965965889394283295e-02
1.977135427296161652e-02
1.979371719062328339e-02
1.981612294912338257e-02
1.983851939439773560e-02
1.986095309257507324e-02
1.988335885107517242e-02
1.990582235157489777e-02
1.992826536297798157e-02
1.995071955025196075e-02
1.997320167720317841e-02
1.999568194150924683e-02
2.001818455755710602e-02
2.004071138799190521e-02
2.006323821842670441e-02
2.008579485118389130e-02
2.010833472013473511e-02
2.013089135289192200e-02
2.015346102416515350e-02
2.017606049776077271e-02
2.019868046045303345e-02
2.022128365933895111e-02
2.024392411112785339e-02
2.026656083762645721e-02
2.028925344347953796e-02
2.031191438436508179e-02
2.033455669879913330e-02
2.035725675523281097e-02
2.037996985018253326e-02
2.049368433654308319e-02
2.051649056375026703e-02
2.053925767540931702e-02
2.056207694113254547e-02
2.058491110801696777e-02
2.060771733522415161e-02
2.063057012856006622e-02
2.065342478454113007e-02
2.067632414400577545e-02
2.069920673966407776e-02
2.072209119796752930e-02
2.074499800801277161e-02
2.076790481805801392e-02
2.079084143042564392e-02
2.081378549337387085e-02
2.083674818277359009e-02
2.085972204804420471e-02
2.088270522654056549e-02
2.090570516884326935e-02
2.092871814966201782e-02
2.095174603164196014e-02
2.097478508949279785e-02
2.099779620766639709e-02
2.102087996900081635e-02
2.104394696652889252e-02
2.106703631579875946e-02
2.109012939035892487e-02
2.111324667930603027e-02
2.122900076210498810e-02
2.125217765569686890e-02
2.127539180219173431e-02
2.129858918488025665e-02
2.132183872163295746e-02
2.134506963193416595e-02
2.136830240488052368e-02
2.139155380427837372e-02
2.141484059393405914e-02
2.143811807036399841e-02
2.146144397556781769e-02
2.148476056754589081e-02
2.150805853307247162e-02
2.153142169117927551e-02
2.155476808547973633e-02
2.157811261713504791e-02
2.160150930285453796e-02
2.162489667534828186e-02
2.164831571280956268e-02
2.167169190943241119e-02
2.169513143599033356e-02
2.171860449016094208e-02
2.174203842878341675e-02
2.176550216972827911e-02
2.178896963596343994e-02
2.181247249245643616e-02
2.183597721159458160e-02
2.185947820544242859e-02
2.197726257145404816e-02
2.200085297226905823e-02
2.202447690069675446e-02
2.204806730151176453e-02
2.207170426845550537e-02
2.209532633423805237e-02
2.211899310350418091e-02
2.214266359806060791e-02
2.216633781790733337e-02
2.219005674123764038e-02
2.221372909843921661e-02
2.223747223615646362e-02
2.226115763187408447e-02
2.228493057191371918e-02
2.230869047343730927e-02
2.233245782554149628e-02
2.235625497996807098e-02
2.238004468381404877e-02
2.240386232733726501e-02
2.242767252027988434e-02
2.245151065289974213e-02
2.247533760964870453e-02
2.249921113252639771e-02
2.252306044101715088e-02
2.254695631563663483e-02
2.257086709141731262e-02
2.259476482868194580e-02
2.261869795620441437e-02
2.273848466575145721e-02
2.276245690882205963e-02
2.278646081686019897e-02
2.281049825251102448e-02
2.283454500138759613e-02
2.285861782729625702e-02
2.288265340030193329e-02
2.290673367679119110e-02
2.293079532682895660e-02
2.295487746596336365e-02
2.297901362180709839e-02
2.300313115119934082e-02
2.302728407084941864e-02
2.305142581462860107e-02
2.307559922337532043e-02
2.309977263212203979e-02
2.312392927706241608e-02
2.314816415309906006e-02
2.317235991358757019e-02
2.319658361375331879e-02
2.322081848978996277e-02
2.324506267905235291e-02
2.326933667063713074e-02
2.329360693693161011e-02
2.331792935729026794e-02
2.334221825003623962e-02
2.336649782955646515e-02
2.339082211256027222e-02
2.351266518235206604e-02
2.353704720735549927e-02
2.356147952377796173e-02
2.358590438961982727e-02
2.361034601926803589e-02
2.363481186330318451e-02
2.365927398204803467e-02
2.368371002376079559e-02
2.370819821953773499e-02
2.373270876705646515e-02
2.375725097954273224e-02
2.378178201615810394e-02
2.380633540451526642e-02
2.383088693022727966e-02
2.385543286800384521e-02
2.388002350926399231e-02
2.390461787581443787e-02
2.392921596765518188e-02
2.395382709801197052e-02
2.397844567894935608e-02
2.400309592485427856e-02
2.402774058282375336e-02
2.405245229601860046e-02
2.407710812985897064e-02
2.410181611776351929e-02
2.412649244070053101e-02
2.415120042860507965e-02
2.417593449354171753e-02
2.429981529712677002e-02
2.432461269199848175e-02
2.434940263628959656e-02
2.437425591051578522e-02
2.439909800887107849e-02
2.442395500838756561e-02
2.444887347519397736e-02
2.447372302412986755e-02
2.449861541390419006e-02
2.452349476516246796e-02
2.454843558371067047e-02
2.457338199019432068e-02
2.459831163287162781e-02
2.462326548993587494e-02
2.464824356138706207e-02
2.467323094606399536e-02
2.469822950661182404e-02
2.472322806715965271e-02
2.474827691912651062e-02
2.477329969406127930e-02
2.479830756783485413e-02
2.482338063418865204e-02
2.484846487641334534e-02
2.487355284392833710e-02
2.489865384995937347e-02
2.492378652095794678e-02
2.494889870285987854e-02
2.497403696179389954e-02
2.509988844394683838e-02
2.512509934604167938e-02
2.515034936368465424e-02
2.517558075487613678e-02
2.520085684955120087e-02
2.522609941661357880e-02
2.525136806070804596e-02
2.527662552893161774e-02
2.530195191502571106e-02
2.532726339995861053e-02
2.535261027514934540e-02
2.537793293595314026e-02
2.540330588817596436e-02
2.542863413691520691e-02
2.545400522649288177e-02
2.547943405807018280e-02
2.550481632351875305e-02
2.553022280335426331e-02
2.555565349757671356e-02
2.558111958205699921e-02
2.560653164982795715e-02
2.563199587166309357e-02
2.565749920904636383e-02
2.568297274410724640e-02
2.570850402116775513e-02
2.573400735855102539e-02
2.575952000916004181e-02
2.578506432473659515e-02
2.591296285390853882e-02
2.593858353793621063e-02
2.596420980989933014e-02
2.598984166979789734e-02
2.601553313434123993e-02
2.604117989540100098e-02
2.606682293117046356e-02
2.609251439571380615e-02
2.611823193728923798e-02
2.614394016563892365e-02
2.616970241069793701e-02
2.619546838104724884e-02
2.622121758759021759e-02
2.624697983264923096e-02
2.627274952828884125e-02
2.629852667450904846e-02
2.632432244718074799e-02
2.635019272565841675e-02
2.637599408626556396e-02
2.640185505151748657e-02
2.642771042883396149e-02
2.645358443260192871e-02
2.647943608462810516e-02
2.650531381368637085e-02
2.653124928474426270e-02
2.655719779431819916e-02
2.658313326537609100e-02
2.660905383527278900e-02
2.673898823559284210e-02
2.676497399806976318e-02
2.679102122783660889e-02
2.681710943579673767e-02
2.684318833053112030e-02
2.686920389533042908e-02
2.689527720212936401e-02
2.692143805325031281e-02
2.694751694798469543e-02
2.697362750768661499e-02
2.699976228177547455e-02
2.702591381967067719e-02
2.705210261046886444e-02
2.707826904952526093e-02
2.710441499948501587e-02
2.713065594434738159e-02
2.715686522424221039e-02
2.718311175704002380e-02
2.720928378403186798e-02
2.723557129502296448e-02
2.726182527840137482e-02
2.728812396526336670e-02
2.731438539922237396e-02
2.734069898724555969e-02
2.736700326204299927e-02
2.739330753684043884e-02
2.741966955363750458e-02
2.744599804282188416e-02
2.757797762751579285e-02
2.760439179837703705e-02
2.763081528246402740e-02
2.765725553035736084e-02
2.768378332257270813e-02
2.771023847162723541e-02
2.773671783506870270e-02
2.776322700083255768e-02
2.778974547982215881e-02
2.781626209616661072e-02
2.784283086657524109e-02
2.786935865879058838e-02
2.789591252803802490e-02
2.792248874902725220e-02
2.794908359646797180e-02
2.797565981745719910e-02
2.800228074193000793e-02
2.802896685898303986e-02
2.805556729435920715e-02
2.808222547173500061e-02
2.810889109969139099e-02
2.813555859029293060e-02
2.816224843263626099e-02
2.818898670375347137e-02
2.821570821106433868e-02
2.824243716895580292e-02
2.826918847858905792e-02
2.829590812325477600e-02
2.842990122735500336e-02
2.845676243305206299e-02
2.848361060023307800e-02
2.851046994328498840e-02
2.853727154433727264e-02
2.856418304145336151e-02
2.859109081327915192e-02
2.861797250807285309e-02
2.864492125809192657e-02
2.867182716727256775e-02
2.869877591729164124e-02
2.872575633227825165e-02
2.875275723636150360e-02
2.877970226109027863e-02
2.880673296749591827e-02
2.883368358016014099e-02
2.886069379746913910e-02
2.888775616884231567e-02
2.891476638615131378e-02
2.894189022481441498e-02
2.896898984909057617e-02
2.899601310491561890e-02
2.902311272919178009e-02
2.905022725462913513e-02
2.907731756567955017e-02
2.910447679460048676e-02
2.913166768848896027e-02
2.915883250534534454e-02
2.929483726620674133e-02
2.932205609977245331e-02
2.934927865862846375e-02
2.937654405832290649e-02
2.940377034246921539e-02
2.943108603358268738e-02
2.945843152701854706e-02
2.948574163019657135e-02
2.951309643685817719e-02
2.954043634235858917e-02
2.956769801676273346e-02
2.959510684013366699e-02
2.962243929505348206e-02
2.964985184371471405e-02
2.967732213437557220e-02
2.970467880368232727e-02
2.973210252821445465e-02
2.975954487919807434e-02
2.978702634572982788e-02
2.981445752084255219e-02
2.984189614653587341e-02
2.986943721771240234e-02
2.989694289863109589e-02
2.992445603013038635e-02
2.995198592543601990e-02
2.997946366667747498e-02
3.000704571604728699e-02
3.003459796309471130e-02
3.017269074916839600e-02
3.020031005144119263e-02
3.022791631519794464e-02
3.025558590888977051e-02
3.028332628309726715e-02
3.031101636588573456e-02
3.033868782222270966e-02
3.036638349294662476e-02
3.039420023560523987e-02
3.042188845574855804e-02
3.044965304434299469e-02
3.047744557261466980e-02
3.050517849624156952e-02
3.053300641477108002e-02
3.056077286601066589e-02
3.058863244950771332e-02
3.061645664274692535e-02
3.064432553946971893e-02
3.067212738096714020e-02
3.070000559091567993e-02
3.072791174054145813e-02
3.075578436255455017e-02
3.078376315534114838e-02
3.081162832677364349e-02
3.083956986665725708e-02
3.086747787892818451e-02
3.089547529816627502e-02
3.092345409095287323e-02
3.106350451707839966e-02
3.109150193631649017e-02
3.111961111426353455e-02
3.114764951169490814e-02
3.117575310170650482e-02
3.120388090610504150e-02
3.123196214437484741e-02
3.126001358032226562e-02
3.128819540143013000e-02
3.131637722253799438e-02
3.134452179074287415e-02
3.137269616127014160e-02
3.140081837773323059e-02
3.142908215522766113e-02
3.145730867981910706e-02
3.148553520441055298e-02
3.151373937726020813e-02
3.154197707772254944e-02
3.157028183341026306e-02
3.159849718213081360e-02
3.162680938839912415e-02
3.165510296821594238e-02
3.168342635035514832e-02
3.171177208423614502e-02
3.174013644456863403e-02
3.176840767264366150e-02
3.179680556058883667e-02
3.182515501976013184e-02
3.196723014116287231e-02
3.199569508433341980e-02
3.202416375279426575e-02
3.205266967415809631e-02
3.208109736442565918e-02
3.210966289043426514e-02
3.213813155889511108e-02
3.216667100787162781e-02
3.219524025917053223e-02
3.222372755408287048e-02
3.225235641002655029e-02
3.228092566132545471e-02
3.230948373675346375e-02
3.233810886740684509e-02
3.236670792102813721e-02
3.239532560110092163e-02
3.242396935820579529e-02
3.245266899466514587e-02
3.248136863112449646e-02
3.250997141003608704e-02
3.253868594765663147e-02
3.256738930940628052e-02
3.259618580341339111e-02
3.262487053871154785e-02
3.265357017517089844e-02
3.268233686685562134e-02
3.271111473441123962e-02
3.273990005254745483e-02
3.288399428129196167e-02
3.291280940175056458e-02
3.294177353382110596e-02
3.297058492898941040e-02
3.299956768751144409e-02
3.302839770913124084e-02
3.305726870894432068e-02
3.308627009391784668e-02
3.311520814895629883e-02
3.314424306154251099e-02
3.317310288548469543e-02
3.320210054516792297e-02
3.323113545775413513e-02
3.326006233692169189e-02
3.328914195299148560e-02
3.331814333796501160e-02
3.334723412990570068e-02
3.337629884481430054e-02
3.340538591146469116e-02
3.343442454934120178e-02
3.346350044012069702e-02
3.349267691373825073e-02
3.352169692516326904e-02
3.355092927813529968e-02
3.358006477355957031e-02
3.360920399427413940e-02
3.363841399550437927e-02
3.366751223802566528e-02
3.381365165114402771e-02
3.384296223521232605e-02
3.387218341231346130e-02
3.390154987573623657e-02
3.393079340457916260e-02
3.396012261509895325e-02
3.398946672677993774e-02
3.401874750852584839e-02
3.404812142252922058e-02
3.407748788595199585e-02
3.410687670111656189e-02
3.413624316453933716e-02
3.416568413376808167e-02
3.419509157538414001e-02
3.422454372048377991e-02
3.425393998622894287e-02
3.428333997726440430e-02
3.431289270520210266e-02
3.434232622385025024e-02
3.437177836894989014e-02
3.440130501985549927e-02
3.443081304430961609e-02
3.446039929986000061e-02
3.448991850018501282e-02
3.451944142580032349e-02
3.454903140664100647e-02
3.457858785986900330e-02
3.460821881890296936e-02
3.475638478994369507e-02
3.478596732020378113e-02
3.481570631265640259e-02
3.484540060162544250e-02
3.487510234117507935e-02
3.490481898188591003e-02
3.493453562259674072e-02
3.496428951621055603e-02
3.499401360750198364e-02
3.502386435866355896e-02
3.505358472466468811e-02
3.508333861827850342e-02
3.511322662234306335e-02
3.514296188950538635e-02
3.517287224531173706e-02
3.520265221595764160e-02
3.523249924182891846e-02
3.526243194937705994e-02
3.529224172234535217e-02
3.532220423221588135e-02
3.535208851099014282e-02
3.538202121853828430e-02
3.541192412376403809e-02
3.544189780950546265e-02
3.547187894582748413e-02
3.550178185105323792e-02
3.553181886672973633e-02
3.556178882718086243e-02
3.571201860904693604e-02
3.574201092123985291e-02
3.577209264039993286e-02
3.580224514007568359e-02
3.583233430981636047e-02
3.586244583129882812e-02
3.589256107807159424e-02
3.592271730303764343e-02
3.595289587974548340e-02
3.598301857709884644e-02
3.601321950554847717e-02
3.604343533515930176e-02
3.607365116477012634e-02
3.610388934612274170e-02
3.613414615392684937e-02
3.616435453295707703e-02
3.619462996721267700e-02
3.622490167617797852e-02
3.625517338514328003e-02
3.628549352288246155e-02
3.631578758358955383e-02
3.634615615010261536e-02
3.637643903493881226e-02
3.640677779912948608e-02
3.643722087144851685e-02
3.646751493215560913e-02
3.649786859750747681e-02
3.652828931808471680e-02
3.668056428432464600e-02
3.671095147728919983e-02
3.674147278070449829e-02
3.677204251289367676e-02
3.680250421166419983e-02
3.683304414153099060e-02
3.686357289552688599e-02
3.689419478178024292e-02
3.692474216222763062e-02
3.695526719093322754e-02
3.698588535189628601e-02
3.701647371053695679e-02
3.704708814620971680e-02
3.707773610949516296e-02
3.710835799574851990e-02
3.713892772793769836e-02
3.716968372464179993e-02
3.720036894083023071e-02
3.723111003637313843e-02
3.726177290081977844e-02
3.729243576526641846e-02
3.732324764132499695e-02
3.735395520925521851e-02
3.738470003008842468e-02
3.741546720266342163e-02
3.744624555110931396e-02
3.747713938355445862e-02
3.750782087445259094e-02
3.766204044222831726e-02
3.769297152757644653e-02
3.772378340363502502e-02
3.775479272007942200e-02
3.778564557433128357e-02
3.781666234135627747e-02
3.784755989909172058e-02
3.787853196263313293e-02
3.790955245494842529e-02
3.794046863913536072e-02
3.797152265906333923e-02
3.800243884325027466e-02
3.803351894021034241e-02
3.806454688310623169e-02
3.809554502367973328e-02
3.812662139534950256e-02
3.815767168998718262e-02
3.818875923752784729e-02
3.821987658739089966e-02
3.825093060731887817e-02
3.828208893537521362e-02
3.831321001052856445e-02
3.834437578916549683e-02
3.837553411722183228e-02
3.840675950050354004e-02
3.843795880675315857e-02
3.846914693713188171e-02
3.850033879280090332e-02
3.865654766559600830e-02
3.868776932358741760e-02
3.871910646557807922e-02
3.875043243169784546e-02
3.878177329897880554e-02
3.881309181451797485e-02
3.884445130825042725e-02
3.887582942843437195e-02
3.890718519687652588e-02
3.893857076764106750e-02
3.897006064653396606e-02
3.900142759084701538e-02
3.903290256857872009e-02
3.906430304050445557e-02
3.909570351243019104e-02
3.912721946835517883e-02
3.915870562195777893e-02
3.919016942381858826e-02
3.922169283032417297e-02
3.925313800573348999e-02
3.928468376398086548e-02
3.931624442338943481e-02
3.934777155518531799e-02
3.937934339046478271e-02
3.941091895103454590e-02
3.944254294037818909e-02
3.947409614920616150e-02
3.950575366616249084e-02
3.966395556926727295e-02
3.969573974609375000e-02
3.972743079066276550e-02
3.975907340645790100e-02
3.979089111089706421e-02
3.982255980372428894e-02
3.985433652997016907e-02
3.988614305853843689e-02
3.991788253188133240e-02
3.994971141219139099e-02
3.998147323727607727e-02
4.001333564519882202e-02
4.004517197608947754e-02
4.007703065872192383e-02
4.010887071490287781e-02
4.014072567224502563e-02
4.017259925603866577e-02
4.020455107092857361e-02
4.023640602827072144e-02
4.026832431554794312e-02
4.030027985572814941e-02
4.033216834068298340e-02
4.036414623260498047e-02
4.039615765213966370e-02
4.042811319231987000e-02
4.046012833714485168e-02
4.049215838313102722e-02
4.052410647273063660e-02
4.068439826369285583e-02
4.071657359600067139e-02
4.074862971901893616e-02
4.078081622719764709e-02
4.081288725137710571e-02
4.084502905607223511e-02
4.087724536657333374e-02
4.090936854481697083e-02
4.094155132770538330e-02
4.097373411059379578e-02
4.100596532225608826e-02
4.103817045688629150e-02
4.107044637203216553e-02
4.110270366072654724e-02
4.113494977355003357e-02
4.116722941398620605e-02
4.119949415326118469e-02
4.123183339834213257e-02
4.126411303877830505e-02
4.129642993211746216e-02
4.132882878184318542e-02
4.136111587285995483e-02
4.139344766736030579e-02
4.142584279179573059e-02
4.145821183919906616e-02
4.149067029356956482e-02
4.152308776974678040e-02
4.155551642179489136e-02
4.171780496835708618e-02
4.175032302737236023e-02
4.178281500935554504e-02
4.181536287069320679e-02
4.184786602854728699e-02
4.188038408756256104e-02
4.191298782825469971e-02
4.194555431604385376e-02
4.197813570499420166e-02
4.201075807213783264e-02
4.204337298870086670e-02
4.207605868577957153e-02
4.210867360234260559e-02
4.214124381542205811e-02
4.217400029301643372e-02
4.220671951770782471e-02
4.223939031362533569e-02
4.227211698889732361e-02
4.230475798249244690e-02
4.233754798769950867e-02
4.237026348710060120e-02
4.240300133824348450e-02
4.243580996990203857e-02
4.246850311756134033e-02
4.250134900212287903e-02
4.253408312797546387e-02
4.256695508956909180e-02
4.259977117180824280e-02
