-2.476419657468795776e-01
-2.476419657468795776e-01
-2.476419657468795776e-01
-2.476419657468795776e-01
-2.476419657468795776e-01
-2.476419657468795776e-01
-2.476419657468795776e-01
-2.476419657468795776e-01
-2.476419657468795776e-01
-2.476419657468795776e-01
-2.476419657468795776e-01
-2.476419657468795776e-01
-2.476419657468795776e-01
-2.476419657468795776e-01
-2.476419657468795776e-01
-2.476419657468795776e-01
-2.476419657468795776e-01
-2.476419657468795776e-01
-2.476419657468795776e-01
-2.476419657468795776e-01
-2.476419657468795776e-01
-2.476419657468795776e-01
-2.476419657468795776e-01
-2.476419657468795776e-01
-2.476419657468795776e-01
-2.476419657468795776e-01
-2.476419657468795776e-01
-2.476419657468795776e-01
-2.476419657468795776e-01
-2.476419657468795776e-01
-2.476419657468795776e-01
-2.476419657468795776e-01
-2.476419657468795776e-01
-2.476419657468795776e-01
-3.342979848384857178e-01
-2.488207966089248657e-01
-2.389940619468688965e-01
-3.624930381774902344e-01
-2.118531465530395508e-01
3.016951121389865875e-02
1.999578475952148438e-01
1.496626287698745728e-01
1.236971169710159302e-01
2.251528948545455933e-01
1.146819591522216797e-01
-1.092359870672225952e-01
-2.236169278621673584e-01
-2.476419657468795776e-01
-2.476419657468795776e-01
-2.476419657468795776e-01
-2.476419657468795776e-01
-2.476419657468795776e-01
-2.476419657468795776e-01
-2.476419657468795776e-01
-2.476419657468795776e-01
-2.476419657468795776e-01
-2.476419657468795776e-01
-2.476419657468795776e-01
-2.476419657468795776e-01
-2.528937160968780518e-01
-3.133616447448730469e-01
-2.196832001209259033e-01
-4.686749875545501709e-01
-3.209083378314971924e-01
-1.574224084615707397e-01
-5.436720252037048340e-01
-5.376530885696411133e-01
-2.219726890325546265e-01
1.031192094087600708e-01
-1.071379613131284714e-02
-1.455891784280538559e-02
3.771195113658905029e-01
4.416658282279968262e-01
2.352441251277923584e-01
3.739290311932563782e-02
-1.595529317855834961e-01
-2.476419657468795776e-01
-2.476419657468795776e-01
-2.476419657468795776e-01
-2.476419657468795776e-01
-2.476419657468795776e-01
-2.476419657468795776e-01
-2.476419657468795776e-01
-2.476419657468795776e-01
-2.476419657468795776e-01
-2.476419657468795776e-01
-2.476419657468795776e-01
-2.728232443332672119e-01
-5.934726595878601074e-01
-7.596816122531890869e-02
-2.955792844295501709e-01
-8.726813793182373047e-01
-4.265557602047920227e-02
6.120106577873229980e-02
-1.190635323524475098e+00
-2.323741912841796875e+00
-2.751833438873291016e+00
-2.766124486923217773e+00
-2.702680110931396484e+00
-2.527462244033813477e+00
-1.418879032135009766e+00
8.410532772541046143e-02
6.390233039855957031e-01
1.813758015632629395e-01
-2.396329641342163086e-01
-2.476419657468795776e-01
-2.476419657468795776e-01
-2.476419657468795776e-01
-2.476419657468795776e-01
-2.476419657468795776e-01
-2.476419657468795776e-01
-2.476419657468795776e-01
-2.476419657468795776e-01
-2.476419657468795776e-01
-2.476419657468795776e-01
-2.815345823764801025e-01
-6.573373079299926758e-01
1.955064982175827026e-01
-3.400083184242248535e-01
-1.398047924041748047e+00
-8.227732181549072266e-01
-6.831784844398498535e-01
-1.518615126609802246e+00
-2.663703680038452148e+00
-3.238854408264160156e+00
-3.449428796768188477e+00
-4.641082286834716797e+00
-5.430475234985351562e+00
-4.663660526275634766e+00
-2.837227821350097656e+00
-7.377214431762695312e-01
5.846156552433967590e-02
-9.489797800779342651e-02
-2.476419657468795776e-01
-2.476419657468795776e-01
-2.476419657468795776e-01
-2.476419657468795776e-01
-2.476419657468795776e-01
-2.476419657468795776e-01
-2.476419657468795776e-01
-2.476419657468795776e-01
-2.476419657468795776e-01
-2.476419657468795776e-01
-2.495185583829879761e-01
-2.784458994865417480e-01
-8.663797751069068909e-03
8.234485387802124023e-01
-1.025913879275321960e-01
-2.069245338439941406e+00
-1.784774065017700195e+00
-1.213775873184204102e+00
-1.180580139160156250e+00
-9.373012185096740723e-01
-6.014200448989868164e-01
-5.058346390724182129e-01
-2.280814409255981445e+00
-4.561645507812500000e+00
-4.968160629272460938e+00
-3.339896202087402344e+00
-4.004897773265838623e-01
3.712746202945709229e-01
-2.476419657468795776e-01
-2.476419657468795776e-01
-2.476419657468795776e-01
-2.476419657468795776e-01
-2.476419657468795776e-01
-2.476419657468795776e-01
-2.476419657468795776e-01
-2.476419657468795776e-01
-2.476419657468795776e-01
-2.476419657468795776e-01
-2.330772131681442261e-01
-1.380794867873191833e-02
2.958861887454986572e-01
1.976634502410888672e+00
1.631549596786499023e+00
-1.160768985748291016e+00
-1.514502644538879395e+00
-6.831700205802917480e-01
3.840690553188323975e-01
1.607348084449768066e+00
2.829259157180786133e+00
4.211200714111328125e+00
3.491260051727294922e+00
-2.506922781467437744e-01
-4.050329208374023438e+00
-4.751496315002441406e+00
-1.984615564346313477e+00
-2.167133539915084839e-01
-2.476419657468795776e-01
-2.476419657468795776e-01
-2.476419657468795776e-01
-2.476419657468795776e-01
-2.476419657468795776e-01
-2.476419657468795776e-01
-2.476419657468795776e-01
-2.476419657468795776e-01
-2.476419657468795776e-01
-2.476419657468795776e-01
-2.730950713157653809e-01
-6.762272119522094727e-01
-6.242225766181945801e-01
1.786255240440368652e+00
2.994052648544311523e+00
2.158685684204101562e+00
1.128766298294067383e+00
3.890978395938873291e-01
6.797910928726196289e-01
1.229706883430480957e+00
1.720093369483947754e+00
3.747086286544799805e+00
5.279267311096191406e+00
3.650753736495971680e+00
-5.637324452400207520e-01
-3.583648920059204102e+00
-3.091601371765136719e+00
-1.160571694374084473e+00
-2.476419657468795776e-01
-2.476419657468795776e-01
-2.476419657468795776e-01
-2.476419657468795776e-01
-2.476419657468795776e-01
-2.476419657468795776e-01
-2.476419657468795776e-01
-2.476419657468795776e-01
-2.476419657468795776e-01
-2.476419657468795776e-01
-3.304875791072845459e-01
-1.382162809371948242e+00
-9.098562598228454590e-01
5.543474555015563965e-01
1.905987262725830078e+00
2.865131378173828125e+00
2.285421133041381836e+00
1.657565593719482422e+00
1.286842703819274902e+00
1.567879170179367065e-01
-2.172774970531463623e-01
1.065181493759155273e+00
3.874136209487915039e+00
4.710306644439697266e+00
1.597099661827087402e+00
-2.034221649169921875e+00
-3.331027269363403320e+00
-1.657224774360656738e+00
-2.476419657468795776e-01
-2.476419657468795776e-01
-2.476419657468795776e-01
-2.476419657468795776e-01
-2.476419657468795776e-01
-2.476419657468795776e-01
-2.476419657468795776e-01
-2.476419657468795776e-01
-2.476419657468795776e-01
-2.476419657468795776e-01
-2.844853103160858154e-01
-8.106496930122375488e-01
-9.255170226097106934e-01
-4.361030161380767822e-01
5.632756948471069336e-01
1.478672504425048828e+00
1.371014237403869629e+00
9.101418852806091309e-01
6.130211949348449707e-01
-5.637058615684509277e-01
-1.516738295555114746e+00
-6.818815469741821289e-01
1.738052487373352051e+00
3.413758277893066406e+00
1.967938184738159180e+00
-1.113687753677368164e+00
-2.687643527984619141e+00
-1.430177569389343262e+00
-2.476419657468795776e-01
-2.476419657468795776e-01
-2.476419657468795776e-01
-2.476419657468795776e-01
-2.476419657468795776e-01
-2.476419657468795776e-01
-2.476419657468795776e-01
-2.476419657468795776e-01
-2.476419657468795776e-01
-2.476419657468795776e-01
-2.542221844196319580e-01
-3.835650086402893066e-01
-4.737355113029479980e-01
-3.947545886039733887e-01
-1.170764192938804626e-01
1.195497512817382812e-01
9.603986889123916626e-02
-3.998664673417806625e-03
1.049922555685043335e-01
-5.433270335197448730e-01
-2.140799999237060547e+00
-2.796638727188110352e+00
-6.218534708023071289e-01
1.338755249977111816e+00
7.876647114753723145e-01
-1.135679483413696289e+00
-2.203826427459716797e+00
-1.056611061096191406e+00
-1.355279535055160522e-01
-2.476419657468795776e-01
-2.476419657468795776e-01
-2.476419657468795776e-01
-2.476419657468795776e-01
-2.476419657468795776e-01
-2.476419657468795776e-01
-2.476419657468795776e-01
-2.476419657468795776e-01
-2.476419657468795776e-01
-2.476419657468795776e-01
-2.476419657468795776e-01
-2.476419657468795776e-01
-2.476419657468795776e-01
-2.476419657468795776e-01
-2.392388135194778442e-01
-2.537409961223602295e-01
-1.351747363805770874e-01
4.326406717300415039e-01
7.181921601295471191e-01
-1.828203558921813965e+00
-3.898381471633911133e+00
-2.386101484298706055e+00
-4.780959188938140869e-01
-2.690356671810150146e-01
-1.709635496139526367e+00
-1.916845560073852539e+00
-2.687720358371734619e-01
3.097217082977294922e-01
-1.995940059423446655e-01
-2.476419657468795776e-01
-2.476419657468795776e-01
-2.476419657468795776e-01
-2.476419657468795776e-01
-2.476419657468795776e-01
-2.476419657468795776e-01
-2.476419657468795776e-01
-2.476419657468795776e-01
-2.476419657468795776e-01
-2.476419657468795776e-01
-2.476419657468795776e-01
-2.476419657468795776e-01
-2.476419657468795776e-01
-2.310571968555450439e-01
-2.088470309972763062e-01
-3.873433545231819153e-02
8.969808816909790039e-01
2.401294469833374023e+00
4.613106250762939453e-01
-2.495801448822021484e+00
-2.363701343536376953e+00
-1.382527828216552734e+00
-1.454594254493713379e+00
-2.843225002288818359e+00
-3.151949644088745117e+00
-1.440577983856201172e+00
3.683036863803863525e-01
3.725307285785675049e-01
-2.476419657468795776e-01
-2.476419657468795776e-01
-2.476419657468795776e-01
-2.476419657468795776e-01
-2.476419657468795776e-01
-2.476419657468795776e-01
-2.476419657468795776e-01
-2.476419657468795776e-01
-2.476419657468795776e-01
-2.476419657468795776e-01
-2.476419657468795776e-01
-2.476419657468795776e-01
-2.476419657468795776e-01
-2.476314157247543335e-01
-4.454429745674133301e-01
-6.650307774543762207e-01
5.731688737869262695e-01
2.709692716598510742e+00
3.081398248672485352e+00
1.913657903671264648e+00
1.042601704597473145e+00
1.520224332809448242e+00
8.671862483024597168e-01
-1.989624500274658203e+00
-3.732105970382690430e+00
-3.973391056060791016e+00
-1.398850321769714355e+00
4.089136123657226562e-01
-2.476419657468795776e-01
-2.476419657468795776e-01
-2.476419657468795776e-01
-2.476419657468795776e-01
-2.476419657468795776e-01
-2.476419657468795776e-01
-2.476419657468795776e-01
-2.476419657468795776e-01
-2.476419657468795776e-01
-2.476419657468795776e-01
-2.476419657468795776e-01
-2.476419657468795776e-01
-2.476419657468795776e-01
-3.463344573974609375e-01
-6.888139247894287109e-01
-1.052507638931274414e+00
-2.028805017471313477e-01
1.448691606521606445e+00
3.010598897933959961e+00
3.434513807296752930e+00
3.196935415267944336e+00
3.845346689224243164e+00
3.881395339965820312e+00
1.288545966148376465e+00
-2.540456056594848633e+00
-5.083521842956542969e+00
-3.708011865615844727e+00
-7.555620670318603516e-01
1.310080587863922119e-01
-2.236169278621673584e-01
-2.476419657468795776e-01
-2.476419657468795776e-01
-2.476419657468795776e-01
-2.476419657468795776e-01
-2.476419657468795776e-01
-2.476419657468795776e-01
-2.476419657468795776e-01
-2.476419657468795776e-01
-2.476419657468795776e-01
-2.476419657468795776e-01
-2.476419657468795776e-01
-2.476419657468795776e-01
-5.160815715789794922e-01
-1.106323242187500000e+00
-1.092894792556762695e+00
-4.179502427577972412e-01
7.058927416801452637e-01
1.792538642883300781e+00
2.225818395614624023e+00
3.220968961715698242e+00
4.930748939514160156e+00
4.559978008270263672e+00
7.042136788368225098e-01
-3.109703779220581055e+00
-4.948222637176513672e+00
-2.340178966522216797e+00
4.289950728416442871e-01
-1.978211104869842529e-01
-2.476419657468795776e-01
-2.476419657468795776e-01
-2.476419657468795776e-01
-2.476419657468795776e-01
-2.476419657468795776e-01
-2.476419657468795776e-01
-2.476419657468795776e-01
-2.476419657468795776e-01
-2.476419657468795776e-01
-2.476419657468795776e-01
-2.476419657468795776e-01
-2.476419657468795776e-01
-2.673808634281158447e-01
-3.540707826614379883e-01
-5.561317205429077148e-01
-4.660412967205047607e-01
-2.148934006690979004e-01
-3.101049363613128662e-01
-1.303803920745849609e-01
4.201006591320037842e-01
2.474282979965209961e+00
4.683945655822753906e+00
3.343973159790039062e+00
-4.012221470475196838e-02
-4.315503597259521484e+00
-3.297241926193237305e+00
-1.804444640874862671e-01
-2.388762235641479492e-01
-2.476419657468795776e-01
-2.476419657468795776e-01
-2.476419657468795776e-01
-2.476419657468795776e-01
-2.476419657468795776e-01
-2.476419657468795776e-01
-2.476419657468795776e-01
-2.476419657468795776e-01
-2.476419657468795776e-01
-2.476419657468795776e-01
-2.476419657468795776e-01
-2.476419657468795776e-01
-2.476419657468795776e-01
-2.608006596565246582e-01
-3.023662567138671875e-01
-2.936238646507263184e-01
-2.617157101631164551e-01
-4.201606214046478271e-01
-8.893263936042785645e-01
-9.113892912864685059e-01
5.515414476394653320e-01
3.026335000991821289e+00
4.462791919708251953e+00
2.115576267242431641e+00
-2.749508380889892578e+00
-3.671266555786132812e+00
-1.524246454238891602e+00
-3.217051625251770020e-01
-2.476419657468795776e-01
-2.476419657468795776e-01
-2.476419657468795776e-01
-2.476419657468795776e-01
-2.476419657468795776e-01
-2.476419657468795776e-01
-2.476419657468795776e-01
-2.476419657468795776e-01
-2.476419657468795776e-01
-2.476419657468795776e-01
-2.476419657468795776e-01
-2.476419657468795776e-01
-2.476419657468795776e-01
-2.476419657468795776e-01
-2.476419657468795776e-01
-2.476419657468795776e-01
-2.476419657468795776e-01
-3.002783358097076416e-01
-6.612746715545654297e-01
-1.075062513351440430e+00
-6.073119640350341797e-01
1.489925980567932129e+00
3.793822288513183594e+00
2.739353895187377930e+00
-1.190410971641540527e+00
-3.577252149581909180e+00
-2.384163379669189453e+00
-3.818358182907104492e-01
-2.476419657468795776e-01
-2.476419657468795776e-01
-2.476419657468795776e-01
-2.476419657468795776e-01
-2.476419657468795776e-01
-2.476419657468795776e-01
-2.476419657468795776e-01
-2.476419657468795776e-01
-2.476419657468795776e-01
-2.502682209014892578e-01
-2.450514882802963257e-01
-2.463095337152481079e-01
-2.534397244453430176e-01
-2.415464222431182861e-01
-2.396329641342163086e-01
-2.476419657468795776e-01
-2.476419657468795776e-01
-2.476419657468795776e-01
-3.773354589939117432e-01
-8.358584046363830566e-01
-9.218412637710571289e-01
6.411805748939514160e-01
2.751592636108398438e+00
2.690475702285766602e+00
-2.016563564538955688e-01
-3.145245313644409180e+00
-2.496303081512451172e+00
-3.992502093315124512e-01
-2.476419657468795776e-01
-2.476419657468795776e-01
-2.476419657468795776e-01
-2.476419657468795776e-01
-2.476419657468795776e-01
-2.476419657468795776e-01
-2.476419657468795776e-01
-2.476419657468795776e-01
-2.660234570503234863e-01
-2.499791234731674194e-01
-2.203588634729385376e-01
-2.785996496677398682e-01
-2.501959502696990967e-01
-1.649917662143707275e-01
-1.868135631084442139e-01
-2.316259443759918213e-01
-2.476419657468795776e-01
-2.555199563503265381e-01
-4.067303538322448730e-01
-5.974750518798828125e-01
-7.968997955322265625e-01
2.207337617874145508e-01
2.358042001724243164e+00
2.577407360076904297e+00
9.882950186729431152e-01
-2.691292047500610352e+00
-3.167998552322387695e+00
-4.420447051525115967e-01
-2.476419657468795776e-01
-2.476419657468795776e-01
-2.476419657468795776e-01
-2.476419657468795776e-01
-2.476419657468795776e-01
-2.476419657468795776e-01
-2.476419657468795776e-01
-2.476419657468795776e-01
-5.458502173423767090e-01
-1.380669772624969482e-01
-1.545093655586242676e-01
-7.047184705734252930e-01
-8.367349207401275635e-02
6.284794807434082031e-01
6.000490784645080566e-01
5.006820559501647949e-01
9.228837490081787109e-02
3.081469535827636719e-01
1.119459941983222961e-01
-6.085682511329650879e-01
-5.810546875000000000e-01
3.527625203132629395e-01
2.060651540756225586e+00
2.071321249008178711e+00
9.567067623138427734e-01
-1.577603578567504883e+00
-2.035603284835815430e+00
-3.690279424190521240e-01
-2.476419657468795776e-01
-2.476419657468795776e-01
-2.476419657468795776e-01
-2.476419657468795776e-01
-2.476419657468795776e-01
-2.476419657468795776e-01
-2.476419657468795776e-01
-2.476419657468795776e-01
-5.266448259353637695e-01
-1.235038936138153076e-01
-2.477378398180007935e-01
-1.309185147285461426e+00
-1.864059567451477051e+00
-1.649244546890258789e+00
-1.075339794158935547e+00
-6.787694096565246582e-01
-4.857957065105438232e-01
-1.247746720910072327e-01
1.924081742763519287e-01
-1.841315627098083496e-01
-5.742630958557128906e-01
6.186970323324203491e-02
5.140382051467895508e-01
9.200375080108642578e-01
-5.165370702743530273e-01
-1.509956240653991699e+00
-2.977855801582336426e-01
-2.610266506671905518e-01
-2.476419657468795776e-01
-2.476419657468795776e-01
-2.476419657468795776e-01
-2.476419657468795776e-01
-2.476419657468795776e-01
-2.476419657468795776e-01
-2.476419657468795776e-01
-2.476419657468795776e-01
-2.974938750267028809e-01
-1.447017043828964233e-01
3.526964187622070312e-01
-1.266559064388275146e-01
-2.649217367172241211e+00
-4.219410419464111328e+00
-3.731686830520629883e+00
-3.203220605850219727e+00
-2.663171291351318359e+00
-2.465114593505859375e+00
-1.531162619590759277e+00
-8.636506199836730957e-01
-1.556903123855590820e+00
-1.357919216156005859e+00
-1.298972964286804199e+00
-4.019992947578430176e-01
-1.804661512374877930e+00
-1.208130955696105957e+00
6.182541251182556152e-01
-2.002191245555877686e-01
-2.476419657468795776e-01
-2.476419657468795776e-01
-2.476419657468795776e-01
-2.476419657468795776e-01
-2.476419657468795776e-01
-2.476419657468795776e-01
-2.476419657468795776e-01
-2.476419657468795776e-01
4.553341865539550781e-02
1.662755906581878662e-01
1.617136478424072266e+00
2.387697219848632812e+00
-3.694877400994300842e-02
-2.350674152374267578e+00
-3.053766250610351562e+00
-3.528190374374389648e+00
-3.598505973815917969e+00
-3.887043952941894531e+00
-3.432649850845336914e+00
-2.599693775177001953e+00
-2.287220001220703125e+00
-1.415364027023315430e+00
-4.743019044399261475e-01
-6.156690120697021484e-01
-1.381347894668579102e+00
-5.503503680229187012e-01
1.402508094906806946e-02
-2.291950285434722900e-01
-2.476419657468795776e-01
-2.476419657468795776e-01
-2.476419657468795776e-01
-2.476419657468795776e-01
-2.476419657468795776e-01
-2.476419657468795776e-01
-2.476419657468795776e-01
-2.476419657468795776e-01
-6.591644883155822754e-01
-6.603450775146484375e-01
1.249795198440551758e+00
2.945962429046630859e+00
3.147837162017822266e+00
2.637331962585449219e+00
1.494041919708251953e+00
6.584996581077575684e-01
-8.812259435653686523e-01
-2.022120952606201172e+00
-2.466608762741088867e+00
-2.251175165176391602e+00
-7.157802581787109375e-01
3.417764306068420410e-01
1.166427612304687500e+00
2.458659112453460693e-01
-1.961937174201011658e-02
3.289466500282287598e-01
-1.998510509729385376e-01
-2.420284897089004517e-01
-2.476419657468795776e-01
-2.476419657468795776e-01
-2.476419657468795776e-01
-2.476419657468795776e-01
-2.476419657468795776e-01
-2.476419657468795776e-01
-2.476419657468795776e-01
-2.476419657468795776e-01
-9.581875205039978027e-01
-1.167014241218566895e+00
-1.650149822235107422e-01
1.062481284141540527e+00
2.551273107528686523e+00
3.567422628402709961e+00
3.550208806991577148e+00
3.436669349670410156e+00
2.592421293258666992e+00
1.864405393600463867e+00
1.186061143875122070e+00
8.305096030235290527e-01
1.750889182090759277e+00
2.438901901245117188e+00
2.112839460372924805e+00
1.077070593833923340e+00
5.760977268218994141e-01
1.429406702518463135e-01
-2.476419657468795776e-01
-2.476419657468795776e-01
-2.476419657468795776e-01
-2.476419657468795776e-01
-2.476419657468795776e-01
-2.476419657468795776e-01
-2.476419657468795776e-01
-2.476419657468795776e-01
-2.476419657468795776e-01
-2.476419657468795776e-01
-6.095111370086669922e-01
-7.491983771324157715e-01
-7.182691693305969238e-01
-4.902872443199157715e-01
2.450685054063796997e-01
9.829756021499633789e-01
1.703842520713806152e+00
2.260990858078002930e+00
2.647448301315307617e+00
2.704873561859130859e+00
2.266272306442260742e+00
1.933930397033691406e+00
1.971670866012573242e+00
2.035167694091796875e+00
1.448418855667114258e+00
7.713466882705688477e-01
2.524814009666442871e-01
-1.578359156847000122e-01
-2.476419657468795776e-01
-2.476419657468795776e-01
-2.476419657468795776e-01
-2.476419657468795776e-01
-2.476419657468795776e-01
