8.486802577972412109e-01
8.483266234397888184e-01
8.479692935943603516e-01
8.476081490516662598e-01
8.472433090209960938e-01
8.468748927116394043e-01
8.465024828910827637e-01
8.461265563964843750e-01
8.457468152046203613e-01
8.453634977340698242e-01
8.355258107185363770e-01
8.350540995597839355e-01
8.345787525177001953e-01
8.340997695922851562e-01
8.336170911788940430e-01
8.331307172775268555e-01
8.326408267021179199e-01
8.321473002433776855e-01
8.316500782966613770e-01
8.311493992805480957e-01
8.186402916908264160e-01
8.180537223815917969e-01
8.174636363983154297e-01
8.168699741363525391e-01
8.162727355957031250e-01
8.156720995903015137e-01
8.150680065155029297e-01
8.144602775573730469e-01
8.138490915298461914e-01
8.132343888282775879e-01
7.981412410736083984e-01
7.974441051483154297e-01
7.967432737350463867e-01
7.960393428802490234e-01
7.953318953514099121e-01
7.946210503578186035e-01
7.939067482948303223e-01
7.931892275810241699e-01
7.924683690071105957e-01
7.917441725730895996e-01
7.741738557815551758e-01
7.733706831932067871e-01
7.725644111633300781e-01
7.717549800872802734e-01
7.709421515464782715e-01
7.701264619827270508e-01
7.693071961402893066e-01
7.684848904609680176e-01
7.676595449447631836e-01
7.668307423591613770e-01
7.469093203544616699e-01
7.460061907768249512e-01
7.451001405715942383e-01
7.441911101341247559e-01
7.432789802551269531e-01
7.423639893531799316e-01
7.414458990097045898e-01
7.405247092247009277e-01
7.396006584167480469e-01
7.386735081672668457e-01
7.165462970733642578e-01
7.155500650405883789e-01
7.145507931709289551e-01
7.135486602783203125e-01
7.125439643859863281e-01
7.115364074707031250e-01
7.105261087417602539e-01
7.095129489898681641e-01
7.084972262382507324e-01
7.074786424636840820e-01
6.833101511001586914e-01
6.822280287742614746e-01
6.811431050300598145e-01
6.800556778907775879e-01
6.789658665657043457e-01
6.778734326362609863e-01
6.767783761024475098e-01
6.756809949874877930e-01
6.745812296867370605e-01
6.734787225723266602e-01
6.474530100822448730e-01
6.462932825088500977e-01
6.451311111450195312e-01
6.439669728279113770e-01
6.428002715110778809e-01
6.416313648223876953e-01
6.404603719711303711e-01
6.392868757247924805e-01
6.381114125251770020e-01
6.369336247444152832e-01
6.092542409896850586e-01
6.080261468887329102e-01
6.067957282066345215e-01
6.055637598037719727e-01
6.043295860290527344e-01
6.030937433242797852e-01
6.018556356430053711e-01
6.006156206130981445e-01
5.993738770484924316e-01
5.981301665306091309e-01
