2.336710840463638306e-01
2.335536330938339233e-01
2.334349006414413452e-01
2.333146929740905762e-01
2.331931740045547485e-01
2.330702990293502808e-01
2.329461127519607544e-01
2.328204959630966187e-01
2.326935678720474243e-01
2.325652688741683960e-01
2.292445302009582520e-01
2.290841937065124512e-01
2.289226204156875610e-01
2.287595421075820923e-01
2.285952568054199219e-01
2.284297198057174683e-01
2.282627224922180176e-01
2.280945032835006714e-01
2.279249578714370728e-01
2.277541756629943848e-01
2.234670668840408325e-01
2.232653200626373291e-01
2.230622470378875732e-01
2.228579670190811157e-01
2.226523905992507935e-01
2.224455475807189941e-01
2.222374826669692993e-01
2.220281660556793213e-01
2.218175530433654785e-01
2.216057330369949341e-01
2.163921296596527100e-01
2.161508202552795410e-01
2.159082889556884766e-01
2.156645655632019043e-01
2.154197096824645996e-01
2.151736021041870117e-01
2.149263769388198853e-01
2.146778404712677002e-01
2.144282311201095581e-01
2.141774147748947144e-01
2.080864459276199341e-01
2.078078091144561768e-01
2.075281441211700439e-01
2.072473168373107910e-01
2.069654911756515503e-01
2.066824138164520264e-01
2.063982784748077393e-01
2.061130404472351074e-01
2.058266848325729370e-01
2.055392563343048096e-01
1.986294537782669067e-01
1.983163356781005859e-01
1.980022042989730835e-01
1.976870894432067871e-01
1.973709166049957275e-01
1.970537155866622925e-01
1.967354267835617065e-01
1.964161992073059082e-01
1.960959583520889282e-01
1.957746297121047974e-01
1.881139427423477173e-01
1.877693831920623779e-01
1.874239146709442139e-01
1.870774775743484497e-01
1.867302358150482178e-01
1.863819658756256104e-01
1.860327571630477905e-01
1.856826692819595337e-01
1.853317320346832275e-01
1.849797815084457397e-01
1.766452342271804810e-01
1.762727946043014526e-01
1.758994907140731812e-01
1.755253821611404419e-01
1.751505434513092041e-01
1.747747659683227539e-01
1.743982583284378052e-01
1.740209758281707764e-01
1.736428439617156982e-01
1.732639521360397339e-01
1.643421649932861328e-01
1.639457345008850098e-01
1.635484695434570312e-01
1.631505638360977173e-01
1.627520322799682617e-01
1.623528152704238892e-01
1.619529426097869873e-01
1.615524888038635254e-01
1.611512005329132080e-01
1.607493013143539429e-01
1.513361930847167969e-01
1.509199589490890503e-01
1.505031734704971313e-01
1.500859260559082031e-01
1.496680527925491333e-01
1.492496579885482788e-01
1.488308161497116089e-01
1.484113931655883789e-01
1.479914933443069458e-01
1.475710123777389526e-01
