6.128151416778564453e-01
6.124070286750793457e-01
6.119994521141052246e-01
6.115926504135131836e-01
6.111862063407897949e-01
6.107805371284484863e-01
6.103754043579101562e-01
6.099708080291748047e-01
6.095668673515319824e-01
6.091635823249816895e-01
6.000494360923767090e-01
5.996600985527038574e-01
5.992714166641235352e-01
5.988834500312805176e-01
5.984961390495300293e-01
5.981091260910034180e-01
5.977228283882141113e-01
5.973370671272277832e-01
5.969519019126892090e-01
5.965673327445983887e-01
5.878817439079284668e-01
5.875110030174255371e-01
5.871407985687255859e-01
5.867711901664733887e-01
5.864022374153137207e-01
5.860335230827331543e-01
5.856657028198242188e-01
5.852984189987182617e-01
5.849316120147705078e-01
5.845655202865600586e-01
5.762981772422790527e-01
5.759451985359191895e-01
5.755931735038757324e-01
5.752415060997009277e-01
5.748904347419738770e-01
5.745400786399841309e-01
5.741900801658630371e-01
5.738406181335449219e-01
5.734917521476745605e-01
5.731434226036071777e-01
5.652846097946166992e-01
5.649493932723999023e-01
5.646149516105651855e-01
5.642808079719543457e-01
5.639473795890808105e-01
5.636144876480102539e-01
5.632819533348083496e-01
5.629500150680541992e-01
5.626186728477478027e-01
5.622880458831787109e-01
5.548279285430908203e-01
5.545099973678588867e-01
5.541924238204956055e-01
5.538756847381591797e-01
5.535594224929809570e-01
5.532435774803161621e-01
5.529283285140991211e-01
5.526135563850402832e-01
5.522993206977844238e-01
5.519857406616210938e-01
5.449155569076538086e-01
5.446144938468933105e-01
5.443136692047119141e-01
5.440138578414916992e-01
5.437141656875610352e-01
5.434151887893676758e-01
5.431166887283325195e-01
5.428186058998107910e-01
5.425212383270263672e-01
5.422240495681762695e-01
5.355352759361267090e-01
5.352506637573242188e-01
5.349664688110351562e-01
5.346826910972595215e-01
5.343995094299316406e-01
5.341169238090515137e-01
5.338348150253295898e-01
5.335531830787658691e-01
5.332720875740051270e-01
5.329912900924682617e-01
5.266754627227783203e-01
5.264069437980651855e-01
5.261387825012207031e-01
5.258713960647583008e-01
5.256041288375854492e-01
5.253375172615051270e-01
5.250713825225830078e-01
5.248057842254638672e-01
5.245406627655029297e-01
5.242760181427001953e-01
5.183252096176147461e-01
5.180723071098327637e-01
5.178200006484985352e-01
5.175681710243225098e-01
5.173166394233703613e-01
5.170658826828002930e-01
5.168154239654541016e-01
5.165655612945556641e-01
5.163159966468811035e-01
5.160671472549438477e-01
