3.286167681217193604e-01
3.287381827831268311e-01
3.288598656654357910e-01
3.289814889430999756e-01
3.291032314300537109e-01
3.292251825332641602e-01
3.293470144271850586e-01
3.294689357280731201e-01
3.295909464359283447e-01
3.297132849693298340e-01
3.325423002243041992e-01
3.326661884784698486e-01
3.327902555465698242e-01
3.329142630100250244e-01
3.330383300781250000e-01
3.331626355648040771e-01
3.332869708538055420e-01
3.334112167358398438e-01
3.335356116294860840e-01
3.336601853370666504e-01
3.365443944931030273e-01
3.366705477237701416e-01
3.367971479892730713e-01
3.369235694408416748e-01
3.370499610900878906e-01
3.371765315532684326e-01
3.373033106327056885e-01
3.374300003051757812e-01
3.375568985939025879e-01
3.376838564872741699e-01
3.406231105327606201e-01
3.407519459724426270e-01
3.408808410167694092e-01
3.410096764564514160e-01
3.411384820938110352e-01
3.412675261497497559e-01
3.413965702056884766e-01
3.415257036685943604e-01
3.416550159454345703e-01
3.417845070362091064e-01
3.447793722152709961e-01
3.449104726314544678e-01
3.450418412685394287e-01
3.451729118824005127e-01
3.453045189380645752e-01
3.454357981681823730e-01
3.455671966075897217e-01
3.456990718841552734e-01
3.458306789398193359e-01
3.459623157978057861e-01
3.490135371685028076e-01
3.491471409797668457e-01
3.492806851863861084e-01
3.494144380092620850e-01
3.495482802391052246e-01
3.496821522712707520e-01
3.498161435127258301e-01
3.499500155448913574e-01
3.500841259956359863e-01
3.502183854579925537e-01
3.533258140087127686e-01
3.534620404243469238e-01
3.535980582237243652e-01
3.537342548370361328e-01
3.538705408573150635e-01
3.540067672729492188e-01
3.541432321071624756e-01
3.542796373367309570e-01
3.544163107872009277e-01
3.545529544353485107e-01
3.577170372009277344e-01
3.578555583953857422e-01
3.579943478107452393e-01
3.581326901912689209e-01
3.582715988159179688e-01
3.584103584289550781e-01
3.585491180419921875e-01
3.586882054805755615e-01
3.588273227214813232e-01
3.589664101600646973e-01
3.621873855590820312e-01
3.623283505439758301e-01
3.624694049358367920e-01
3.626104891300201416e-01
3.627518117427825928e-01
3.628930449485778809e-01
3.630344569683074951e-01
3.631758987903594971e-01
3.633174598217010498e-01
3.634590804576873779e-01
3.667373061180114746e-01
3.668807446956634521e-01
3.670244514942169189e-01
3.671679496765136719e-01
3.673118054866790771e-01
3.674554824829101562e-01
3.675992190837860107e-01
3.677433729171752930e-01
3.678873479366302490e-01
3.680313825607299805e-01
