-1.019711852073669434e+00
-1.020155906677246094e+00
-1.178588628768920898e+00
-1.769784569740295410e+00
-2.478983849287033081e-01
-6.421749591827392578e-01
-1.926611661911010742e-01
1.496513605117797852e+00
-8.825630545616149902e-01
1.237611174583435059e+00
-1.019711852073669434e+00
-1.024552702903747559e+00
-1.462157726287841797e+00
-1.591982722282409668e+00
6.571910530328750610e-02
-9.619463086128234863e-01
2.635306596755981445e+00
4.813677668571472168e-01
3.206904605031013489e-02
1.188101410865783691e+00
-1.019706130027770996e+00
-1.045306921005249023e+00
-1.869151711463928223e+00
-1.316674232482910156e+00
-9.282232075929641724e-02
-2.907051742076873779e-01
3.285130739212036133e+00
-1.141341924667358398e+00
1.284959197044372559e+00
7.973338365554809570e-01
-1.024564385414123535e+00
-1.179070949554443359e+00
-1.867498397827148438e+00
-7.730264663696289062e-01
-3.350003659725189209e-01
1.037869095802307129e+00
2.093802213668823242e+00
-1.049271583557128906e+00
1.787271738052368164e+00
-1.242779716849327087e-01
-1.090168952941894531e+00
-1.391338229179382324e+00
-1.574128150939941406e+00
-4.635424017906188965e-01
-1.758858263492584229e-01
2.346114635467529297e+00
5.747822523117065430e-01
5.006210207939147949e-01
1.297737360000610352e+00
-7.382447123527526855e-01
-1.285176992416381836e+00
-1.655892133712768555e+00
-1.165020704269409180e+00
-2.300689183175563812e-02
6.413728594779968262e-01
1.902622103691101074e+00
4.957742691040039062e-01
1.269674062728881836e+00
2.936680614948272705e-01
-9.753885865211486816e-01
-1.593384742736816406e+00
-1.438905477523803711e+00
-6.191648840904235840e-01
-4.915235191583633423e-02
1.558485150337219238e+00
1.549332141876220703e+00
8.928008675575256348e-01
5.544114708900451660e-01
-2.584251165390014648e-01
-1.032131552696228027e+00
-1.588847756385803223e+00
-6.866710186004638672e-01
1.859173178672790527e-01
1.183666825294494629e+00
3.393566846847534180e+00
1.018177628517150879e+00
1.388422012329101562e+00
1.064886927604675293e+00
-1.208029463887214661e-01
-1.046868801116943359e+00
-1.925485253334045410e+00
-9.394809007644653320e-01
-6.097667217254638672e-01
2.571165323257446289e+00
3.088690519332885742e+00
6.285525560379028320e-01
1.861751079559326172e+00
7.539221644401550293e-01
-6.601721644401550293e-01
-1.075677752494812012e+00
-1.733418107032775879e+00
-7.827288508415222168e-01
2.311010658740997314e-01
3.304016590118408203e+00
4.308365285396575928e-01
6.030499339103698730e-01
1.031666398048400879e+00
-2.079530358314514160e-01
-9.095937013626098633e-01
-1.045368671417236328e+00
