3.741562962532043457e-01
3.741301596164703369e-01
3.741039335727691650e-01
3.740775287151336670e-01
3.740507662296295166e-01
3.740238547325134277e-01
3.739970326423645020e-01
3.739700019359588623e-01
3.739424049854278564e-01
3.739150166511535645e-01
3.732332289218902588e-01
3.732013106346130371e-01
3.731695413589477539e-01
3.731375038623809814e-01
3.731050789356231689e-01
3.730727434158325195e-01
3.730399906635284424e-01
3.730071485042572021e-01
3.729741573333740234e-01
3.729409873485565186e-01
3.721298277378082275e-01
3.720924258232116699e-01
3.720549046993255615e-01
3.720170259475708008e-01
3.719791173934936523e-01
3.719411790370941162e-01
3.719028830528259277e-01
3.718643784523010254e-01
3.718258738517761230e-01
3.717871904373168945e-01
3.708471357822418213e-01
3.708041608333587646e-01
3.707610070705413818e-01
3.707177042961120605e-01
3.706742227077484131e-01
3.706305325031280518e-01
3.705867528915405273e-01
3.705428242683410645e-01
3.704985678195953369e-01
3.704542219638824463e-01
3.693865537643432617e-01
3.693380355834960938e-01
3.692892789840698242e-01
3.692404329776763916e-01
3.691915869712829590e-01
3.691423535346984863e-01
3.690929114818572998e-01
3.690433204174041748e-01
3.689936995506286621e-01
3.689438998699188232e-01
3.677493631839752197e-01
3.676953911781311035e-01
3.676411807537078857e-01
3.675868809223175049e-01
3.675324618816375732e-01
3.674775660037994385e-01
3.674228787422180176e-01
3.673678636550903320e-01
3.673127293586730957e-01
3.672572374343872070e-01
3.659372627735137939e-01
3.658777475357055664e-01
3.658182621002197266e-01
3.657584488391876221e-01
3.656984865665435791e-01
3.656384348869323730e-01
3.655780851840972900e-01
3.655177056789398193e-01
3.654572069644927979e-01
3.653963506221771240e-01
3.639520108699798584e-01
3.638871610164642334e-01
3.638222813606262207e-01
3.637570738792419434e-01
3.636918067932128906e-01
3.636261820793151855e-01
3.635605275630950928e-01
3.634946942329406738e-01
3.634288907051086426e-01
3.633626401424407959e-01
3.617954552173614502e-01
3.617253303527832031e-01
3.616549074649810791e-01
3.615844547748565674e-01
3.615139126777648926e-01
3.614431321620941162e-01
3.613720536231994629e-01
3.613009750843048096e-01
3.612296581268310547e-01
3.611583113670349121e-01
3.594695627689361572e-01
3.593941926956176758e-01
3.593186736106872559e-01
3.592429757118225098e-01
3.591670393943786621e-01
3.590910136699676514e-01
3.590148091316223145e-01
3.589384257793426514e-01
3.588620126247406006e-01
3.587851226329803467e-01
