3.775205696001648903e-04
3.767219022847712040e-04
3.758422390092164278e-04
3.748816670849919319e-04
3.738401283044368029e-04
3.727182629518210888e-04
3.715151397045701742e-04
3.702338435687124729e-04
3.688691649585962296e-04
3.674300969578325748e-04
3.139270120300352573e-04
3.107954689767211676e-04
3.076063294429332018e-04
3.043582546524703503e-04
3.010544751305133104e-04
2.976960386149585247e-04
2.942817227449268103e-04
2.908148744609206915e-04
2.872982586268335581e-04
2.837305946741253138e-04
1.912420702865347266e-04
1.869355037342756987e-04
1.826205116230994463e-04
1.782982144504785538e-04
1.739725266816094518e-04
1.696441177045926452e-04
1.653151557547971606e-04
1.609888422535732388e-04
1.566664432175457478e-04
1.523506070952862501e-04
6.026479968568310142e-05
5.682717528543435037e-05
5.346040416043251753e-05
5.016516297473572195e-05
4.694595918408595026e-05
4.380525570013560355e-05
4.074639946338720620e-05
3.777215533773414791e-05
3.488526272121816874e-05
3.208931229892186821e-05
2.304169441913472838e-07
5.970155712020641658e-07
1.139545020123478025e-06
1.861658233792695682e-06
2.767061459962860681e-06
3.859825483232270926e-06
5.143760972714517266e-06
6.622467026318190619e-06
8.299720320792403072e-06
1.018000784824835137e-05
1.188127862405963242e-04
1.268058549612760544e-04
1.351092796539887786e-04
1.437265891581773758e-04
1.526636187918484211e-04
1.619239919818937778e-04
1.715118705760687590e-04
1.814331335481256247e-04
1.916931068990379572e-04
2.022945263888686895e-04
5.521228304132819176e-04
5.724549409933388233e-04
5.932588246650993824e-04
6.145372753962874413e-04
6.363006541505455971e-04
6.585506489500403404e-04
6.812930805608630180e-04
7.045367383398115635e-04
7.282833685167133808e-04
7.525424589402973652e-04
1.464705797843635082e-03
1.502978731878101826e-03
1.541912206448614597e-03
1.581508317030966282e-03
1.621781848371028900e-03
1.662732916884124279e-03
1.704368856735527515e-03
1.746701542288064957e-03
1.789732254110276699e-03
1.833468442782759666e-03
3.049551974982023239e-03
3.112257225438952446e-03
3.175829770043492317e-03
3.240291262045502663e-03
3.305645193904638290e-03
3.371901344507932663e-03
3.439059015363454819e-03
3.507136832922697067e-03
3.576132468879222870e-03
3.646056633442640305e-03
5.528084002435207367e-03
5.622594617307186127e-03
5.718216765671968460e-03
5.814971867948770523e-03
5.912873893976211548e-03
6.011913530528545380e-03
6.112114526331424713e-03
6.213477812707424164e-03
6.316019687801599503e-03
6.419727113097906113e-03
