6.575680971145629883e-01
6.575680971145629883e-01
6.575680971145629883e-01
6.575680971145629883e-01
6.575680971145629883e-01
6.575680971145629883e-01
6.575680971145629883e-01
6.575680971145629883e-01
6.575680971145629883e-01
6.575680971145629883e-01
6.575680971145629883e-01
6.575680971145629883e-01
6.575680971145629883e-01
6.575680971145629883e-01
6.378969550132751465e-01
4.097557961940765381e-01
-1.263095587491989136e-01
-5.704522132873535156e-01
-3.139206767082214355e-01
6.568109393119812012e-01
1.418232917785644531e+00
1.415568351745605469e+00
9.647242426872253418e-01
6.575680971145629883e-01
6.575680971145629883e-01
6.575680971145629883e-01
6.575680971145629883e-01
6.575680971145629883e-01
6.575680971145629883e-01
6.575680971145629883e-01
6.575680971145629883e-01
6.575680971145629883e-01
6.575680971145629883e-01
6.575680971145629883e-01
6.575680971145629883e-01
6.575680971145629883e-01
6.575680971145629883e-01
6.575680971145629883e-01
6.575680971145629883e-01
6.575680971145629883e-01
6.575680971145629883e-01
6.575680971145629883e-01
6.095810532569885254e-01
1.880235373973846436e-01
-6.445906758308410645e-01
-1.208561062812805176e+00
-8.554025888442993164e-01
4.245383441448211670e-01
1.465702056884765625e+00
1.431111931800842285e+00
8.951799273490905762e-01
6.575680971145629883e-01
6.575680971145629883e-01
6.575680971145629883e-01
6.575680971145629883e-01
6.575680971145629883e-01
6.575680971145629883e-01
6.575680971145629883e-01
6.575680971145629883e-01
6.575680971145629883e-01
6.575680971145629883e-01
6.575680971145629883e-01
6.575680971145629883e-01
6.575680971145629883e-01
6.575680971145629883e-01
6.575680971145629883e-01
6.575680971145629883e-01
6.575680971145629883e-01
6.575680971145629883e-01
6.575680971145629883e-01
5.696683526039123535e-01
3.414716944098472595e-02
-1.110707163810729980e+00
-1.924327969551086426e+00
-1.230809092521667480e+00
5.621454119682312012e-01
1.587958812713623047e+00
1.216733694076538086e+00
6.560486555099487305e-01
6.575680971145629883e-01
6.575680971145629883e-01
6.575680971145629883e-01
6.575680971145629883e-01
6.575680971145629883e-01
6.575680971145629883e-01
6.575680971145629883e-01
6.575680971145629883e-01
6.575680971145629883e-01
6.575680971145629883e-01
6.575680971145629883e-01
6.575680971145629883e-01
6.575680971145629883e-01
6.575680971145629883e-01
6.575680971145629883e-01
6.575680971145629883e-01
6.575680971145629883e-01
6.575680971145629883e-01
6.575680971145629883e-01
4.074386656284332275e-01
-3.393498957157135010e-01
-1.581108212471008301e+00
-2.389292478561401367e+00
-1.435543656349182129e+00
5.906255245208740234e-01
1.598715424537658691e+00
1.012639999389648438e+00
5.024479627609252930e-01
6.575680971145629883e-01
6.575680971145629883e-01
6.575680971145629883e-01
6.575680971145629883e-01
6.575680971145629883e-01
6.575680971145629883e-01
6.575680971145629883e-01
6.575680971145629883e-01
6.575680971145629883e-01
6.575680971145629883e-01
6.575680971145629883e-01
6.575680971145629883e-01
6.575680971145629883e-01
6.575680971145629883e-01
6.575680971145629883e-01
6.575680971145629883e-01
6.575680971145629883e-01
6.575680971145629883e-01
6.428147554397583008e-01
2.895908057689666748e-01
-6.941398382186889648e-01
-2.086205959320068359e+00
-2.592680931091308594e+00
-1.123165130615234375e+00
7.957216501235961914e-01
1.378332972526550293e+00
7.520456910133361816e-01
5.223551988601684570e-01
6.575680971145629883e-01
6.575680971145629883e-01
6.575680971145629883e-01
6.575680971145629883e-01
6.575680971145629883e-01
6.575680971145629883e-01
6.575680971145629883e-01
6.575680971145629883e-01
6.575680971145629883e-01
6.575680971145629883e-01
6.575680971145629883e-01
6.575680971145629883e-01
6.575680971145629883e-01
6.575680971145629883e-01
6.575680971145629883e-01
6.575680971145629883e-01
6.575680971145629883e-01
6.575680971145629883e-01
5.588759779930114746e-01
4.297687485814094543e-02
-1.147849559783935547e+00
-2.558234214782714844e+00
-2.449748039245605469e+00
-3.008943200111389160e-01
1.344717860221862793e+00
1.191546082496643066e+00
5.322524905204772949e-01
6.045461893081665039e-01
6.575680971145629883e-01
6.575680971145629883e-01
6.575680971145629883e-01
6.575680971145629883e-01
6.575680971145629883e-01
6.575680971145629883e-01
6.575680971145629883e-01
6.575680971145629883e-01
6.575680971145629883e-01
6.575680971145629883e-01
6.575680971145629883e-01
6.575680971145629883e-01
6.575680971145629883e-01
6.575680971145629883e-01
6.575680971145629883e-01
6.575680971145629883e-01
6.575680971145629883e-01
6.575680971145629883e-01
3.504716455936431885e-01
-4.241951704025268555e-01
-1.685390710830688477e+00
-2.771334409713745117e+00
-1.842617392539978027e+00
4.834745526313781738e-01
1.718095541000366211e+00
1.129426121711730957e+00
4.784039258956909180e-01
6.524791121482849121e-01
6.575680971145629883e-01
6.575680971145629883e-01
6.575680971145629883e-01
6.575680971145629883e-01
6.575680971145629883e-01
6.575680971145629883e-01
6.575680971145629883e-01
6.575680971145629883e-01
6.575680971145629883e-01
6.575680971145629883e-01
6.575680971145629883e-01
6.575680971145629883e-01
6.575680971145629883e-01
6.575680971145629883e-01
6.575680971145629883e-01
6.575680971145629883e-01
6.526502966880798340e-01
5.638691782951354980e-01
4.645545035600662231e-02
-8.963499069213867188e-01
-2.248920202255249023e+00
-2.932204246520996094e+00
-1.185862898826599121e+00
1.035335540771484375e+00
1.622202277183532715e+00
9.176695346832275391e-01
5.576047301292419434e-01
6.575680971145629883e-01
6.575680971145629883e-01
6.575680971145629883e-01
6.575680971145629883e-01
6.575680971145629883e-01
6.575680971145629883e-01
6.575680971145629883e-01
6.575680971145629883e-01
6.575680971145629883e-01
6.575680971145629883e-01
6.575680971145629883e-01
6.575680971145629883e-01
6.575680971145629883e-01
6.575680971145629883e-01
6.575680971145629883e-01
6.575680971145629883e-01
6.575680971145629883e-01
6.468008160591125488e-01
4.692374467849731445e-01
-2.212115079164505005e-01
-1.512326717376708984e+00
-2.758409261703491211e+00
-2.649882793426513672e+00
-5.474874973297119141e-01
1.413160562515258789e+00
1.424107551574707031e+00
6.701194643974304199e-01
6.256816983222961426e-01
6.575680971145629883e-01
6.575680971145629883e-01
6.575680971145629883e-01
6.575680971145629883e-01
6.575680971145629883e-01
6.575680971145629883e-01
6.575680971145629883e-01
6.575680971145629883e-01
6.575680971145629883e-01
6.575680971145629883e-01
6.575680971145629883e-01
6.575680971145629883e-01
6.575680971145629883e-01
6.575680971145629883e-01
6.575680971145629883e-01
6.575680971145629883e-01
6.575680971145629883e-01
6.462764143943786621e-01
4.516738355159759521e-01
-4.580807685852050781e-01
-2.117764949798583984e+00
-3.201174497604370117e+00
-2.353084564208984375e+00
-5.535490810871124268e-02
1.594170212745666504e+00
1.242282986640930176e+00
5.321932435035705566e-01
6.533272266387939453e-01
6.575680971145629883e-01
6.575680971145629883e-01
6.575680971145629883e-01
6.575680971145629883e-01
6.575680971145629883e-01
6.575680971145629883e-01
6.575680971145629883e-01
6.575680971145629883e-01
6.575680971145629883e-01
6.575680971145629883e-01
6.575680971145629883e-01
6.575680971145629883e-01
6.575680971145629883e-01
6.575680971145629883e-01
6.575680971145629883e-01
6.575680971145629883e-01
6.575680971145629883e-01
6.417887210845947266e-01
3.572306334972381592e-01
-6.775268912315368652e-01
-2.552561521530151367e+00
-3.252501964569091797e+00
-1.688542008399963379e+00
3.024215698242187500e-01
1.409757494926452637e+00
1.002129077911376953e+00
4.847688078880310059e-01
6.575680971145629883e-01
6.575680971145629883e-01
6.575680971145629883e-01
6.575680971145629883e-01
6.575680971145629883e-01
6.575680971145629883e-01
6.575680971145629883e-01
6.575680971145629883e-01
6.575680971145629883e-01
6.575680971145629883e-01
6.575680971145629883e-01
6.575680971145629883e-01
6.575680971145629883e-01
6.575680971145629883e-01
6.575680971145629883e-01
6.575680971145629883e-01
6.575680971145629883e-01
6.551092267036437988e-01
6.107679009437561035e-01
1.048548072576522827e-01
-1.125067234039306641e+00
-2.809344768524169922e+00
-2.911164999008178711e+00
-7.994831800460815430e-01
8.251873254776000977e-01
1.204727649688720703e+00
7.772194743156433105e-01
5.227960944175720215e-01
6.575680971145629883e-01
6.575680971145629883e-01
6.575680971145629883e-01
6.575680971145629883e-01
6.575680971145629883e-01
6.575680971145629883e-01
6.575680971145629883e-01
6.575680971145629883e-01
6.575680971145629883e-01
6.575680971145629883e-01
6.575680971145629883e-01
6.575680971145629883e-01
6.575680971145629883e-01
6.575680971145629883e-01
6.575680971145629883e-01
6.575680971145629883e-01
6.575680971145629883e-01
6.251366138458251953e-01
4.194666445255279541e-01
-2.453796267509460449e-01
-1.565619349479675293e+00
-3.017345428466796875e+00
-2.468666315078735352e+00
7.220039516687393188e-02
1.353533744812011719e+00
1.120550870895385742e+00
6.614345312118530273e-01
5.907934308052062988e-01
6.575680971145629883e-01
6.575680971145629883e-01
6.575680971145629883e-01
6.575680971145629883e-01
6.575680971145629883e-01
6.575680971145629883e-01
6.575680971145629883e-01
6.575680971145629883e-01
6.575680971145629883e-01
6.575680971145629883e-01
6.575680971145629883e-01
6.575680971145629883e-01
6.575680971145629883e-01
6.575680971145629883e-01
6.575680971145629883e-01
6.575680971145629883e-01
6.182257533073425293e-01
4.111158251762390137e-01
-1.308325082063674927e-01
-7.965473532676696777e-01
-1.857572674751281738e+00
-2.753238439559936523e+00
-1.513764500617980957e+00
6.872761249542236328e-01
1.375305175781250000e+00
9.098016023635864258e-01
5.968796014785766602e-01
6.338192820549011230e-01
6.575680971145629883e-01
6.575680971145629883e-01
6.575680971145629883e-01
6.575680971145629883e-01
6.575680971145629883e-01
6.575680971145629883e-01
6.575680971145629883e-01
6.575680971145629883e-01
6.575680971145629883e-01
6.575680971145629883e-01
6.575680971145629883e-01
6.575680971145629883e-01
6.575680971145629883e-01
6.575680971145629883e-01
6.575680971145629883e-01
6.575680971145629883e-01
5.419228672981262207e-01
7.832785695791244507e-02
-6.675768494606018066e-01
-1.442064046859741211e+00
-2.120443820953369141e+00
-2.138924360275268555e+00
-6.056386828422546387e-01
9.624828696250915527e-01
1.174281477928161621e+00
7.231755852699279785e-01
5.598210692405700684e-01
6.575680971145629883e-01
6.575680971145629883e-01
6.575680971145629883e-01
6.575680971145629883e-01
6.575680971145629883e-01
6.575680971145629883e-01
6.575680971145629883e-01
6.575680971145629883e-01
6.575680971145629883e-01
6.575680971145629883e-01
6.575680971145629883e-01
6.575680971145629883e-01
6.575680971145629883e-01
6.575680971145629883e-01
6.575680971145629883e-01
6.575680971145629883e-01
6.231435537338256836e-01
3.852365612983703613e-01
-3.207835555076599121e-01
-1.295967459678649902e+00
-2.108610630035400391e+00
-2.355867624282836914e+00
-1.556025862693786621e+00
2.156905978918075562e-01
1.268543124198913574e+00
8.637038469314575195e-01
5.859059095382690430e-01
5.942018628120422363e-01
6.575680971145629883e-01
6.575680971145629883e-01
6.575680971145629883e-01
6.575680971145629883e-01
6.575680971145629883e-01
6.575680971145629883e-01
6.575680971145629883e-01
6.575680971145629883e-01
6.575680971145629883e-01
6.575680971145629883e-01
6.575680971145629883e-01
6.575680971145629883e-01
6.575680971145629883e-01
6.575680971145629883e-01
6.575680971145629883e-01
6.575680971145629883e-01
5.576079487800598145e-01
1.410259604454040527e-01
-7.969444394111633301e-01
-2.003886938095092773e+00
-2.528190851211547852e+00
-2.084984540939331055e+00
-7.296450734138488770e-01
6.867727041244506836e-01
1.099527001380920410e+00
6.478565335273742676e-01
5.598669052124023438e-01
6.224266886711120605e-01
6.575680971145629883e-01
6.575680971145629883e-01
6.575680971145629883e-01
6.575680971145629883e-01
6.575680971145629883e-01
6.575680971145629883e-01
6.575680971145629883e-01
6.575680971145629883e-01
6.575680971145629883e-01
6.575680971145629883e-01
6.575680971145629883e-01
6.575680971145629883e-01
6.575680971145629883e-01
6.575680971145629883e-01
6.575680971145629883e-01
6.526502966880798340e-01
4.604974687099456787e-01
-1.917773336172103882e-01
-1.321240782737731934e+00
-2.474611043930053711e+00
-2.670418024063110352e+00
-1.556406497955322266e+00
-5.803972855210304260e-02
8.184561729431152344e-01
8.742691278457641602e-01
6.037957668304443359e-01
5.894415974617004395e-01
6.516308784484863281e-01
6.575680971145629883e-01
6.575680971145629883e-01
6.575680971145629883e-01
6.575680971145629883e-01
6.575680971145629883e-01
6.575680971145629883e-01
6.575680971145629883e-01
6.575680971145629883e-01
6.575680971145629883e-01
6.575680971145629883e-01
6.575680971145629883e-01
6.575680971145629883e-01
6.575680971145629883e-01
6.575680971145629883e-01
6.575680971145629883e-01
6.148351430892944336e-01
2.742523252964019775e-01
-6.317383050918579102e-01
-1.882773876190185547e+00
-2.712716102600097656e+00
-2.240234613418579102e+00
-8.281816840171813965e-01
4.607485830783843994e-01
9.372707009315490723e-01
7.139380574226379395e-01
7.350134253501892090e-01
6.744868159294128418e-01
6.575680971145629883e-01
6.575680971145629883e-01
6.575680971145629883e-01
6.575680971145629883e-01
6.575680971145629883e-01
6.575680971145629883e-01
6.575680971145629883e-01
6.575680971145629883e-01
6.575680971145629883e-01
6.575680971145629883e-01
6.575680971145629883e-01
6.575680971145629883e-01
6.575680971145629883e-01
6.575680971145629883e-01
6.575680971145629883e-01
6.551092267036437988e-01
4.827203750610351562e-01
-6.758570671081542969e-02
-1.136559128761291504e+00
-2.511244297027587891e+00
-3.208515882492065430e+00
-2.192138195037841797e+00
-5.091884136199951172e-01
6.470631957054138184e-01
1.198864459991455078e+00
1.156458020210266113e+00
1.119926095008850098e+00
7.917839884757995605e-01
6.575680971145629883e-01
6.575680971145629883e-01
6.575680971145629883e-01
6.575680971145629883e-01
6.575680971145629883e-01
6.575680971145629883e-01
6.575680971145629883e-01
6.575680971145629883e-01
6.575680971145629883e-01
6.575680971145629883e-01
6.575680971145629883e-01
6.575680971145629883e-01
6.575680971145629883e-01
6.575680971145629883e-01
6.575680971145629883e-01
6.226776838302612305e-01
2.769347131252288818e-01
-5.220288634300231934e-01
-1.743122458457946777e+00
-3.056005001068115234e+00
-3.299981355667114258e+00
-1.932767868041992188e+00
-2.803684473037719727e-01
5.152212977409362793e-01
1.035558342933654785e+00
1.299953460693359375e+00
1.133311271667480469e+00
7.813482880592346191e-01
6.575680971145629883e-01
6.575680971145629883e-01
6.575680971145629883e-01
6.575680971145629883e-01
6.575680971145629883e-01
6.575680971145629883e-01
6.575680971145629883e-01
6.575680971145629883e-01
6.575680971145629883e-01
6.575680971145629883e-01
6.575680971145629883e-01
6.575680971145629883e-01
6.575680971145629883e-01
6.575680971145629883e-01
6.575680971145629883e-01
6.217429637908935547e-01
2.371104508638381958e-01
-8.494399189949035645e-01
-2.438182353973388672e+00
-3.545424222946166992e+00
-2.908603191375732422e+00
-1.270828008651733398e+00
-1.865041404962539673e-01
4.929540306329727173e-02
5.524173974990844727e-01
1.059867024421691895e+00
8.137809038162231445e-01
6.640296578407287598e-01
6.575680971145629883e-01
6.575680971145629883e-01
6.575680971145629883e-01
6.575680971145629883e-01
6.575680971145629883e-01
6.575680971145629883e-01
6.575680971145629883e-01
6.575680971145629883e-01
6.575680971145629883e-01
6.575680971145629883e-01
6.575680971145629883e-01
6.575680971145629883e-01
6.575680971145629883e-01
6.575680971145629883e-01
6.575680971145629883e-01
6.462343335151672363e-01
3.964532911777496338e-01
-6.028840541839599609e-01
-2.192226648330688477e+00
-3.234482049942016602e+00
-2.826322317123413086e+00
-1.397247910499572754e+00
-4.616149663925170898e-01
-1.374152153730392456e-01
5.299221873283386230e-01
8.702245354652404785e-01
6.018511056900024414e-01
5.932543873786926270e-01
6.575680971145629883e-01
6.575680971145629883e-01
6.575680971145629883e-01
6.575680971145629883e-01
6.575680971145629883e-01
6.575680971145629883e-01
6.575680971145629883e-01
6.575680971145629883e-01
6.575680971145629883e-01
6.575680971145629883e-01
6.575680971145629883e-01
6.575680971145629883e-01
6.575680971145629883e-01
6.575680971145629883e-01
6.575680971145629883e-01
6.423207521438598633e-01
4.941544830799102783e-01
-3.727334141731262207e-01
-1.694210052490234375e+00
-2.319640159606933594e+00
-2.216622114181518555e+00
-1.539993286132812500e+00
-7.452667951583862305e-01
-3.739733099937438965e-01
2.029842883348464966e-01
6.961330771446228027e-01
5.666598677635192871e-01
5.876571536064147949e-01
6.575680971145629883e-01
6.575680971145629883e-01
6.575680971145629883e-01
6.575680971145629883e-01
6.575680971145629883e-01
6.575680971145629883e-01
6.575680971145629883e-01
6.575680971145629883e-01
6.575680971145629883e-01
6.575680971145629883e-01
6.575680971145629883e-01
6.575680971145629883e-01
6.575680971145629883e-01
6.575680971145629883e-01
6.575680971145629883e-01
6.541907787322998047e-01
5.341786146163940430e-01
-2.530032694339752197e-01
-1.222564935684204102e+00
-1.308584213256835938e+00
-1.059411168098449707e+00
-7.988361716270446777e-01
-4.545946419239044189e-01
-4.018577188253402710e-02
4.021679162979125977e-01
6.024242639541625977e-01
6.080872416496276855e-01
6.316189169883728027e-01
6.575680971145629883e-01
6.575680971145629883e-01
6.575680971145629883e-01
6.575680971145629883e-01
6.575680971145629883e-01
6.575680971145629883e-01
6.575680971145629883e-01
6.575680971145629883e-01
6.575680971145629883e-01
6.575680971145629883e-01
6.575680971145629883e-01
6.575680971145629883e-01
6.575680971145629883e-01
6.575680971145629883e-01
6.575680971145629883e-01
6.630240678787231445e-01
6.536328792572021484e-01
1.985386759042739868e-01
-5.048614740371704102e-01
-6.753845810890197754e-01
-5.651550292968750000e-01
-2.019045203924179077e-01
3.066760599613189697e-01
4.928646981716156006e-01
5.536726117134094238e-01
6.287509799003601074e-01
6.478736400604248047e-01
6.533272266387939453e-01
6.575680971145629883e-01
6.575680971145629883e-01
6.575680971145629883e-01
6.575680971145629883e-01
6.575680971145629883e-01
6.575680971145629883e-01
6.575680971145629883e-01
6.575680971145629883e-01
6.575680971145629883e-01
6.575680971145629883e-01
6.575680971145629883e-01
6.575680971145629883e-01
6.575680971145629883e-01
6.575680971145629883e-01
6.575680971145629883e-01
6.598456501960754395e-01
6.744483709335327148e-01
5.630587935447692871e-01
3.589642047882080078e-01
2.878006696701049805e-01
2.928580641746520996e-01
4.103984534740447998e-01
5.885246396064758301e-01
6.408903598785400391e-01
6.399965882301330566e-01
6.518834829330444336e-01
6.567199826240539551e-01
6.575680971145629883e-01
6.575680971145629883e-01
6.575680971145629883e-01
6.575680971145629883e-01
6.575680971145629883e-01
6.575680971145629883e-01
6.575680971145629883e-01
6.575680971145629883e-01
6.575680971145629883e-01
6.575680971145629883e-01
6.575680971145629883e-01
6.575680971145629883e-01
6.575680971145629883e-01
6.575680971145629883e-01
6.575680971145629883e-01
6.575680971145629883e-01
6.575680971145629883e-01
6.575680971145629883e-01
6.575680971145629883e-01
6.575680971145629883e-01
6.575680971145629883e-01
6.575680971145629883e-01
6.575680971145629883e-01
6.575680971145629883e-01
6.575680971145629883e-01
6.575680971145629883e-01
6.575680971145629883e-01
6.575680971145629883e-01
6.575680971145629883e-01
6.575680971145629883e-01
6.575680971145629883e-01
6.575680971145629883e-01
6.575680971145629883e-01
6.575680971145629883e-01
6.575680971145629883e-01
6.575680971145629883e-01
6.575680971145629883e-01
6.575680971145629883e-01
