3.251288831233978271e-01
3.250823318958282471e-01
3.250349462032318115e-01
3.249865770339965820e-01
3.249373733997344971e-01
3.248873651027679443e-01
3.248364627361297607e-01
3.247846364974975586e-01
3.247319161891937256e-01
3.246784508228302002e-01
3.232057988643646240e-01
3.231312930583953857e-01
3.230558931827545166e-01
3.229796588420867920e-01
3.229025900363922119e-01
3.228246867656707764e-01
3.227458298206329346e-01
3.226661980152130127e-01
3.225857019424438477e-01
3.225042521953582764e-01
3.203935623168945312e-01
3.202914893627166748e-01
3.201885521411895752e-01
3.200848102569580078e-01
3.199801445007324219e-01
3.198746740818023682e-01
3.197683095932006836e-01
3.196610510349273682e-01
3.195529580116271973e-01
3.194440603256225586e-01
3.167042434215545654e-01
3.165749907493591309e-01
3.164448738098144531e-01
3.163139224052429199e-01
3.161821365356445312e-01
3.160494863986968994e-01
3.159160017967224121e-01
3.157817423343658447e-01
3.156465590000152588e-01
3.155106306076049805e-01
3.121531009674072266e-01
3.119972050189971924e-01
3.118404150009155273e-01
3.116828799247741699e-01
3.115245699882507324e-01
3.113653659820556641e-01
3.112053275108337402e-01
3.110444247722625732e-01
3.108828067779541016e-01
3.107203841209411621e-01
3.067595362663269043e-01
3.065775930881500244e-01
3.063949048519134521e-01
3.062114417552947998e-01
3.060272037982940674e-01
3.058420717716217041e-01
3.056561946868896484e-01
3.054694831371307373e-01
3.052820265293121338e-01
3.050937354564666748e-01
3.005463182926177979e-01
3.003391921520233154e-01
3.001313507556915283e-01
2.999227941036224365e-01
2.997133135795593262e-01
2.995031476020812988e-01
2.992922067642211914e-01
2.990804016590118408e-01
2.988680005073547363e-01
2.986547350883483887e-01
2.935402095317840576e-01
2.933088541030883789e-01
2.930766642093658447e-01
2.928438782691955566e-01
2.926102578639984131e-01
2.923758327960968018e-01
2.921407520771026611e-01
2.919050455093383789e-01
2.916683852672576904e-01
2.914310097694396973e-01
2.857718169689178467e-01
2.855172157287597656e-01
2.852618396282196045e-01
2.850056886672973633e-01
2.847489118576049805e-01
2.844913899898529053e-01
2.842331230640411377e-01
2.839741110801696777e-01
2.837145626544952393e-01
2.834542691707611084e-01
2.772752940654754639e-01
2.769985496997833252e-01
2.767208516597747803e-01
2.764426767826080322e-01
2.761639058589935303e-01
2.758843302726745605e-01
2.756042480468750000e-01
2.753233313560485840e-01
2.750417292118072510e-01
2.747596204280853271e-01
