2.016093969345092773e+00
3.410566329956054688e+00
3.037221431732177734e+00
2.402804940938949585e-01
1.679919213056564331e-01
3.056974172592163086e+00
9.605488926172256470e-02
-8.286136984825134277e-01
8.906693458557128906e-01
2.244728326797485352e+00
9.215431809425354004e-01
2.243393182754516602e+00
2.083381175994873047e+00
1.224516272544860840e+00
1.027265310287475586e+00
5.322426795959472656e+00
2.697658777236938477e+00
-5.455850958824157715e-01
5.697620511054992676e-01
2.410720348358154297e+00
5.422142148017883301e-01
1.240810394287109375e+00
2.191968679428100586e+00
4.085779666900634766e+00
3.679168701171875000e+00
6.436296463012695312e+00
2.742054700851440430e+00
-2.690513610839843750e+00
-4.675882458686828613e-01
3.171818017959594727e+00
3.808760344982147217e-01
1.255048274993896484e+00
1.340763092041015625e+00
1.287993550300598145e+00
-4.208721518516540527e-01
3.398599386215209961e+00
4.827078342437744141e+00
-6.121032834053039551e-01
-1.905363082885742188e+00
1.800349116325378418e+00
4.028587937355041504e-01
7.350697517395019531e-01
5.305446386337280273e-01
1.949795961380004883e+00
7.925425767898559570e-01
9.165989160537719727e-01
3.843873023986816406e+00
2.091402292251586914e+00
-2.134830236434936523e+00
1.912225633859634399e-01
1.244213104248046875e+00
1.341532230377197266e+00
4.419714510440826416e-01
1.094612479209899902e+00
6.688591837882995605e-01
3.911947309970855713e-01
3.978348255157470703e+00
5.123982906341552734e+00
-1.414169907569885254e+00
-8.791139721870422363e-01
1.248350381851196289e+00
1.166848897933959961e+00
-3.901751339435577393e-02
1.248976215720176697e-02
2.979507744312286377e-01
-8.182833343744277954e-02
2.065174102783203125e+00
5.420320987701416016e+00
5.953096151351928711e-01
-1.798022747039794922e+00
1.618584513664245605e+00
2.095602750778198242e+00
4.724875092506408691e-01
-6.457666754722595215e-01
-3.300703763961791992e-01
-3.750806450843811035e-01
1.887782812118530273e+00
6.630154609680175781e+00
3.095324993133544922e+00
-2.191093683242797852e+00
1.595954418182373047e+00
3.682995319366455078e+00
4.420330047607421875e+00
4.368319034576416016e+00
4.207306385040283203e+00
2.353533267974853516e+00
1.842131853103637695e+00
5.432927131652832031e+00
2.611869812011718750e+00
-1.234329223632812500e+00
1.411879062652587891e+00
2.411345481872558594e+00
3.004646062850952148e+00
2.584688901901245117e+00
2.807735443115234375e+00
2.083531469106674194e-01
-2.873741090297698975e-01
2.033169746398925781e+00
-1.020452976226806641e-01
1.181186884641647339e-01
