-2.532502114772796631e-01
-2.543404698371887207e-01
-3.021765947341918945e-01
-7.633831351995468140e-02
-3.785172104835510254e-01
5.185198187828063965e-01
-3.211622714996337891e+00
-3.287280321121215820e+00
8.943372964859008789e-01
-8.638775348663330078e-01
-2.532502114772796631e-01
-2.558650672435760498e-01
-2.501409947872161865e-01
7.023754296824336052e-04
2.261323034763336182e-01
1.073538541793823242e+00
-2.320895910263061523e+00
8.503150194883346558e-03
1.534788250923156738e+00
-1.292715191841125488e+00
-2.545801401138305664e-01
-2.759459614753723145e-01
-1.296988874673843384e-01
-4.821351170539855957e-01
-3.069460950791835785e-02
-8.906158208847045898e-01
-3.735755920410156250e+00
8.688832521438598633e-01
8.764519542455673218e-02
-1.352946043014526367e+00
-2.681926786899566650e-01
-2.537147700786590576e-01
-1.202211752533912659e-01
-7.001701593399047852e-01
4.818018898367881775e-02
-3.536100864410400391e+00
-3.425654888153076172e+00
1.604655742645263672e+00
-1.237552165985107422e+00
-5.705965757369995117e-01
-2.887237966060638428e-01
-9.902217239141464233e-02
1.776961237192153931e-01
2.268720716238021851e-01
1.657328605651855469e-01
-3.302194833755493164e+00
3.312615454196929932e-01
1.601557254791259766e+00
-1.680757403373718262e+00
-1.136073768138885498e-01
-2.644136846065521240e-01
2.246814668178558350e-01
-1.458933204412460327e-01
9.643187373876571655e-02
-2.316537141799926758e+00
-2.216946363449096680e+00
1.472956538200378418e+00
-6.881619691848754883e-01
-1.328274488449096680e+00
-2.067144028842449188e-02
-1.365694850683212280e-01
-1.959660090506076813e-02
-3.447835445404052734e-01
-1.052214503288269043e+00
-4.126303195953369141e+00
-1.587461948394775391e+00
-4.482918083667755127e-01
-1.508448362350463867e+00
-2.424515932798385620e-01
-1.510301977396011353e-01
-1.231033578515052795e-01
-4.119795560836791992e-01
2.237474173307418823e-01
-1.815054416656494141e+00
-2.254529953002929688e+00
4.905867576599121094e-01
6.062787771224975586e-01
-3.995182216167449951e-01
-2.341505885124206543e-01
-3.082806468009948730e-01
-3.587498366832733154e-01
-2.752937674522399902e-01
6.801752448081970215e-01
-8.487730622291564941e-01
4.858442842960357666e-01
1.602626681327819824e+00
-4.617867767810821533e-01
-9.766894578933715820e-01
-5.336948633193969727e-01
-2.677033543586730957e-01
-1.244983434677124023e+00
-2.007221460342407227e+00
-3.209888458251953125e+00
-3.981462240219116211e+00
-2.676522016525268555e+00
-1.910682439804077148e+00
-1.476712107658386230e+00
-5.830043554306030273e-01
-2.170084714889526367e-01
-1.988840997219085693e-01
