2.076498121023178101e-01
2.074808329343795776e-01
2.073117494583129883e-01
2.071426361799240112e-01
2.069734483957290649e-01
2.068042159080505371e-01
2.066348344087600708e-01
2.064654827117919922e-01
2.062960118055343628e-01
2.061265408992767334e-01
2.022105008363723755e-01
2.020394504070281982e-01
2.018683850765228271e-01
2.016972452402114868e-01
2.015260457992553711e-01
2.013548016548156738e-01
2.011835277080535889e-01
2.010121196508407593e-01
2.008406817913055420e-01
2.006692141294479370e-01
1.967084854841232300e-01
1.965356171131134033e-01
1.963626593351364136e-01
1.961896419525146484e-01
1.960165500640869141e-01
1.958433836698532104e-01
1.956702172756195068e-01
1.954970061779022217e-01
1.953236609697341919e-01
1.951503455638885498e-01
1.911478638648986816e-01
1.909732073545455933e-01
1.907984614372253418e-01
1.906237006187438965e-01
1.904488801956176758e-01
1.902739852666854858e-01
1.900990307331085205e-01
1.899239867925643921e-01
1.897490322589874268e-01
1.895738840103149414e-01
1.855326592922210693e-01
1.853562891483306885e-01
1.851799488067626953e-01
1.850035637617111206e-01
1.848270893096923828e-01
1.846505254507064819e-01
1.844739913940429688e-01
1.842974126338958740e-01
1.841207593679428101e-01
1.839440315961837769e-01
1.798669546842575073e-01
1.796890944242477417e-01
1.795112639665603638e-01
1.793333739042282104e-01
1.791553795337677002e-01
1.789773851633071899e-01
1.787993311882019043e-01
1.786212921142578125e-01
1.784431636333465576e-01
1.782649755477905273e-01
1.741550415754318237e-01
1.739758551120758057e-01
1.737966239452362061e-01
1.736173331737518311e-01
1.734380424022674561e-01
1.732586771249771118e-01
1.730792671442031860e-01
1.728997677564620972e-01
1.727203577756881714e-01
1.725408434867858887e-01
1.684012711048126221e-01
1.682208180427551270e-01
1.680403798818588257e-01
1.678597927093505859e-01
1.676793247461318970e-01
1.674987971782684326e-01
1.673181354999542236e-01
1.671375036239624023e-01
1.669568270444869995e-01
1.667761206626892090e-01
1.626100838184356689e-01
1.624285280704498291e-01
1.622469872236251831e-01
1.620654016733169556e-01
1.618837714195251465e-01
1.617021411657333374e-01
1.615204215049743652e-01
1.613387316465377808e-01
1.611569970846176147e-01
1.609751731157302856e-01
1.567859649658203125e-01
1.566034853458404541e-01
1.564209461212158203e-01
1.562384217977523804e-01
1.560558974742889404e-01
1.558732688426971436e-01
1.556906551122665405e-01
1.555080264806747437e-01
1.553253233432769775e-01
1.551426053047180176e-01
