3.154246807098388672e-01
3.154695034027099609e-01
3.155142366886138916e-01
3.155588209629058838e-01
3.156031072139739990e-01
3.156475126743316650e-01
3.156919181346893311e-01
3.157359361648559570e-01
3.157800436019897461e-01
3.158239424228668213e-01
3.168063163757324219e-01
3.168478608131408691e-01
3.168893456459045410e-01
3.169306218624114990e-01
3.169717192649841309e-01
3.170128166675567627e-01
3.170536756515502930e-01
3.170946538448333740e-01
3.171354532241821289e-01
3.171760439872741699e-01
3.180826902389526367e-01
3.181209862232208252e-01
3.181589841842651367e-01
3.181969523429870605e-01
3.182348310947418213e-01
3.182725608348846436e-01
3.183102905750274658e-01
3.183479309082031250e-01
3.183852732181549072e-01
3.184225559234619141e-01
3.192531466484069824e-01
3.192881047725677490e-01
3.193228244781494141e-01
3.193575441837310791e-01
3.193920850753784180e-01
3.194264173507690430e-01
3.194608390331268311e-01
3.194951713085174561e-01
3.195291161537170410e-01
3.195633292198181152e-01
3.203174173831939697e-01
3.203490376472473145e-01
3.203803896903991699e-01
3.204117417335510254e-01
3.204429447650909424e-01
3.204741477966308594e-01
3.205051720142364502e-01
3.205360174179077148e-01
3.205668330192565918e-01
3.205974996089935303e-01
3.212750554084777832e-01
3.213033378124237061e-01
3.213314414024353027e-01
3.213594853878021240e-01
3.213873505592346191e-01
3.214150965213775635e-01
3.214429020881652832e-01
3.214705586433410645e-01
3.214978277683258057e-01
3.215251863002777100e-01
3.221259117126464844e-01
3.221508562564849854e-01
3.221756219863891602e-01
3.222001791000366211e-01
3.222249150276184082e-01
3.222492039203643799e-01
3.222734928131103516e-01
3.222978115081787109e-01
3.223219215869903564e-01
3.223459422588348389e-01
3.228697180747985840e-01
3.228912651538848877e-01
3.229125440120697021e-01
3.229338526725769043e-01
3.229551911354064941e-01
3.229762613773345947e-01
3.229971528053283691e-01
3.230180442333221436e-01
3.230389654636383057e-01
3.230595290660858154e-01
3.235062658786773682e-01
3.235244750976562500e-01
3.235424757003784180e-01
3.235605657100677490e-01
3.235782384872436523e-01
3.235960900783538818e-01
3.236136436462402344e-01
3.236312866210937500e-01
3.236486613750457764e-01
3.236659765243530273e-01
3.240357041358947754e-01
3.240504264831542969e-01
3.240651488304138184e-01
3.240798711776733398e-01
3.240943551063537598e-01
3.241086602210998535e-01
3.241229653358459473e-01
3.241371214389801025e-01
3.241511285305023193e-01
3.241652250289916992e-01
