-1.038067936897277832e+00
-1.035507678985595703e+00
-8.106929063796997070e-01
-7.262616753578186035e-01
4.971889555454254150e-01
2.948022603988647461e+00
2.742671668529510498e-01
1.366771385073661804e-02
-2.480085134506225586e+00
-1.170325875282287598e+00
-1.038067936897277832e+00
-1.030199050903320312e+00
-6.332468986511230469e-01
-7.525097131729125977e-01
2.091178417205810547e+00
1.774819731712341309e+00
6.904068589210510254e-01
4.564438760280609131e-02
-2.158529281616210938e+00
-3.385187983512878418e-01
-1.035343647003173828e+00
-9.691495895385742188e-01
-5.466895699501037598e-01
-6.573409438133239746e-01
2.963737726211547852e+00
8.885124921798706055e-01
1.725594758987426758e+00
-4.963634014129638672e-01
-1.562101483345031738e+00
-3.030026853084564209e-01
-1.004168272018432617e+00
-8.357626795768737793e-01
-6.994258761405944824e-01
1.186524555087089539e-01
3.181703090667724609e+00
1.249655485153198242e+00
1.578698635101318359e+00
-1.708313822746276855e+00
-1.130733132362365723e+00
-4.316176176071166992e-01
-9.107408523559570312e-01
-6.952704191207885742e-01
-3.508278131484985352e-01
1.876115918159484863e+00
1.919721007347106934e+00
1.106047749519348145e+00
7.985357046127319336e-01
-1.867785215377807617e+00
-4.906065762042999268e-01
-6.240273118019104004e-01
-7.513934969902038574e-01
-5.615764260292053223e-01
8.407166004180908203e-01
2.377370119094848633e+00
2.167933583259582520e-01
1.986397147178649902e+00
1.910627782344818115e-01
-1.764459371566772461e+00
-2.236744314432144165e-01
-8.657039999961853027e-01
-6.337851881980895996e-01
-2.577967643737792969e-01
2.307667016983032227e+00
1.631971001625061035e+00
1.130589127540588379e+00
1.927134156227111816e+00
-1.448589205741882324e+00
-1.336543321609497070e+00
-3.812345862388610840e-01
-9.988543987274169922e-01
-6.174416542053222656e-01
6.889369487762451172e-01
3.560073614120483398e+00
2.477393627166748047e+00
2.714076280593872070e+00
-2.992126047611236572e-01
-2.047158479690551758e+00
-1.801026165485382080e-01
-6.856347322463989258e-01
-1.017391920089721680e+00
-6.159329414367675781e-01
1.359825849533081055e+00
2.833878755569458008e+00
2.449862241744995117e+00
1.641532182693481445e+00
-8.043826222419738770e-01
-3.199453949928283691e-01
-5.330265760421752930e-01
-1.112692952156066895e+00
-1.030488848686218262e+00
-9.958577752113342285e-01
4.493609666824340820e-01
1.906394720077514648e+00
3.596945762634277344e+00
2.269540309906005859e+00
-2.846271693706512451e-01
-1.046506524085998535e+00
-1.016398906707763672e+00
-9.328282475471496582e-01
-1.036969542503356934e+00
