3.185141980648040771e-01
3.185767829418182373e-01
3.186394870281219482e-01
3.187023401260375977e-01
3.187652826309204102e-01
3.188283443450927734e-01
3.188915550708770752e-01
3.189549148082733154e-01
3.190183341503143311e-01
3.190819025039672852e-01
3.205782771110534668e-01
3.206448256969451904e-01
3.207115232944488525e-01
3.207783102989196777e-01
3.208452761173248291e-01
3.209123313426971436e-01
3.209794759750366211e-01
3.210467398166656494e-01
3.211142122745513916e-01
3.211817741394042969e-01
3.227698206901550293e-01
3.228403925895690918e-01
3.229110538959503174e-01
3.229818344116210938e-01
3.230527639389038086e-01
3.231238424777984619e-01
3.231950104236602783e-01
3.232663869857788086e-01
3.233377635478973389e-01
3.234093487262725830e-01
3.250899910926818848e-01
3.251646459102630615e-01
3.252393603324890137e-01
3.253141939640045166e-01
3.253892064094543457e-01
3.254642784595489502e-01
3.255394995212554932e-01
3.256148695945739746e-01
3.256903290748596191e-01
3.257659673690795898e-01
3.275401890277862549e-01
3.276188671588897705e-01
3.276976943016052246e-01
3.277766406536102295e-01
3.278556764125823975e-01
3.279349207878112793e-01
3.280142545700073242e-01
3.280936777591705322e-01
3.281732201576232910e-01
3.282530009746551514e-01
3.301217854022979736e-01
3.302046060562133789e-01
3.302874863147735596e-01
3.303706049919128418e-01
3.304537832736968994e-01
3.305370509624481201e-01
3.306205272674560547e-01
3.307041525840759277e-01
3.307878077030181885e-01
3.308717310428619385e-01
3.328360915184020996e-01
3.329231142997741699e-01
3.330101966857910156e-01
3.330973684787750244e-01
3.331848084926605225e-01
3.332722783088684082e-01
3.333599567413330078e-01
3.334477245807647705e-01
3.335355520248413086e-01
3.336235582828521729e-01
3.356846868991851807e-01
3.357758522033691406e-01
3.358671665191650391e-01
3.359586596488952637e-01
3.360502719879150391e-01
3.361420035362243652e-01
3.362338542938232422e-01
3.363258540630340576e-01
3.364180326461791992e-01
3.365102708339691162e-01
3.386692106723785400e-01
3.387646079063415527e-01
3.388601541519165039e-01
3.389559388160705566e-01
3.390518426895141602e-01
3.391478657722473145e-01
3.392440080642700195e-01
3.393402397632598877e-01
3.394366502761840820e-01
3.395331799983978271e-01
3.417910635471343994e-01
3.418908715248107910e-01
3.419908285140991211e-01
3.420908749103546143e-01
3.421910703182220459e-01
3.422914445400238037e-01
3.423918783664703369e-01
3.424924612045288086e-01
3.425932228565216064e-01
3.426941335201263428e-01
