4.167736172676086426e-01
4.167306125164031982e-01
4.166873693466186523e-01
4.166438877582550049e-01
4.166001379489898682e-01
4.165561497211456299e-01
4.165118932723999023e-01
4.164676070213317871e-01
4.164227843284606934e-01
4.163779616355895996e-01
4.152785837650299072e-01
4.152279198169708252e-01
4.151769280433654785e-01
4.151258766651153564e-01
4.150745570659637451e-01
4.150228202342987061e-01
4.149709939956665039e-01
4.149188399314880371e-01
4.148665368556976318e-01
4.148139655590057373e-01
4.135393202304840088e-01
4.134810268878936768e-01
4.134225249290466309e-01
4.133637547492980957e-01
4.133048653602600098e-01
4.132456481456756592e-01
4.131862223148345947e-01
4.131266176700592041e-01
4.130666255950927734e-01
4.130063951015472412e-01
4.115574657917022705e-01
4.114915728569030762e-01
4.114255309104919434e-01
4.113592207431793213e-01
4.112927913665771484e-01
4.112259149551391602e-01
4.111588597297668457e-01
4.110916554927825928e-01
4.110242426395416260e-01
4.109564721584320068e-01
4.093345701694488525e-01
4.092610776424407959e-01
4.091875553131103516e-01
4.091137945652008057e-01
4.090397357940673828e-01
4.089654088020324707e-01
4.088910818099975586e-01
4.088163673877716064e-01
4.087412953376770020e-01
4.086661040782928467e-01
4.068725109100341797e-01
4.067918360233306885e-01
4.067107439041137695e-01
4.066295623779296875e-01
4.065480828285217285e-01
4.064663946628570557e-01
4.063844084739685059e-01
4.063023030757904053e-01
4.062199294567108154e-01
4.061373472213745117e-01
4.041738510131835938e-01
4.040856957435607910e-01
4.039973616600036621e-01
4.039087593555450439e-01
4.038199782371520996e-01
4.037308990955352783e-01
4.036416709423065186e-01
4.035521149635314941e-01
4.034624397754669189e-01
4.033724665641784668e-01
4.012409448623657227e-01
4.011455476284027100e-01
4.010500013828277588e-01
4.009540677070617676e-01
4.008579254150390625e-01
4.007616937160491943e-01
4.006651937961578369e-01
4.005683660507202148e-01
4.004713892936706543e-01
4.003741443157196045e-01
3.980767130851745605e-01
3.979739248752593994e-01
3.978712260723114014e-01
3.977681100368499756e-01
3.976648747920989990e-01
3.975614607334136963e-01
3.974577784538269043e-01
3.973537683486938477e-01
3.972497582435607910e-01
3.971453309059143066e-01
3.946839272975921631e-01
3.945742845535278320e-01
3.944643139839172363e-01
3.943542540073394775e-01
3.942439854145050049e-01
3.941333293914794922e-01
3.940226435661315918e-01
3.939116299152374268e-01
3.938003182411193848e-01
3.936890959739685059e-01
