-2.337516546249389648e-01
-2.319500446319580078e-01
-2.301484346389770508e-01
-2.283468544483184814e-01
-2.265452593564987183e-01
-2.247436344623565674e-01
-2.229420691728591919e-01
-2.211404591798782349e-01
-2.193388640880584717e-01
-2.175372391939163208e-01
-2.157356441020965576e-01
-2.139340639114379883e-01
-2.121324539184570312e-01
-2.103308588266372681e-01
-2.085292488336563110e-01
-2.067276984453201294e-01
-2.049260884523391724e-01
-2.031244933605194092e-01
-2.013228833675384521e-01
-1.995212733745574951e-01
-1.977196633815765381e-01
-1.959181278944015503e-01
-1.941164880990982056e-01
-1.923148781061172485e-01
-1.905132979154586792e-01
-1.887116879224777222e-01
-1.869100779294967651e-01
-1.851084828376770020e-01
-1.761005073785781860e-01
-1.742989420890808105e-01
-1.724973469972610474e-01
-1.706956923007965088e-01
-1.688941270112991333e-01
-1.670925170183181763e-01
-1.652909368276596069e-01
-1.634892970323562622e-01
-1.616877168416976929e-01
-1.598861217498779297e-01
-1.580845415592193604e-01
-1.562829017639160156e-01
-1.544813215732574463e-01
-1.526797860860824585e-01
-1.508781462907791138e-01
-1.490765362977981567e-01
-1.472749412059783936e-01
-1.454734057188034058e-01
-1.436717957258224487e-01
-1.418701708316802979e-01
-1.400685608386993408e-01
-1.382669657468795776e-01
-1.364653855562210083e-01
-1.346637159585952759e-01
-1.328621059656143188e-01
-1.310606002807617188e-01
-1.292589604854583740e-01
-1.274573802947998047e-01
-1.184493675827980042e-01
-1.166478320956230164e-01
-1.148461699485778809e-01
-1.130446121096611023e-01
-1.112429723143577576e-01
-1.094413846731185913e-01
-1.076397746801376343e-01
-1.058381944894790649e-01
-1.040365546941757202e-01
-1.022350192070007324e-01
-1.004334092140197754e-01
-9.863182157278060913e-02
-9.683018922805786133e-02
-9.502860158681869507e-02
-9.322701394557952881e-02
-9.142540395259857178e-02
-8.962383866310119629e-02
-8.782220631837844849e-02
-8.602061867713928223e-02
-8.421900868415832520e-02
-8.241744339466094971e-02
-8.061581104993820190e-02
-7.881422340869903564e-02
-7.701263576745986938e-02
-7.521100342273712158e-02
-7.340939342975616455e-02
-7.160782814025878906e-02
-6.980626285076141357e-02
-6.079826131463050842e-02
-5.899665132164955139e-02
-5.719503760337829590e-02
-5.539347603917121887e-02
-5.359191447496414185e-02
-5.179025605320930481e-02
-4.998864606022834778e-02
-4.818708077073097229e-02
-4.638547077775001526e-02
-4.458386078476905823e-02
-4.278225079178810120e-02
-4.098068550229072571e-02
-3.917912393808364868e-02
-3.737746551632881165e-02
-3.557590395212173462e-02
-3.377433866262435913e-02
-3.197268024086952209e-02
-3.017107024788856506e-02
-2.836950868368148804e-02
-2.656789682805538177e-02
-2.476628683507442474e-02
-2.296472340822219849e-02
-2.116306684911251068e-02
-1.936150342226028442e-02
-1.755989156663417816e-02
-1.575828157365322113e-02
-1.395671907812356949e-02
-1.215510815382003784e-02
-3.147103125229477882e-03
-1.345539931207895279e-03
4.560232628136873245e-04
2.257680986076593399e-03
4.059244412928819656e-03
5.860854871571063995e-03
7.662465330213308334e-03
9.464028291404247284e-03
1.126563921570777893e-02
1.306724920868873596e-02
1.486881263554096222e-02
1.667042262852191925e-02
1.847203262150287628e-02
2.027359604835510254e-02
2.207525447010993958e-02
2.387681789696216583e-02
2.567842788994312286e-02
2.748003788292407990e-02
2.928164973855018616e-02
3.108330629765987396e-02
3.288482129573822021e-02
3.468638658523559570e-02
3.648804500699043274e-02
3.828965499997138977e-02
4.009121656417846680e-02
4.189282655715942383e-02
4.369448497891426086e-02
4.549605026841163635e-02
5.450400710105895996e-02
5.630556866526603699e-02
5.810717865824699402e-02
5.990879237651824951e-02
6.171040236949920654e-02
6.351196765899658203e-02
6.531352549791336060e-02
6.711513549089431763e-02
6.891679763793945312e-02
7.071831077337265015e-02
7.251997292041778564e-02
7.432153075933456421e-02
7.612309604883193970e-02
7.792480289936065674e-02
7.972636073827743530e-02
8.152802288532257080e-02
8.332958817481994629e-02
8.513119816780090332e-02
8.693275600671768188e-02
8.873441815376281738e-02
9.053593128919601440e-02
9.233759343624114990e-02
9.413915127515792847e-02
9.594076126813888550e-02
9.774237126111984253e-02
9.954398125410079956e-02
1.013455465435981750e-01
1.031471118330955505e-01
1.121552139520645142e-01
1.139567270874977112e-01
1.157583370804786682e-01
1.175599470734596252e-01
1.193614602088928223e-01
1.211630776524543762e-01
1.229647323489189148e-01
1.247662976384162903e-01
1.265679001808166504e-01
1.283695101737976074e-01
1.301710307598114014e-01
1.319726407527923584e-01
1.337742954492568970e-01
1.355758607387542725e-01
1.373775750398635864e-01
1.391791850328445435e-01
1.409806013107299805e-01
1.427822560071945190e-01
1.445839107036590576e-01
1.463854312896728516e-01
1.481871306896209717e-01
1.499886959791183472e-01
1.517903059720993042e-01
1.535919159650802612e-01
1.553934365510940552e-01
1.571950465440750122e-01
1.589966565370559692e-01
1.607982665300369263e-01
1.698061823844909668e-01
1.716077923774719238e-01
1.734094917774200439e-01
1.752110123634338379e-01
1.770126223564147949e-01
1.788142770528793335e-01
1.806158423423767090e-01
1.824174523353576660e-01
1.842190176248550415e-01
1.860205382108688354e-01
1.878222376108169556e-01
1.896238029003143311e-01
1.914254128932952881e-01
1.932270675897598267e-01
1.950287222862243652e-01
1.968302428722381592e-01
1.986318081617355347e-01
2.004334181547164917e-01
2.022350281476974487e-01
2.040366381406784058e-01
2.058382481336593628e-01
2.076398134231567383e-01
2.094413787126541138e-01
2.112429887056350708e-01
2.130446434020996094e-01
2.148462533950805664e-01
2.166478186845779419e-01
2.184493839740753174e-01
2.274573892354965210e-01
2.292589396238327026e-01
2.310605496168136597e-01
2.328622192144393921e-01
2.346637248992919922e-01
2.364653348922729492e-01
2.382670044898986816e-01
2.400684654712677002e-01
2.418701648712158203e-01
2.436718344688415527e-01
2.454732954502105713e-01
2.472749501466751099e-01
2.490766197443008423e-01
2.508781254291534424e-01
2.526797354221343994e-01
2.544813156127929688e-01
2.562829554080963135e-01
2.580845355987548828e-01
2.598861455917358398e-01
2.616878449916839600e-01
2.634893655776977539e-01
2.652908861637115479e-01
2.670925259590148926e-01
2.688941061496734619e-01
2.706956565380096436e-01
2.724973559379577637e-01
2.742988765239715576e-01
2.761005759239196777e-01
2.851085066795349121e-01
2.869101464748382568e-01
2.887117564678192139e-01
2.905133366584777832e-01
2.923148870468139648e-01
2.941164970397949219e-01
2.959180474281311035e-01
2.977196574211120605e-01
2.995213270187377930e-01
3.013228476047515869e-01
3.031245172023773193e-01
3.049260675907135010e-01
3.067276179790496826e-01
3.085292875766754150e-01
3.103308379650115967e-01
3.121325671672821045e-01
3.139341175556182861e-01
3.157356679439544678e-01
3.175372779369354248e-01
3.193388879299163818e-01
3.211405277252197266e-01
3.229420781135559082e-01
3.247436881065368652e-01
3.265453577041625977e-01
3.283469080924987793e-01
3.301484584808349609e-01
3.319500684738159180e-01
3.337515890598297119e-01
3.427597582340240479e-01
3.445613682270050049e-01
3.463627696037292480e-01
3.481643795967102051e-01
3.499659895896911621e-01
3.517675995826721191e-01
3.535691201686859131e-01
3.553708195686340332e-01
3.571724295616149902e-01
3.589739501476287842e-01
3.607755601406097412e-01
3.625770807266235352e-01
3.643787801265716553e-01
3.661803007125854492e-01
3.679820001125335693e-01
3.697836995124816895e-01
3.715852200984954834e-01
3.733868300914764404e-01
3.751884400844573975e-01
3.769900500774383545e-01
3.787916600704193115e-01
3.805931806564331055e-01
3.823947906494140625e-01
3.841964900493621826e-01
3.859979212284088135e-01
3.877996206283569336e-01
3.896011412143707275e-01
3.914026618003845215e-01
4.004107117652893066e-01
4.022123217582702637e-01
4.040139317512512207e-01
4.058155417442321777e-01
4.076171517372131348e-01
4.094186723232269287e-01
4.112203717231750488e-01
4.130218923091888428e-01
4.148234128952026367e-01
4.166251122951507568e-01
4.184267222881317139e-01
4.202284216880798340e-01
4.220300316810607910e-01
4.238314628601074219e-01
4.256331622600555420e-01
4.274347722530364990e-01
4.292363822460174561e-01
4.310379922389984131e-01
4.328395128250122070e-01
4.346411228179931641e-01
4.364427328109741211e-01
4.382443428039550781e-01
4.400459527969360352e-01
4.418474733829498291e-01
4.436491727828979492e-01
4.454507827758789062e-01
4.472523033618927002e-01
4.490539133548736572e-01
4.580619633197784424e-01
4.598635733127593994e-01
4.616650938987731934e-01
4.634667038917541504e-01
4.652683138847351074e-01
4.670697450637817383e-01
4.688714444637298584e-01
4.706730544567108154e-01
4.724746644496917725e-01
4.742761850357055664e-01
4.760777950286865234e-01
4.778794944286346436e-01
4.796810150146484375e-01
4.814826250076293945e-01
4.832844138145446777e-01
4.850859344005584717e-01
4.868874549865722656e-01
4.886889755725860596e-01
4.904906749725341797e-01
4.922921955585479736e-01
4.940938949584960938e-01
4.958955049514770508e-01
4.976970255374908447e-01
4.994985461235046387e-01
5.013002157211303711e-01
5.031017661094665527e-01
5.049034357070922852e-01
5.067050457000732422e-01
5.157130956649780273e-01
5.175146460533142090e-01
5.193162560462951660e-01
5.211178660392761230e-01
5.229193568229675293e-01
5.247210860252380371e-01
5.265226960182189941e-01
5.283243060111999512e-01
5.301257967948913574e-01
5.319274067878723145e-01
5.337291359901428223e-01
5.355306267738342285e-01
5.373321771621704102e-01
5.391338467597961426e-01
5.409354567527770996e-01
5.427370071411132812e-01
5.445386171340942383e-01
5.463402271270751953e-01
5.481417179107666016e-01
5.499434471130371094e-01
5.517450571060180664e-01
5.535464882850646973e-01
5.553480982780456543e-01
5.571497678756713867e-01
5.589513182640075684e-01
5.607531070709228516e-01
5.625545978546142578e-01
5.643560290336608887e-01
5.733642578125000000e-01
5.751656889915466309e-01
5.769674181938171387e-01
5.787690281867980957e-01
5.805705189704895020e-01
5.823721289634704590e-01
5.841738581657409668e-01
5.859753489494323730e-01
5.877769589424133301e-01
5.895785093307495117e-01
5.913801193237304688e-01
5.931816101074218750e-01
5.949833989143371582e-01
5.967848300933837891e-01
5.985865592956542969e-01
6.003880500793457031e-01
6.021896004676818848e-01
6.039912700653076172e-01
6.057928800582885742e-01
6.075946092605590820e-01
6.093961000442504883e-01
6.111976504325866699e-01
6.129991412162780762e-01
6.148008704185485840e-01
6.166025400161743164e-01
6.184040904045104980e-01
6.202057003974914551e-01
6.220073103904724121e-01
6.310151219367980957e-01
6.328168511390686035e-01
6.346185803413391113e-01
6.364201903343200684e-01
6.382218003273010254e-01
6.400232911109924316e-01
6.418250799179077148e-01
6.436265110969543457e-01
6.454281210899353027e-01
6.472298502922058105e-01
6.490312814712524414e-01
6.508328914642333984e-01
6.526345014572143555e-01
6.544361114501953125e-01
6.562376022338867188e-01
6.580393314361572266e-01
6.598409414291381836e-01
6.616423130035400391e-01
6.634440422058105469e-01
6.652456521987915039e-01
6.670471429824829102e-01
6.688487529754638672e-01
6.706504821777343750e-01
6.724520325660705566e-01
6.742537021636962891e-01
6.760552525520324707e-01
6.778566241264343262e-01
6.796584725379943848e-01
6.886662840843200684e-01
6.904680132865905762e-01
6.922697424888610840e-01
6.940711140632629395e-01
6.958728432655334473e-01
6.976743340492248535e-01
6.994759440422058105e-01
7.012775540351867676e-01
7.030791640281677246e-01
7.048807740211486816e-01
7.066823244094848633e-01
7.084838151931762695e-01
7.102855443954467773e-01
7.120873332023620605e-01
7.138887643814086914e-01
7.156903743743896484e-01
7.174918651580810547e-01
7.192934155464172363e-01
7.210952043533325195e-01
7.228966951370239258e-01
7.246982455253601074e-01
7.264999151229858398e-01
7.283016443252563477e-01
7.301031351089477539e-01
7.319047451019287109e-01
7.337062954902648926e-01
7.355077862739562988e-01
7.373093962669372559e-01
7.463175654411315918e-01
7.481191754341125488e-01
7.499206662178039551e-01
7.517222762107849121e-01
7.535240054130554199e-01
7.553254961967468262e-01
7.571271061897277832e-01
7.589287161827087402e-01
7.607303261756896973e-01
7.625318765640258789e-01
7.643335461616516113e-01
7.661351561546325684e-01
7.679367661476135254e-01
7.697383761405944824e-01
7.715399861335754395e-01
7.733415365219116211e-01
7.751432061195373535e-01
7.769447565078735352e-01
7.787462472915649414e-01
7.805480360984802246e-01
7.823494672775268555e-01
7.841510772705078125e-01
7.859526872634887695e-01
7.877542972564697266e-01
7.895558476448059082e-01
7.913576364517211914e-01
7.931590676307678223e-01
7.949606776237487793e-01
8.039687275886535645e-01
8.057702183723449707e-01
8.075719475746154785e-01
8.093734383583068848e-01
8.111748099327087402e-01
8.129765987396240234e-01
8.147782087326049805e-01
8.165798783302307129e-01
8.183813095092773438e-01
8.201830387115478516e-01
8.219846487045288086e-01
8.237862586975097656e-01
8.255879282951354980e-01
8.273892998695373535e-01
8.291909694671630859e-01
8.309925198554992676e-01
8.327941894531250000e-01
8.345957994461059570e-01
8.363975286483764648e-01
8.381988406181335449e-01
8.400006294250488281e-01
8.418021798133850098e-01
8.436037898063659668e-01
8.454053997993469238e-01
8.472070097923278809e-01
8.490085005760192871e-01
8.508101105690002441e-01
8.526117205619812012e-01
8.616198897361755371e-01
8.634213805198669434e-01
8.652229905128479004e-01
8.670247197151184082e-01
8.688262104988098145e-01
8.706278204917907715e-01
8.724294304847717285e-01
8.742311596870422363e-01
8.760326504707336426e-01
8.778342008590698242e-01
8.796356916427612305e-01
8.814374208450317383e-01
8.832390308380126953e-01
8.850406408309936523e-01
8.868422508239746094e-01
8.886437416076660156e-01
8.904453516006469727e-01
8.922469615936279297e-01
8.940485715866088867e-01
8.958501219749450684e-01
8.976517915725708008e-01
8.994534015655517578e-01
9.012550115585327148e-01
9.030567407608032227e-01
9.048581719398498535e-01
9.066596627235412598e-01
9.084614515304565430e-01
9.102630019187927246e-01
9.192709326744079590e-01
9.210725426673889160e-01
9.228740334510803223e-01
9.246757626533508301e-01
9.264773130416870117e-01
9.282788038253784180e-01
9.300804138183593750e-01
9.318821430206298828e-01
9.336837530136108398e-01
9.354852437973022461e-01
9.372868537902832031e-01
9.390882849693298340e-01
9.408901929855346680e-01
9.426915645599365234e-01
9.444934129714965820e-01
9.462947845458984375e-01
9.480963945388793945e-01
9.498979449272155762e-01
9.516996145248413086e-01
9.535011649131774902e-01
9.553028345108032227e-01
9.571045637130737305e-01
9.589059948921203613e-01
9.607079029083251953e-01
9.625092148780822754e-01
9.643107056617736816e-01
9.661123156547546387e-01
9.679141640663146973e-01
9.769219756126403809e-01
9.787238240242004395e-01
9.805251955986022949e-01
9.823270440101623535e-01
9.841286540031433105e-01
9.859300255775451660e-01
9.877317547798156738e-01
9.895331859588623047e-01
9.913348555564880371e-01
9.931364655494689941e-01
9.949381947517395020e-01
9.967396855354309082e-01
9.985412955284118652e-01
1.000342726707458496e+00
1.002144455909729004e+00
1.003946065902709961e+00
1.005747675895690918e+00
1.007549285888671875e+00
1.009350776672363281e+00
1.011152267456054688e+00
1.012953877449035645e+00
1.014755487442016602e+00
1.016557216644287109e+00
1.018358707427978516e+00
1.020160436630249023e+00
1.021961927413940430e+00
1.023763537406921387e+00
1.025565147399902344e+00
1.034573197364807129e+00
1.036374807357788086e+00
1.038176298141479492e+00
1.039977908134460449e+00
1.041779518127441406e+00
1.043581247329711914e+00
1.045382738113403320e+00
1.047184348106384277e+00
1.048986077308654785e+00
1.050787448883056641e+00
1.052589178085327148e+00
1.054390668869018555e+00
1.056192159652709961e+00
1.057993888854980469e+00
1.059795618057250977e+00
1.061597108840942383e+00
1.063398599624633789e+00
1.065200328826904297e+00
1.067001819610595703e+00
1.068803429603576660e+00
1.070605039596557617e+00
1.072406649589538574e+00
1.074208378791809082e+00
1.076009750366210938e+00
1.077811479568481445e+00
1.079613089561462402e+00
1.081414699554443359e+00
1.083216309547424316e+00
1.092224359512329102e+00
1.094025969505310059e+00
1.095827579498291016e+00
1.097629070281982422e+00
1.099430918693542480e+00
1.101232409477233887e+00
1.103034019470214844e+00
1.104835510253906250e+00
1.106637120246887207e+00
1.108438849449157715e+00
1.110240340232849121e+00
1.112042069435119629e+00
1.113843321800231934e+00
1.115645170211791992e+00
1.117446660995483398e+00
1.119248270988464355e+00
1.121050000190734863e+00
1.122851490974426270e+00
1.124653220176696777e+00
1.126454710960388184e+00
1.128256201744079590e+00
1.130057930946350098e+00
1.131859421730041504e+00
1.133661150932312012e+00
1.135462641716003418e+00
1.137264370918273926e+00
1.139065742492675781e+00
1.140867471694946289e+00
1.149875402450561523e+00
1.151677131652832031e+00
1.153478622436523438e+00
1.155280351638793945e+00
1.157081604003906250e+00
1.158883571624755859e+00
1.160685062408447266e+00
1.162486553192138672e+00
1.164288282394409180e+00
1.166089534759521484e+00
1.167891502380371094e+00
1.169692993164062500e+00
1.171494722366333008e+00
1.173296213150024414e+00
1.175097703933715820e+00
1.176899194717407227e+00
1.178700804710388184e+00
1.180502414703369141e+00
1.182304143905639648e+00
1.184105634689331055e+00
1.185907602310180664e+00
1.187708854675292969e+00
1.189510583877563477e+00
1.191312074661254883e+00
1.193113684654235840e+00
1.194915294647216797e+00
1.196716904640197754e+00
1.198518514633178711e+00
1.207526564598083496e+00
1.209328293800354004e+00
1.211129903793334961e+00
1.212931513786315918e+00
1.214732766151428223e+00
1.216534733772277832e+00
1.218335986137390137e+00
1.220137953758239746e+00
1.221939444541931152e+00
1.223740935325622559e+00
1.225542664527893066e+00
1.227344155311584473e+00
1.229145884513854980e+00
1.230947375297546387e+00
1.232749104499816895e+00
1.234550356864929199e+00
1.236352086067199707e+00
1.238154053688049316e+00
1.239955306053161621e+00
1.241757035255432129e+00
1.243558526039123535e+00
1.245360016822814941e+00
1.247161746025085449e+00
1.248963236808776855e+00
1.250764966011047363e+00
1.252566456794738770e+00
1.254368185997009277e+00
1.256169676780700684e+00
1.265177726745605469e+00
1.266979336738586426e+00
1.268780708312988281e+00
1.270582199096679688e+00
1.272384166717529297e+00
1.274185657501220703e+00
1.275987386703491211e+00
1.277788877487182617e+00
1.279590368270874023e+00
1.281391859054565430e+00
1.283193469047546387e+00
1.284995317459106445e+00
1.286796689033508301e+00
1.288598537445068359e+00
1.290399909019470215e+00
1.292201757431030273e+00
1.294003248214721680e+00
1.295804738998413086e+00
1.297606468200683594e+00
1.299407958984375000e+00
1.301209688186645508e+00
1.303011059761047363e+00
1.304812908172607422e+00
1.306614398956298828e+00
1.308416008949279785e+00
1.310217618942260742e+00
1.312019348144531250e+00
1.313820719718933105e+00
1.322828888893127441e+00
1.324630498886108398e+00
1.326431870460510254e+00
1.328233718872070312e+00
1.330035448074340820e+00
1.331836938858032227e+00
1.333638668060302734e+00
1.335440039634704590e+00
1.337241530418395996e+00
1.339043378829956055e+00
1.340844750404357910e+00
1.342646241188049316e+00
1.344448208808898926e+00
1.346249699592590332e+00
1.348051190376281738e+00
1.349852919578552246e+00
1.351654648780822754e+00
1.353455901145935059e+00
1.355257511138916016e+00
1.357059001922607422e+00
1.358860731124877930e+00
1.360662341117858887e+00
1.362464308738708496e+00
1.364265561103820801e+00
1.366067171096801758e+00
1.367868781089782715e+00
1.369670391082763672e+00
1.371472239494323730e+00
