1.704847216606140137e-01
1.704707145690917969e-01
1.704567372798919678e-01
1.704427897930145264e-01
1.704287976026535034e-01
1.704147756099700928e-01
1.704007834196090698e-01
1.703868359327316284e-01
1.703728288412094116e-01
1.703588813543319702e-01
1.703448891639709473e-01
1.703309267759323120e-01
1.703169792890548706e-01
1.703029870986938477e-01
1.702890396118164062e-01
1.702750325202941895e-01
1.702610999345779419e-01
1.702470779418945312e-01
1.702331006526947021e-01
1.702191382646560669e-01
1.702051460742950439e-01
1.701911687850952148e-01
1.701772063970565796e-01
1.701632291078567505e-01
1.701492518186569214e-01
1.701353341341018677e-01
1.701213270425796509e-01
1.701073944568634033e-01
1.700375527143478394e-01
1.700235307216644287e-01
1.700096130371093750e-01
1.699956059455871582e-01
1.699816286563873291e-01
1.699676513671875000e-01
1.699536889791488647e-01
1.699396967887878418e-01
1.699257791042327881e-01
1.699118465185165405e-01
1.698978543281555176e-01
1.698838323354721069e-01
1.698698997497558594e-01
1.698559224605560303e-01
1.698419600725173950e-01
1.698280274868011475e-01
1.698140799999237061e-01
1.698000878095626831e-01
1.697861403226852417e-01
1.697721630334854126e-01
1.697581559419631958e-01
1.697442531585693359e-01
1.697302758693695068e-01
1.697162985801696777e-01
1.697023510932922363e-01
1.696884334087371826e-01
1.696744710206985474e-01
1.696605086326599121e-01
1.695906966924667358e-01
1.695767790079116821e-01
1.695627719163894653e-01
1.695488840341567993e-01
1.695349067449569702e-01
1.695209592580795288e-01
1.695070564746856689e-01
1.694930493831634521e-01
1.694790869951248169e-01
1.694651097059249878e-01
1.694512069225311279e-01
1.694372445344924927e-01
1.694232970476150513e-01
1.694093495607376099e-01
1.693953722715377808e-01
1.693814247846603394e-01
1.693674176931381226e-01
1.693535447120666504e-01
1.693395972251892090e-01
1.693256497383117676e-01
1.693116575479507446e-01
1.692977398633956909e-01
1.692837774753570557e-01
1.692698448896408081e-01
1.692558974027633667e-01
1.692419499158859253e-01
1.692280322313308716e-01
1.692140847444534302e-01
1.691443473100662231e-01
1.691303998231887817e-01
1.691164374351501465e-01
1.691025197505950928e-01
1.690885722637176514e-01
1.690746694803237915e-01
1.690607368946075439e-01
1.690467894077301025e-01
1.690328270196914673e-01
1.690188944339752197e-01
1.690049320459365845e-01
1.689909845590591431e-01
1.689770668745040894e-01
1.689630895853042603e-01
1.689492166042327881e-01
1.689352691173553467e-01
1.689212918281555176e-01
1.689074188470840454e-01
1.688934266567230225e-01
1.688794940710067749e-01
1.688655614852905273e-01
1.688516288995742798e-01
1.688377410173416138e-01
1.688237637281417847e-01
1.688098460435867310e-01
1.687958985567092896e-01
1.687819808721542358e-01
1.687680780887603760e-01
1.686984151601791382e-01
1.686844825744628906e-01
1.686705499887466431e-01
1.686566323041915894e-01
1.686426997184753418e-01
1.686287224292755127e-01
1.686148196458816528e-01
1.686008870601654053e-01
1.685869544744491577e-01
1.685730367898941040e-01
1.685591042041778564e-01
1.685451865196228027e-01
1.685312539339065552e-01
1.685173064470291138e-01
1.685034036636352539e-01
1.684895008802413940e-01
1.684755235910415649e-01
1.684617102146148682e-01
1.684477329254150391e-01
1.684338003396987915e-01
1.684199124574661255e-01
1.684059947729110718e-01
1.683920323848724365e-01
1.683780848979949951e-01
1.683641970157623291e-01
1.683502495288848877e-01
1.683363765478134155e-01
1.683224141597747803e-01
1.682528406381607056e-01
1.682389527559280396e-01
1.682250350713729858e-01
1.682111173868179321e-01
1.681971698999404907e-01
1.681832820177078247e-01
1.681692898273468018e-01
1.681554615497589111e-01
1.681415438652038574e-01
1.681275963783264160e-01
1.681136786937713623e-01
1.680997610092163086e-01
1.680858880281448364e-01
1.680719554424285889e-01
1.680580973625183105e-01
1.680441498756408691e-01
1.680302023887634277e-01
1.680163145065307617e-01
1.680024415254592896e-01
1.679884791374206543e-01
1.679745763540267944e-01
1.679606884717941284e-01
1.679468005895614624e-01
1.679328829050064087e-01
1.679189503192901611e-01
1.679050177335739136e-01
1.678911000490188599e-01
1.678772270679473877e-01
1.678077578544616699e-01
1.677938252687454224e-01
1.677798926830291748e-01
1.677660197019577026e-01
1.677521169185638428e-01
1.677382290363311768e-01
1.677243262529373169e-01
1.677104085683822632e-01
1.676965057849884033e-01
1.676826030015945435e-01
1.676686853170394897e-01
1.676547974348068237e-01
1.676408946514129639e-01
1.676270365715026855e-01
1.676131337881088257e-01
1.675992310047149658e-01
1.675853133201599121e-01
1.675714254379272461e-01
1.675575375556945801e-01
1.675436198711395264e-01
1.675297021865844727e-01
1.675158143043518066e-01
1.675019264221191406e-01
1.674880087375640869e-01
1.674741357564926147e-01
1.674602627754211426e-01
1.674463599920272827e-01
1.674324721097946167e-01
1.673629581928253174e-01
1.673491299152374268e-01
1.673352271318435669e-01
1.673213094472885132e-01
1.673074513673782349e-01
1.672935485839843750e-01
1.672796905040740967e-01
1.672657579183578491e-01
1.672518700361251831e-01
1.672379970550537109e-01
1.672241240739822388e-01
1.672102957963943481e-01
1.671963632106781006e-01
1.671824455261230469e-01
1.671686023473739624e-01
1.671546995639801025e-01
1.671408265829086304e-01
1.671269088983535767e-01
1.671130657196044922e-01
1.670991480350494385e-01
1.670852750539779663e-01
1.670713871717453003e-01
1.670574992895126343e-01
1.670436263084411621e-01
1.670297831296920776e-01
1.670158654451370239e-01
1.670019626617431641e-01
1.669880747795104980e-01
1.669187098741531372e-01
1.669048368930816650e-01
1.668909192085266113e-01
1.668770760297775269e-01
1.668631881475448608e-01
1.668493449687957764e-01
1.668354123830795288e-01
1.668215692043304443e-01
1.668076962232589722e-01
1.667937934398651123e-01
1.667799204587936401e-01
1.667660623788833618e-01
1.667521893978118896e-01
1.667382866144180298e-01
1.667244732379913330e-01
1.667105406522750854e-01
1.666967272758483887e-01
1.666828244924545288e-01
1.666689813137054443e-01
1.666550785303115845e-01
1.666412055492401123e-01
1.666273325681686401e-01
1.666134893894195557e-01
1.665996462106704712e-01
1.665857583284378052e-01
1.665718704462051392e-01
1.665580123662948608e-01
1.665441840887069702e-01
1.664748191833496094e-01
1.664609462022781372e-01
1.664470881223678589e-01
1.664332151412963867e-01
1.664193421602249146e-01
1.664054989814758301e-01
1.663916260004043579e-01
1.663777679204940796e-01
1.663639098405838013e-01
1.663500368595123291e-01
1.663361787796020508e-01
1.663223206996917725e-01
1.663084626197814941e-01
1.662945896387100220e-01
1.662807166576385498e-01
1.662668734788894653e-01
1.662530601024627686e-01
1.662391573190689087e-01
1.662253141403198242e-01
1.662114560604095459e-01
1.661975979804992676e-01
1.661837399005889893e-01
1.661698818206787109e-01
1.661559939384460449e-01
1.661421656608581543e-01
1.661283075809478760e-01
1.661144644021987915e-01
1.661006063222885132e-01
1.660312861204147339e-01
1.660175472497940063e-01
1.660036593675613403e-01
1.659897714853286743e-01
1.659759432077407837e-01
1.659620702266693115e-01
1.659482568502426147e-01
1.659343689680099487e-01
1.659205257892608643e-01
1.659066677093505859e-01
1.658928543329238892e-01
1.658789962530136108e-01
1.658651679754257202e-01
1.658512949943542480e-01
1.658374667167663574e-01
1.658236384391784668e-01
1.658097356557846069e-01
1.657959073781967163e-01
1.657820641994476318e-01
1.657682657241821289e-01
1.657543927431106567e-01
1.657405495643615723e-01
1.657266914844512939e-01
1.657128483057022095e-01
1.656990051269531250e-01
1.656851619482040405e-01
1.656713336706161499e-01
1.656574755907058716e-01
1.655882447957992554e-01
1.655744314193725586e-01
1.655605882406234741e-01
1.655467450618743896e-01
1.655329316854476929e-01
1.655190736055374146e-01
1.655052453279495239e-01
1.654913723468780518e-01
1.654775738716125488e-01
1.654637306928634644e-01
1.654499024152755737e-01
1.654360592365264893e-01
1.654222458600997925e-01
1.654084324836730957e-01
1.653945893049240112e-01
1.653807461261749268e-01
1.653669029474258423e-01
1.653530746698379517e-01
1.653392165899276733e-01
1.653254330158233643e-01
1.653115600347518921e-01
1.652977764606475830e-01
1.652839183807373047e-01
1.652701050043106079e-01
1.652562618255615234e-01
1.652424335479736328e-01
1.652285903692245483e-01
1.652147620916366577e-01
1.651456207036972046e-01
1.651317775249481201e-01
1.651179939508438110e-01
1.651041507720947266e-01
1.650903075933456421e-01
1.650764793157577515e-01
1.650627106428146362e-01
1.650488823652267456e-01
1.650350540876388550e-01
1.650212258100509644e-01
1.650073528289794922e-01
1.649935841560363770e-01
1.649797409772872925e-01
1.649659276008605957e-01
1.649520546197891235e-01
1.649383157491683960e-01
1.649244725704193115e-01
1.649106293916702271e-01
1.648968011140823364e-01
1.648830473423004150e-01
1.648692041635513306e-01
1.648553609848022461e-01
1.648415178060531616e-01
1.648277789354324341e-01
1.648138910531997681e-01
1.648001074790954590e-01
1.647862941026687622e-01
1.647724807262420654e-01
1.647033840417861938e-01
1.646895557641983032e-01
1.646757572889328003e-01
1.646619588136672974e-01
1.646481603384017944e-01
1.646343171596527100e-01
1.646205633878707886e-01
1.646067053079605103e-01
1.645928919315338135e-01
1.645791381597518921e-01
1.645652800798416138e-01
1.645514518022537231e-01
1.645376384258270264e-01
1.645239144563674927e-01
1.645100265741348267e-01
1.644962728023529053e-01
1.644824147224426270e-01
1.644686013460159302e-01
1.644548177719116211e-01
1.644409894943237305e-01
1.644271910190582275e-01
1.644134223461151123e-01
1.643996089696884155e-01
1.643858104944229126e-01
1.643719971179962158e-01
1.643581837415695190e-01
1.643444299697875977e-01
1.643305569887161255e-01
1.642615944147109985e-01
1.642477512359619141e-01
1.642339676618576050e-01
1.642201691865921021e-01
1.642063409090042114e-01
1.641926020383834839e-01
1.641787886619567871e-01
1.641649901866912842e-01
1.641512066125869751e-01
1.641374081373214722e-01
1.641235798597335815e-01
1.641098111867904663e-01
1.640960425138473511e-01
1.640822291374206543e-01
1.640683859586715698e-01
1.640545874834060669e-01
1.640408635139465332e-01
1.640270501375198364e-01
1.640132367610931396e-01
1.639994531869888306e-01
1.639856696128845215e-01
1.639719009399414062e-01
1.639581173658370972e-01
1.639443188905715942e-01
1.639305055141448975e-01
1.639167070388793945e-01
1.639028936624526978e-01
1.638891547918319702e-01
1.638201475143432617e-01
1.638063490390777588e-01
1.637925505638122559e-01
1.637787669897079468e-01
1.637649834156036377e-01
1.637512296438217163e-01
1.637374311685562134e-01
1.637236326932907104e-01
1.637098193168640137e-01
1.636960804462432861e-01
1.636823415756225586e-01
1.636685132980346680e-01
1.636546999216079712e-01
1.636409759521484375e-01
1.636271774768829346e-01
1.636133939027786255e-01
1.635996103286743164e-01
1.635858267545700073e-01
1.635720729827880859e-01
1.635582447052001953e-01
1.635444909334182739e-01
1.635307222604751587e-01
1.635169535875320435e-01
1.635031551122665405e-01
1.634894311428070068e-01
1.634755879640579224e-01
1.634618639945983887e-01
1.634480804204940796e-01
1.633792072534561157e-01
1.633653938770294189e-01
1.633515954017639160e-01
1.633378714323043823e-01
1.633240580558776855e-01
1.633103340864181519e-01
1.632965952157974243e-01
1.632827520370483398e-01
1.632690429687500000e-01
1.632552742958068848e-01
1.632414609193801880e-01
1.632276922464370728e-01
1.632139533758163452e-01
1.632001101970672607e-01
1.631864011287689209e-01
1.631725877523422241e-01
1.631588339805603027e-01
1.631450653076171875e-01
1.631313115358352661e-01
1.631175726652145386e-01
1.631037443876266479e-01
1.630899757146835327e-01
1.630762666463851929e-01
1.630624830722808838e-01
1.630487442016601562e-01
1.630349457263946533e-01
1.630211770534515381e-01
1.630074083805084229e-01
1.629386097192764282e-01
1.629248261451721191e-01
1.629110574722290039e-01
1.628973186016082764e-01
1.628835499286651611e-01
1.628697663545608521e-01
1.628560423851013184e-01
1.628422886133193970e-01
1.628284901380538940e-01
1.628147810697555542e-01
1.628010123968124390e-01
1.627872288227081299e-01
1.627734899520874023e-01
1.627596914768218994e-01
1.627459824085235596e-01
1.627322137355804443e-01
1.627184748649597168e-01
1.627046912908554077e-01
1.626909673213958740e-01
1.626771539449691772e-01
1.626634448766708374e-01
1.626496613025665283e-01
1.626359224319458008e-01
1.626221686601638794e-01
1.626084595918655396e-01
1.625946909189224243e-01
1.625809073448181152e-01
1.625671684741973877e-01
1.624984443187713623e-01
1.624846607446670532e-01
1.624709367752075195e-01
1.624571979045867920e-01
1.624434441328048706e-01
1.624296456575393677e-01
1.624159514904022217e-01
1.624021381139755249e-01
1.623884588479995728e-01
1.623747497797012329e-01
1.623609811067581177e-01
1.623472124338150024e-01
1.623335033655166626e-01
1.623197495937347412e-01
1.623060405254364014e-01
1.622922867536544800e-01
1.622784882783889771e-01
1.622647941112518311e-01
1.622510552406311035e-01
1.622372567653656006e-01
1.622235476970672607e-01
1.622098088264465332e-01
1.621960699558258057e-01
1.621823012828826904e-01
1.621685773134231567e-01
1.621548533439636230e-01
1.621411144733428955e-01
1.621273905038833618e-01
1.620586663484573364e-01
1.620449572801589966e-01
1.620311886072158813e-01
1.620174944400787354e-01
1.620037108659744263e-01
1.619899421930313110e-01
1.619762778282165527e-01
1.619625240564346313e-01
1.619488149881362915e-01
1.619350761175155640e-01
1.619213372468948364e-01
1.619075685739517212e-01
1.618938893079757690e-01
1.618801206350326538e-01
1.618664413690567017e-01
1.618526428937911987e-01
1.618389189243316650e-01
1.618252098560333252e-01
1.618114858865737915e-01
1.617977172136306763e-01
1.617840379476547241e-01
1.617703288793563843e-01
1.617565453052520752e-01
1.617428511381149292e-01
1.617291271686553955e-01
1.617154330015182495e-01
1.617016941308975220e-01
1.616879552602767944e-01
1.616193652153015137e-01
1.616055816411972046e-01
1.615919172763824463e-01
1.615781784057617188e-01
1.615644544363021851e-01
1.615507304668426514e-01
1.615370512008666992e-01
1.615232825279235840e-01
1.615095585584640503e-01
1.614958196878433228e-01
1.614821404218673706e-01
1.614684313535690308e-01
1.614546924829483032e-01
1.614409983158111572e-01
1.614273190498352051e-01
1.614135503768920898e-01
1.613997966051101685e-01
1.613861322402954102e-01
1.613723635673522949e-01
1.613586992025375366e-01
1.613449752330780029e-01
1.613312214612960815e-01
1.613175123929977417e-01
1.613038480281829834e-01
1.612901091575622559e-01
1.612763553857803345e-01
1.612626463174819946e-01
1.612490266561508179e-01
1.611804068088531494e-01
1.611666977405548096e-01
1.611529737710952759e-01
1.611392647027969360e-01
1.611255854368209839e-01
1.611118465662002563e-01
1.610981673002243042e-01
1.610844433307647705e-01
1.610707342624664307e-01
1.610569953918457031e-01
1.610433757305145264e-01
1.610296070575714111e-01
1.610159128904342651e-01
1.610022038221359253e-01
1.609885245561599731e-01
1.609748452901840210e-01
1.609610915184020996e-01
1.609474122524261475e-01
1.609336733818054199e-01
1.609199643135070801e-01
1.609062999486923218e-01
1.608926057815551758e-01
1.608788520097732544e-01
1.608651578426361084e-01
1.608514934778213501e-01
1.608377695083618164e-01
1.608240604400634766e-01
1.608103662729263306e-01
1.607418954372406006e-01
1.607282161712646484e-01
1.607145220041275024e-01
1.607008278369903564e-01
1.606871485710144043e-01
1.606734395027160645e-01
1.606597006320953369e-01
1.606460511684417725e-01
1.606323122978210449e-01
1.606186181306838989e-01
1.606049686670303345e-01
1.605912595987319946e-01
1.605775356292724609e-01
1.605637967586517334e-01
1.605501621961593628e-01
1.605364978313446045e-01
1.605227589607238770e-01
1.605091840028762817e-01
1.604954004287719727e-01
1.604817807674407959e-01
1.604680716991424561e-01
1.604543924331665039e-01
1.604406386613845825e-01
1.604269593954086304e-01
1.604133248329162598e-01
1.603996157646179199e-01
1.603859215974807739e-01
1.603721827268600464e-01
1.603037714958190918e-01
1.602901369333267212e-01
1.602764129638671875e-01
1.602627635002136230e-01
1.602490395307540894e-01
1.602353453636169434e-01
1.602216958999633789e-01
1.602080166339874268e-01
1.601943224668502808e-01
1.601806282997131348e-01
1.601669490337371826e-01
1.601532846689224243e-01
1.601396054029464722e-01
1.601258814334869385e-01
1.601122617721557617e-01
1.600985974073410034e-01
1.600848883390426636e-01
1.600712090730667114e-01
1.600575149059295654e-01
1.600438803434371948e-01
1.600302010774612427e-01
1.600165367126464844e-01
1.600027978420257568e-01
1.599891185760498047e-01
1.599754840135574341e-01
1.599618047475814819e-01
1.599481403827667236e-01
1.599344313144683838e-01
1.598661690950393677e-01
1.598524451255798340e-01
1.598387658596038818e-01
1.598251610994338989e-01
1.598114669322967529e-01
1.597977876663208008e-01
1.597840785980224609e-01
1.597704440355300903e-01
1.597567647695541382e-01
1.597430855035781860e-01
1.597294360399246216e-01
1.597158014774322510e-01
1.597020775079727173e-01
1.596883833408355713e-01
1.596747785806655884e-01
1.596611291170120239e-01
1.596474349498748779e-01
1.596337705850601196e-01
1.596200913190841675e-01
1.596063971519470215e-01
1.595927625894546509e-01
1.595791578292846680e-01
1.595654934644699097e-01
1.595517843961715698e-01
1.595381349325180054e-01
1.595244556665420532e-01
1.595108509063720703e-01
1.594971269369125366e-01
1.594288051128387451e-01
1.594151854515075684e-01
1.594015359878540039e-01
1.593878716230392456e-01
1.593741923570632935e-01
1.593604832887649536e-01
1.593468338251113892e-01
1.593332737684249878e-01
1.593195497989654541e-01
1.593059003353118896e-01
1.592922359704971313e-01
1.592786163091659546e-01
1.592649668455123901e-01
1.592513024806976318e-01
1.592377126216888428e-01
1.592240482568740845e-01
1.592103689908981323e-01
1.591967046260833740e-01
1.591830700635910034e-01
1.591694056987762451e-01
1.591557562351226807e-01
1.591420620679855347e-01
1.591284424066543579e-01
1.591148376464843750e-01
1.591011434793472290e-01
1.590875238180160522e-01
1.590738445520401001e-01
1.590601950883865356e-01
1.589920222759246826e-01
1.589783728122711182e-01
1.589646786451339722e-01
1.589510738849639893e-01
1.589373946189880371e-01
1.589238345623016357e-01
1.589100658893585205e-01
1.588964611291885376e-01
1.588828265666961670e-01
1.588692367076873779e-01
1.588555276393890381e-01
1.588419228792190552e-01
1.588282585144042969e-01
1.588146239519119263e-01
1.588010042905807495e-01
1.587872952222824097e-01
1.587737053632736206e-01
1.587601006031036377e-01
1.587464511394500732e-01
1.587327718734741211e-01
1.587191075086593628e-01
1.587055325508117676e-01
1.586919128894805908e-01
1.586782932281494141e-01
1.586646139621734619e-01
1.586510241031646729e-01
1.586373299360275269e-01
1.586236953735351562e-01
1.585555225610733032e-01
1.585419028997421265e-01
1.585282683372497559e-01
1.585146337747573853e-01
1.585010439157485962e-01
1.584873795509338379e-01
1.584737151861190796e-01
1.584601402282714844e-01
1.584465056657791138e-01
1.584327965974807739e-01
1.584191769361495972e-01
1.584055870771408081e-01
1.583919525146484375e-01
1.583783179521560669e-01
1.583647280931472778e-01
1.583510637283325195e-01
1.583374440670013428e-01
1.583238244056701660e-01
1.583102494478225708e-01
1.582965403795242310e-01
1.582829654216766357e-01
1.582693308591842651e-01
1.582556813955307007e-01
1.582420617341995239e-01
1.582284271717071533e-01
1.582148224115371704e-01
1.582012176513671875e-01
1.581875979900360107e-01
