38.64837265
-26.87616730
53.72866440
-13.97127342
19.30134392
77.47111511
96.50101471
72.56546783
78.12574768
-2.15419412
4.56837940
6.31664371
-44.00669098
-49.25141907
87.88370514
51.86175156
-8.32877541
73.50149536
29.92420197
-79.77919769
24.83773232
-36.07489395
-6.13095188
92.69748688
118.69108582
85.25838470
96.92345428
-31.50515366
41.42812729
123.45854950
-25.46609116
49.23861313
71.85388184
10.45347214
13.30256844
-100.45623016
-54.22846222
31.42055321
4.27657413
52.34022522
-64.01193237
4.83310890
134.93463135
47.82728195
38.30733490
-50.48888016
-62.19189072
127.41057587
12.66532040
55.99916077
21.35939217
-110.37279510
-8.48451805
-69.80048370
39.97228241
-78.04215240
81.01570129
65.85051727
37.11891556
-15.20512009
-45.58684540
88.97683716
38.20587540
100.47609711
3.03074288
57.31486130
-31.98231697
36.62623215
-12.88235950
7.90816450
-53.12999344
-49.12802505
-58.24267960
45.86286163
0.91747195
36.74766159
-13.36805534
97.59191895
72.89454651
-59.42173386
58.20064163
-15.88483524
8.56818199
36.10720444
